<------------ GEN 1--------------->
Chromsome [0]: (809.2)1.05243437274, 61.933900358, 164773.392737, 7.4730178071, 1904.01755054, 
Chromsome [1]: (805.2)4.82646991444, 76.726096622, 23405.3662903, 29.4266904121, 1840.47943978, 
Chromsome [2]: (802.1)3.40783795263, 84.4513898682, 10001.258572, 0.698335892404, 1901.96870652, 
Chromsome [3]: (729.7)10.2820473246, 72.0936049067, 3430.31069471, 0.370042729681, 2975.83547651, 
Chromsome [4]: (723.5)13.3138541027, 41.5882919755, 64983.1981089, 14.0476883644, 2559.92099474, 
<------------ GEN 2--------------->
Chromsome [0]: (815.733333333)-24.2765295343, -62.236469802, -140534.972914, 7.4730178071, 1904.01755054, 
Chromsome [1]: (763.5)4.82646991444, 76.726096622, 3430.31069471, 9.4080718676, 2975.83547651, 
Chromsome [2]: (755.133333333)1.05243437274, 61.933900358, 50987.1416212, 21.3726520625, 1766.04584371, 
Chromsome [3]: (755.133333333)1.05243437274, 61.933900358, 164773.392737, 7.4730178071, 1904.01755054, 
Chromsome [4]: (753.333333333)4.82646991444, -150.139746017, 23405.3662903, 29.4266904121, 1840.47943978, 
<------------ GEN 3--------------->
Chromsome [0]: (836.833333333)-81.0265185409, 61.933900358, 164773.392737, 7.4730178071, 1904.01755054, 
Chromsome [1]: (836.833333333)-24.2765295343, -62.236469802, -140534.972914, 7.4730178071, 1904.01755054, 
Chromsome [2]: (786.233333333)1.05243437274, 61.933900358, 50987.1416212, 21.3726520625, 1766.04584371, 
Chromsome [3]: (779.233333333)4.82646991444, 76.726096622, 3430.31069471, 9.4080718676, 2975.83547651, 
Chromsome [4]: (751.866666667)4.82646991444, -29.8602539833, 23405.3662903, 29.4266904121, 1840.47943978, 
<------------ GEN 4--------------->
Chromsome [0]: (817.5)-81.0265185409, 61.933900358, 164773.392737, 7.4730178071, 1904.01755054, 
Chromsome [1]: (767.566666667)1.05243437274, 61.933900358, 50987.1416212, 21.3726520625, 1904.01755054, 
Chromsome [2]: (748.733333333)4.82646991444, 76.726096622, 132772.403973, 9.4080718676, 1840.47943978, 
Chromsome [3]: (724.333333333)3.76472780513, -0.106498010485, 158319.288508, 21.7871947613, 2559.92099474, 
Chromsome [4]: (708.7)13.3138541027, 41.5882919755, 168904.949403, 5.21482491788, 1901.96870652, 
<------------ GEN 5--------------->
Chromsome [0]: (814.033333333)-81.0265185409, 61.933900358, 164773.392737, 7.4730178071, 1904.01755054, 
Chromsome [1]: (745.733333333)4.82646991444, 76.726096622, 229113.827954, 9.4080718676, 1840.47943978, 
Chromsome [2]: (733.4)1.05243437274, 61.933900358, 50987.1416212, 21.3726520625, 1904.01755054, 
Chromsome [3]: (726.1)7.56103619891, 19.1326143443, 34811.8645312, 21.3726520625, 1820.61595118, 
Chromsome [4]: (717.966666667)7.11888830581, 72.0936049067, 23405.3662903, 5.75947062374, 2975.83547651, 
<------------ GEN 6--------------->
Chromsome [0]: (797.8)-81.0265185409, 61.933900358, 164773.392737, 7.4730178071, 1904.01755054, 
Chromsome [1]: (722.033333333)4.82646991444, 76.726096622, 130886.172046, 9.4080718676, 1792.0755073, 
Chromsome [2]: (699.266666667)7.56103619891, -59.2465507417, 23405.3662903, 2.88767833823, 2511.46094401, 
Chromsome [3]: (696.466666667)1.05243437274, 61.933900358, 50987.1416212, 21.3726520625, 1904.01755054, 
Chromsome [4]: (694.466666667)7.56103619891, 19.1326143443, 89251.2977624, 21.3726520625, 2559.92099474, 
<------------ GEN 7--------------->
Chromsome [0]: (785.666666667)-81.0265185409, 61.933900358, 164773.392737, 7.4730178071, 1904.01755054, 
Chromsome [1]: (652.0)1.05243437274, 61.933900358, 23978.4122282, 23.2194593553, 2559.92099474, 
Chromsome [2]: (651.966666667)7.56103619891, -59.1872273957, 109598.846562, 21.3726520625, 1820.61595118, 
Chromsome [3]: (651.233333333)7.56103619891, 19.1326143443, 82241.7521311, 7.4730178071, 1904.01755054, 
Chromsome [4]: (646.166666667)7.56103619891, 69.6533367872, 167851.978955, 5.21482491788, 1908.8501551, 
<------------ GEN 8--------------->
Chromsome [0]: (780.133333333)-25.6061182973, 8.16398422735, 23405.3662903, 5.75947062374, 2975.83547651, 
Chromsome [1]: (780.133333333)-81.0265185409, 61.933900358, 164773.392737, 7.4730178071, 1904.01755054, 
Chromsome [2]: (645.4)7.56103619891, 61.933900358, 23978.4122282, 28.1333470614, 2559.92099474, 
Chromsome [3]: (642.833333333)7.56103619891, -59.1872273957, 84944.6443114, 35.7162948046, 1820.61595118, 
Chromsome [4]: (614.133333333)18.933491021, 22.1749525508, 122203.503003, 13.9690210285, 2854.6210517, 
<------------ GEN 9--------------->
Chromsome [0]: (779.866666667)-13.4390834323, 84.4513898682, 10001.258572, 23.0583796519, 1008.24266894, 
Chromsome [1]: (779.866666667)-25.6061182973, 8.16398422735, 23405.3662903, 5.75947062374, 2975.83547651, 
Chromsome [2]: (626.8)7.56103619891, 61.933900358, 167851.978955, 5.21482491788, 1908.8501551, 
Chromsome [3]: (626.8)7.56103619891, 61.933900358, 164773.392737, 7.4730178071, 1904.01755054, 
Chromsome [4]: (616.6)18.933491021, 22.1749525508, 122203.503003, 13.9690210285, 2854.6210517, 
<------------ GEN 10--------------->
Chromsome [0]: (764.166666667)-13.4390834323, 84.4513898682, 10001.258572, 23.0583796519, 1008.24266894, 
Chromsome [1]: (655.6)7.56103619891, -27.8351485695, 164773.392737, 7.4730178071, 1904.01755054, 
Chromsome [2]: (650.8)7.56103619891, 61.933900358, 164773.392737, 7.4730178071, 1908.8501551, 
Chromsome [3]: (650.8)7.56103619891, 61.933900358, 167851.978955, 3.32894806392, 1904.01755054, 
Chromsome [4]: (645.466666667)10.2820473246, -39.4167288031, 172590.251444, 25.6547264722, 1562.65058127, 
<------------ GEN 11--------------->
Chromsome [0]: (787.633333333)-4.26433433408, -1.03950623506, 154620.818224, 7.4730178071, 1908.8501551, 
Chromsome [1]: (787.633333333)-15.471796475, 13.7520273919, 124531.202999, 41.1125390773, 1429.18295511, 
Chromsome [2]: (787.633333333)-139.78174286, -0.106498010485, 56563.0582105, 52.5621091411, 5119.81976495, 
Chromsome [3]: (787.633333333)-13.4390834323, 84.4513898682, 10001.258572, 23.0583796519, 1008.24266894, 
Chromsome [4]: (687.6)7.56103619891, -27.8351485695, 36248.8618016, 7.4730178071, 1904.01755054, 
<------------ GEN 12--------------->
Chromsome [0]: (756.833333333)-4.26433433408, -1.03950623506, 154620.818224, 7.4730178071, 1908.8501551, 
Chromsome [1]: (666.766666667)4.32261639753, 65.7792443722, 23978.4122282, 3.90083875728, 1283.17314694, 
Chromsome [2]: (641.7)7.56103619891, -27.8351485695, 36248.8618016, 8.59302613577, 1453.11293589, 
Chromsome [3]: (636.966666667)7.56103619891, 61.933900358, 59643.2650959, 13.9240000093, 2975.83547651, 
Chromsome [4]: (626.233333333)10.2820473246, 38.1856940046, 168904.949403, 21.9271441748, 1904.01755054, 
<------------ GEN 13--------------->
Chromsome [0]: (767.266666667)-4.26433433408, -1.03950623506, 154620.818224, 7.4730178071, 1908.8501551, 
Chromsome [1]: (650.4)18.933491021, 63.3986760406, -239615.15211, 16.3969004311, 2513.74914123, 
Chromsome [2]: (649.3)5.72413081959, 84.4513898682, 10001.258572, 23.0583796519, 1008.24266894, 
Chromsome [3]: (647.633333333)4.32261639753, 65.7792443722, 71155.3291576, 3.90083875728, 1583.95603138, 
Chromsome [4]: (641.366666667)7.56103619891, -27.8351485695, 36248.8618016, 8.59302613577, 2321.3538913, 
<------------ GEN 14--------------->
Chromsome [0]: (764.066666667)-4.26433433408, -1.03950623506, 154620.818224, 7.4730178071, 1908.8501551, 
Chromsome [1]: (662.466666667)13.6390834323, -16.5564089415, -18426.3584908, 4.36471062796, 1904.01755054, 
Chromsome [2]: (647.0)4.32261639753, 65.7792443722, 71155.3291576, 3.90083875728, 1156.86410966, 
Chromsome [3]: (637.766666667)5.72413081959, 84.4513898682, 10001.258572, 23.0583796519, 1825.82956107, 
Chromsome [4]: (628.3)54.2090662334, -78.4622438217, -141808.316061, 0.546831632104, 2163.56046762, 
<------------ GEN 15--------------->
Chromsome [0]: (762.5)-57.4682097183, -71.4436305562, 95391.4042713, 23.0583796519, 1283.17314694, 
Chromsome [1]: (762.5)-4.26433433408, -1.03950623506, 154620.818224, 7.4730178071, 1908.8501551, 
Chromsome [2]: (667.6)4.32261639753, -72.9783611696, 58620.2911382, 27.2734955496, 2381.66807853, 
Chromsome [3]: (660.6)13.6390834323, 66.4639819392, -94995.6891085, 9.84719516044, 2726.42651995, 
Chromsome [4]: (660.466666667)10.2820473246, 38.1856940046, -113594.062931, 13.3230745838, 2336.15294561, 
<------------ GEN 16--------------->
Chromsome [0]: (765.966666667)-57.4682097183, -71.4436305562, 95391.4042713, 23.0583796519, 1283.17314694, 
Chromsome [1]: (674.266666667)16.2406640758, -8.29979874864, -5842.69092681, 7.4730178071, 1908.8501551, 
Chromsome [2]: (660.933333333)54.2090662334, 24.6325422912, -22820.2453078, 7.4730178071, 1908.8501551, 
Chromsome [3]: (657.0)4.32261639753, -72.9783611696, 58620.2911382, 4.03627354322, 1156.86410966, 
Chromsome [4]: (657.0)4.32261639753, -72.9783611696, 58620.2911382, 27.2734955496, 2381.66807853, 
<------------ GEN 17--------------->
Chromsome [0]: (785.833333333)-57.4682097183, -71.4436305562, 95391.4042713, 23.0583796519, 1283.17314694, 
Chromsome [1]: (670.6)4.32261639753, -72.9783611696, 58620.2911382, 4.03627354322, 1156.86410966, 
Chromsome [2]: (668.366666667)5.98346407733, -25.7092421189, 10001.258572, 27.2734955496, 500.548613247, 
Chromsome [3]: (608.366666667)4.46433433408, -1.03950623506, 154620.818224, 0.546831632104, 2163.56046762, 
Chromsome [4]: (605.5)4.32261639753, 47.2187798267, 95391.4042713, 23.0583796519, 1283.17314694, 
<------------ GEN 18--------------->
Chromsome [0]: (790.2)-57.4682097183, -71.4436305562, 95391.4042713, 23.0583796519, 1283.17314694, 
Chromsome [1]: (686.033333333)4.32261639753, -72.9783611696, 58620.2911382, 4.03627354322, 1156.86410966, 
Chromsome [2]: (684.1)4.32261639753, -72.9783611696, 161788.057358, 22.2347304986, 780.78018978, 
Chromsome [3]: (663.566666667)15.8879268136, 17.5977500849, 41833.1863331, 7.65750352578, 1193.54035973, 
Chromsome [4]: (659.3)2.52877094121, -25.7092421189, 10001.258572, 27.2734955496, 1908.8501551, 
<------------ GEN 19--------------->
Chromsome [0]: (788.833333333)-57.4682097183, -71.4436305562, 95391.4042713, 23.0583796519, 1283.17314694, 
Chromsome [1]: (673.7)4.32261639753, -72.9783611696, 58620.2911382, 4.03627354322, 1336.99267681, 
Chromsome [2]: (671.766666667)4.32261639753, -72.9783611696, 161788.057358, 22.2347304986, 1283.17314694, 
Chromsome [3]: (644.3)15.8879268136, 17.5977500849, 41833.1863331, 7.65750352578, 1193.54035973, 
Chromsome [4]: (644.3)15.8879268136, 17.5977500849, 154066.600678, 32.4419157243, 1001.8033234, 
<------------ GEN 20--------------->
Chromsome [0]: (804.8)-57.4682097183, -71.4436305562, 95391.4042713, 23.0583796519, 1283.17314694, 
Chromsome [1]: (706.833333333)1.65616848527, -20.0240345032, 10001.258572, 12.2781721976, 2897.29111944, 
Chromsome [2]: (703.5)4.32261639753, -72.9783611696, 161788.057358, 22.2347304986, 1283.17314694, 
Chromsome [3]: (703.5)4.32261639753, -72.9783611696, 58620.2911382, 4.03627354322, 1336.99267681, 
Chromsome [4]: (660.3)2.52877094121, -28.2906911056, 6756.92565747, 31.2064181961, 1193.54035973, 
<------------ GEN 21--------------->
Chromsome [0]: (802.133333333)-57.4682097183, -71.4436305562, 95391.4042713, 23.0583796519, 1283.17314694, 
Chromsome [1]: (731.366666667)2.52877094121, -28.2906911056, 6756.92565747, 0.546831632104, 1913.00437828, 
Chromsome [2]: (722.333333333)4.32261639753, -72.9783611696, 11022.2443402, 4.03627354322, 1336.99267681, 
Chromsome [3]: (721.933333333)4.46433433408, 72.969543997, 79992.7998984, 11.1511122776, 2975.83547651, 
Chromsome [4]: (712.633333333)1.65616848527, -20.0240345032, 92651.8126393, 7.65750352578, 2559.92099474, 
<------------ GEN 22--------------->
Chromsome [0]: (826.3)-57.4682097183, -71.4436305562, 95391.4042713, 23.0583796519, 1283.17314694, 
Chromsome [1]: (769.5)1.65616848527, -48.6875655538, 41833.1863331, 12.2781721976, 2897.29111944, 
Chromsome [2]: (713.8)2.52877094121, -72.9783611696, 63441.7094644, 4.03627354322, 1336.99267681, 
Chromsome [3]: (709.1)4.32261639753, 37.5447336005, 158708.496661, 22.2347304986, 2775.97465919, 
Chromsome [4]: (709.1)4.32261639753, 38.608604429, 151399.16703, 25.8065577354, 2144.3727062, 
<------------ GEN 23--------------->
Chromsome [0]: (789.966666667)-57.4682097183, -71.4436305562, 95391.4042713, 23.0583796519, 1283.17314694, 
Chromsome [1]: (729.666666667)1.65616848527, -48.6875655538, 41833.1863331, 12.2781721976, 2897.29111944, 
Chromsome [2]: (727.866666667)1.65616848527, -48.6875655538, 105046.74417, 20.2403483202, 2387.42137966, 
Chromsome [3]: (660.733333333)2.52877094121, -72.9783611696, 122586.304945, 4.03627354322, 752.91604854, 
Chromsome [4]: (657.233333333)4.32261639753, 37.5447336005, 158708.496661, 22.2347304986, 2775.97465919, 
<------------ GEN 24--------------->
Chromsome [0]: (790.033333333)-57.4682097183, -71.4436305562, 95391.4042713, 23.0583796519, 1283.17314694, 
Chromsome [1]: (718.566666667)1.65616848527, 58.791427188, 126810.44332, 23.0583796519, 2320.41395712, 
Chromsome [2]: (717.533333333)1.65616848527, -34.1111242866, 41833.1863331, 12.2781721976, 2897.29111944, 
Chromsome [3]: (714.266666667)1.65616848527, -48.6875655538, 105046.74417, 22.2347304986, 1175.67186098, 
Chromsome [4]: (646.733333333)2.52877094121, -72.9783611696, 95391.4042713, 23.0583796519, 1283.17314694, 
<------------ GEN 25--------------->
Chromsome [0]: (806.666666667)-51.3659646353, -72.9783611696, 95391.4042713, 23.0583796519, 1283.17314694, 
Chromsome [1]: (806.666666667)-12.8168959122, -3.25395963975, 53764.7125143, 11.5274986312, 1913.00437828, 
Chromsome [2]: (806.666666667)-57.4682097183, -71.4436305562, 95391.4042713, 23.0583796519, 1283.17314694, 
Chromsome [3]: (749.033333333)1.65616848527, 58.791427188, 35291.8259671, -13.324226003, -564.049737054, 
Chromsome [4]: (735.466666667)1.65616848527, -48.6875655538, 79992.7998984, 18.651159491, 2572.20740911, 
<------------ GEN 26--------------->
Chromsome [0]: (823.8)-51.3659646353, -72.9783611696, 95391.4042713, 23.0583796519, 1283.17314694, 
Chromsome [1]: (781.366666667)1.65616848527, 58.791427188, 35291.8259671, 14.4459775322, 2962.60348858, 
Chromsome [2]: (777.866666667)1.65616848527, 91.2907871528, 127781.693375, 5.65368034104, 2559.92099474, 
Chromsome [3]: (760.1)2.52877094121, -2.90674438225, 152861.002562, 0.778070108996, 1249.48632771, 
Chromsome [4]: (713.466666667)15.8879268136, 66.7572424924, -59164.4266375, 11.5274986312, 1913.00437828, 
<------------ GEN 27--------------->
Chromsome [0]: (818.333333333)-51.3659646353, -72.9783611696, 95391.4042713, 23.0583796519, 1283.17314694, 
Chromsome [1]: (781.4)1.65616848527, -150.244276025, 80948.5173388, 25.0301518235, 2633.30918581, 
Chromsome [2]: (779.0)1.65616848527, 58.791427188, 35291.8259671, 14.4459775322, 2962.60348858, 
Chromsome [3]: (757.633333333)2.52877094121, -2.90674438225, 152861.002562, 0.778070108996, 1249.48632771, 
Chromsome [4]: (699.533333333)13.0168959122, -3.25395963975, 72670.6524853, 14.5721124723, 1518.81450716, 
<------------ GEN 28--------------->
Chromsome [0]: (808.133333333)-51.3659646353, -72.9783611696, 95391.4042713, 23.0583796519, 1283.17314694, 
Chromsome [1]: (748.7)1.65616848527, 58.791427188, 35291.8259671, 14.4459775322, 2962.60348858, 
Chromsome [2]: (746.266666667)1.65616848527, -29.7557239755, 53764.7125143, 11.5274986312, 979.26998093, 
Chromsome [3]: (717.566666667)2.52877094121, -2.90674438225, 152861.002562, 0.778070108996, 1249.48632771, 
Chromsome [4]: (717.566666667)2.52877094121, -2.90674438225, 152861.002562, 4.07866330764, 800.398875882, 
<------------ GEN 29--------------->
Chromsome [0]: (798.566666667)-51.3659646353, -72.9783611696, 95391.4042713, 23.0583796519, 1283.17314694, 
Chromsome [1]: (746.833333333)1.65616848527, 67.2729006773, 82383.4469034, 5.40568226279, 2775.97465919, 
Chromsome [2]: (746.833333333)1.65616848527, 58.791427188, 74003.1901684, 0.778070108996, 1249.48632771, 
Chromsome [3]: (717.966666667)2.52877094121, 2.81572088554, 152861.002562, 14.4459775322, 2962.60348858, 
Chromsome [4]: (711.666666667)2.52877094121, 56.0379541087, 152861.002562, 14.2786662913, 800.398875882, 
<------------ GEN 30--------------->
Chromsome [0]: (800.5)-5.83224979369, 38.608604429, 45467.8676875, 22.2347304986, 2290.05967316, 
Chromsome [1]: (800.5)-3.00485565113, 30.3223949081, 152861.002562, 14.4459775322, 2962.60348858, 
Chromsome [2]: (800.5)-51.3659646353, -72.9783611696, 95391.4042713, 23.0583796519, 1283.17314694, 
Chromsome [3]: (731.233333333)1.65616848527, 58.791427188, 74003.1901684, 0.778070108996, 1249.48632771, 
Chromsome [4]: (696.7)2.52877094121, 56.0379541087, 130735.806458, 14.2786662913, 2050.67385677, 
<------------ GEN 31--------------->
Chromsome [0]: (790.133333333)-5.83224979369, 38.608604429, 45467.8676875, 22.2347304986, 2290.05967316, 
Chromsome [1]: (735.1)3.20485565113, 30.3223949081, -40411.9102555, 14.7587223037, 2962.60348858, 
Chromsome [2]: (733.466666667)1.65616848527, 58.791427188, 29499.6063883, 0.778070108996, 1249.48632771, 
Chromsome [3]: (722.1)2.99876873792, -85.7497968978, 75084.8336868, 7.65750352578, 2490.50605103, 
Chromsome [4]: (704.533333333)2.52877094121, 19.775496789, 130735.806458, 14.2786662913, 2050.67385677, 
<------------ GEN 32--------------->
Chromsome [0]: (798.7)-5.83224979369, 38.608604429, 45467.8676875, 22.2347304986, 2290.05967316, 
Chromsome [1]: (718.066666667)2.52877094121, 19.775496789, -101858.235328, 14.2786662913, 2063.62827702, 
Chromsome [2]: (710.9)2.99876873792, -85.7497968978, 75084.8336868, 7.65750352578, 2490.50605103, 
Chromsome [3]: (709.4)1.65616848527, 58.791427188, 29499.6063883, 0.778070108996, 820.634387532, 
Chromsome [4]: (709.4)1.65616848527, 59.6838995886, 45467.8676875, 22.2347304986, 2290.05967316, 
<------------ GEN 33--------------->
Chromsome [0]: (816.833333333)-2.50348223299, -24.0958982846, 68327.1080533, 29.4020341423, 972.278017104, 
Chromsome [1]: (816.833333333)-5.83224979369, 38.608604429, 45467.8676875, 22.2347304986, 2290.05967316, 
Chromsome [2]: (732.833333333)2.99876873792, -85.7497968978, 75084.8336868, 7.65750352578, 2490.50605103, 
Chromsome [3]: (732.833333333)2.99876873792, -85.7497968978, 75084.8336868, 7.65750352578, 2490.50605103, 
Chromsome [4]: (727.1)1.65616848527, 58.791427188, 35100.9370952, 0.778070108996, 820.634387532, 
<------------ GEN 34--------------->
Chromsome [0]: (794.133333333)-105.413310825, 58.791427188, -62688.0732996, 0.778070108996, 568.095325933, 
Chromsome [1]: (794.133333333)-2.50348223299, -24.0958982846, 68327.1080533, 29.4020341423, 972.278017104, 
Chromsome [2]: (717.933333333)2.99876873792, -85.7497968978, 75084.8336868, 7.65750352578, 2490.50605103, 
Chromsome [3]: (710.266666667)1.65616848527, 59.6838995886, 45467.8676875, -34.6122904787, 2290.05967316, 
Chromsome [4]: (692.0)2.52877094121, 13.6557402561, 140723.988979, 27.3464413338, 1617.11332856, 
<------------ GEN 35--------------->
Chromsome [0]: (788.933333333)-41.2464177923, 38.608604429, 45467.8676875, 22.2347304986, 2056.20723792, 
Chromsome [1]: (788.933333333)-105.413310825, 58.791427188, -62688.0732996, 0.778070108996, 568.095325933, 
Chromsome [2]: (717.366666667)1.65616848527, 59.6838995886, 35100.9370952, 0.778070108996, 2290.05967316, 
Chromsome [3]: (710.066666667)6.03224979369, -29.5120822772, 50403.381964, 21.5950714117, 1917.10648193, 
Chromsome [4]: (709.733333333)6.03224979369, 38.608604429, 79354.6119301, 0.65036651567, 2962.91899323, 
<------------ GEN 36--------------->
Chromsome [0]: (772.733333333)-41.2464177923, 38.608604429, 45467.8676875, 22.2347304986, 2056.20723792, 
Chromsome [1]: (695.666666667)6.03224979369, -29.5120822772, 50403.381964, 21.5950714117, 2733.76154712, 
Chromsome [2]: (676.733333333)6.03224979369, 38.608604429, 79354.6119301, 0.65036651567, 2962.91899323, 
Chromsome [3]: (665.2)2.99876873792, -85.7497968978, 148015.542331, 7.65750352578, 3354.27479593, 
Chromsome [4]: (660.733333333)1.65616848527, 59.6838995886, 35100.9370952, 0.778070108996, 1618.91332042, 
<------------ GEN 37--------------->
Chromsome [0]: (783.966666667)-41.2464177923, 38.608604429, 45467.8676875, 22.2347304986, 2056.20723792, 
Chromsome [1]: (689.0)6.03224979369, 38.608604429, 79354.6119301, 0.65036651567, 2962.91899323, 
Chromsome [2]: (683.9)6.03224979369, -60.6100879578, 16073.4441044, 13.5674720446, 2687.79128494, 
Chromsome [3]: (677.833333333)0.443257575496, -63.8979290072, 104832.734702, 25.8750001164, 1412.38193523, 
Chromsome [4]: (675.7)1.65616848527, -63.7212030537, 47085.3213992, 9.00527961316, 972.278017104, 
<------------ GEN 38--------------->
Chromsome [0]: (805.2)-41.2464177923, 38.608604429, 45467.8676875, 22.2347304986, 2056.20723792, 
Chromsome [1]: (733.4)6.03224979369, 38.608604429, 79354.6119301, 22.2347304986, 2056.20723792, 
Chromsome [2]: (732.266666667)6.03224979369, -60.6100879578, 102592.267986, 0.634995039649, 2290.05967316, 
Chromsome [3]: (722.566666667)0.443257575496, -63.8979290072, 104832.734702, 18.4910454362, 1412.38193523, 
Chromsome [4]: (720.866666667)1.65616848527, 72.5104589713, 151766.209456, 9.93742212139, 2044.3766725, 
<------------ GEN 39--------------->
Chromsome [0]: (790.766666667)-41.2464177923, 38.608604429, 45467.8676875, 22.2347304986, 2056.20723792, 
Chromsome [1]: (719.2)6.03224979369, 38.608604429, 79354.6119301, 22.2347304986, 2428.25677382, 
Chromsome [2]: (719.2)6.03224979369, 38.608604429, 79354.6119301, 6.38203682855, 2056.20723792, 
Chromsome [3]: (696.2)0.443257575496, -22.4397719253, 104832.734702, 18.4910454362, 4106.51719395, 
Chromsome [4]: (690.633333333)1.65616848527, 4.35594329429, 119053.774583, 6.7321326272, 2072.74213785, 
<------------ GEN 40--------------->
Chromsome [0]: (803.066666667)-41.2464177923, 38.608604429, 45467.8676875, 22.2347304986, 2056.20723792, 
Chromsome [1]: (740.0)3.20485565113, -26.482530037, 633.673224808, 21.5950714117, 2733.76154712, 
Chromsome [2]: (738.166666667)6.03224979369, 38.608604429, 47085.3213992, 0.0544800817051, 2969.36114053, 
Chromsome [3]: (738.166666667)6.03224979369, 38.608604429, 104832.734702, 18.4910454362, 2981.78319502, 
Chromsome [4]: (715.766666667)0.443257575496, -22.4397719253, 79354.6119301, 22.2347304986, 2781.26033232, 
<------------ GEN 41--------------->
Chromsome [0]: (787.433333333)-41.2464177923, 38.608604429, 45467.8676875, 22.2347304986, 2056.20723792, 
Chromsome [1]: (736.2)3.20485565113, -26.482530037, 633.673224808, 9.36602331866, 1215.96436155, 
Chromsome [2]: (734.566666667)6.03224979369, 38.608604429, 67861.0210667, 18.4910454362, 2981.78319502, 
Chromsome [3]: (697.233333333)11.6200720465, 27.3372267086, 127782.239014, 19.0288151354, 1753.17381094, 
Chromsome [4]: (693.366666667)0.443257575496, -22.4397719253, 79354.6119301, 9.49720180021, 1776.30346347, 
<------------ GEN 42--------------->
Chromsome [0]: (805.0)-41.2464177923, 38.608604429, 45467.8676875, 22.2347304986, 2056.20723792, 
Chromsome [1]: (754.6)6.03224979369, 38.608604429, 20871.4107166, 18.4910454362, 2981.78319502, 
Chromsome [2]: (743.3)0.443257575496, -74.7863489396, 55631.0686736, 9.49720180021, 1776.30346347, 
Chromsome [3]: (734.266666667)0.953366306546, -66.9416100778, 67861.0210667, 18.4910454362, 2981.78319502, 
Chromsome [4]: (733.666666667)11.6200720465, -26.0908750538, 123723.958557, 21.5950714117, 2733.76154712, 
<------------ GEN 43--------------->
Chromsome [0]: (806.2)-41.2464177923, 38.608604429, 45467.8676875, 22.2347304986, 2056.20723792, 
Chromsome [1]: (735.4)6.03224979369, 38.608604429, 20871.4107166, 1.81663784499, 1899.58970112, 
Chromsome [2]: (718.966666667)0.443257575496, -74.7863489396, 55631.0686736, 32.7230352459, 2245.61361702, 
Chromsome [3]: (713.333333333)0.953366306546, -66.9416100778, 67861.0210667, 18.4910454362, 2981.78319502, 
Chromsome [4]: (710.6)1.65616848527, -8.78843287511, 130980.410873, 10.0481511011, 1923.9952387, 
<------------ GEN 44--------------->
Chromsome [0]: (804.566666667)-41.2464177923, 38.608604429, 45467.8676875, 22.2347304986, 2056.20723792, 
Chromsome [1]: (736.5)1.65616848527, 72.5104589713, -91926.1418641, 3.63667843419, 2056.20723792, 
Chromsome [2]: (724.933333333)6.03224979369, 38.608604429, 43227.3600555, 1.81663784499, -433.849110095, 
Chromsome [3]: (716.3)0.443257575496, -74.7863489396, 55631.0686736, 12.1877673449, 1889.68265485, 
Chromsome [4]: (710.166666667)0.953366306546, -66.9416100778, 67861.0210667, 0.65036651567, 1215.96436155, 
<------------ GEN 45--------------->
Chromsome [0]: (822.8)-41.2464177923, 38.608604429, 45467.8676875, 22.2347304986, 2056.20723792, 
Chromsome [1]: (764.233333333)2.52877094121, -63.7212030537, -34613.0249354, 25.0738839747, 1899.58970112, 
Chromsome [2]: (749.7)6.03224979369, 38.608604429, 43227.3600555, 1.81663784499, 520.206042246, 
Chromsome [3]: (745.633333333)0.953366306546, -66.9416100778, 67861.0210667, 0.65036651567, 2451.97473394, 
Chromsome [4]: (740.8)0.953366306546, -66.9416100778, 67861.0210667, 27.2769647541, 2245.61361702, 
<------------ GEN 46--------------->
Chromsome [0]: (799.833333333)-41.2464177923, 38.608604429, 45467.8676875, 22.2347304986, 2056.20723792, 
Chromsome [1]: (762.366666667)0.0590976151657, 78.6232452292, 2504.76414787, 13.3673333061, 2948.12290766, 
Chromsome [2]: (712.766666667)6.03224979369, 38.608604429, 43227.3600555, 1.81663784499, 1881.59322267, 
Chromsome [3]: (709.3)6.59819610381, -66.9416100778, 67861.0210667, 27.2769647541, 3037.17331505, 
Chromsome [4]: (700.2)0.705375835776, -26.6787943638, 84122.1354588, 22.2347304986, 2193.34602638, 
<------------ GEN 47--------------->
Chromsome [0]: (803.466666667)-41.2464177923, 38.608604429, 45467.8676875, 22.2347304986, 2056.20723792, 
Chromsome [1]: (803.4)0.140902384834, -81.2943695723, 2506.82566697, 0.0544800817051, 1923.9952387, 
Chromsome [2]: (776.066666667)0.140902384834, 17.1125503746, 102397.559089, 7.99486249713, 2158.56953597, 
Chromsome [3]: (728.433333333)0.953366306546, -66.9416100778, -5339.12390079, 0.65036651567, 2451.97473394, 
Chromsome [4]: (705.566666667)6.03224979369, 38.608604429, 43227.3600555, 29.3791217834, 1273.48560937, 
<------------ GEN 48--------------->
Chromsome [0]: (798.466666667)-41.2464177923, 38.608604429, 45467.8676875, 22.2347304986, 2056.20723792, 
Chromsome [1]: (714.6)0.705375835776, -26.6787943638, 128554.13569, 25.7726223139, 2193.34602638, 
Chromsome [2]: (713.833333333)1.65616848527, 72.5104589713, 50403.381964, 7.59867646778, 1273.48560937, 
Chromsome [3]: (712.9)1.18804883903, -63.7212030537, 157537.026717, 7.63893231797, 1324.56045927, 
Chromsome [4]: (711.766666667)1.65616848527, 72.5104589713, 91760.3774214, 13.2420234323, 583.840653884, 
<------------ GEN 49--------------->
Chromsome [0]: (798.733333333)-41.2464177923, 38.608604429, 45467.8676875, 22.2347304986, 2056.20723792, 
Chromsome [1]: (748.366666667)3.96010576946, -66.9416100778, 5339.12390079, 7.43242873452, 2056.20723792, 
Chromsome [2]: (731.6)6.03224979369, 38.608604429, 38059.5530299, 13.3673333061, 2948.12290766, 
Chromsome [3]: (731.0)5.03123620371, 78.6232452292, 128554.13569, 25.7726223139, 2193.34602638, 
Chromsome [4]: (731.0)5.03123620371, 78.6232452292, 91760.3774214, 13.2420234323, 583.840653884, 
<------------ GEN 50--------------->
Chromsome [0]: (803.7)-1.71154169279, -66.9416100778, 91760.3774214, 22.2347304986, 2056.20723792, 
Chromsome [1]: (803.7)-41.2464177923, 38.608604429, 45467.8676875, 22.2347304986, 2056.20723792, 
Chromsome [2]: (756.633333333)0.705375835776, -26.6787943638, 17055.6218308, 1.36724203159, 721.642211413, 
Chromsome [3]: (735.7)3.96010576946, -66.9416100778, 5339.12390079, 7.43242873452, 2948.12290766, 
Chromsome [4]: (727.466666667)6.03224979369, 38.608604429, 38059.5530299, 17.5021023604, 1532.70200573, 
<------------ GEN 51--------------->
Chromsome [0]: (797.2)-12.2326972535, -36.9090305119, 50403.381964, 25.1689616248, 1404.15370719, 
Chromsome [1]: (797.2)-1.71154169279, -66.9416100778, 91760.3774214, 22.2347304986, 2056.20723792, 
Chromsome [2]: (759.733333333)0.705375835776, -26.6787943638, 17055.6218308, 1.36724203159, 721.642211413, 
Chromsome [3]: (739.433333333)5.03123620371, 150.869361356, 5339.12390079, 7.43242873452, 2948.12290766, 
Chromsome [4]: (723.433333333)0.472454022968, 72.5104589713, 128762.738351, 14.1793672393, 1273.48560937, 
<------------ GEN 52--------------->
Chromsome [0]: (812.766666667)-12.2326972535, -36.9090305119, 50403.381964, 25.1689616248, 1404.15370719, 
Chromsome [1]: (773.7)0.472454022968, 72.5104589713, 128762.738351, -7.79325892878, 1273.48560937, 
Chromsome [2]: (763.5)0.705375835776, -26.6787943638, 17055.6218308, 22.2347304986, 2056.20723792, 
Chromsome [3]: (758.433333333)1.65616848527, 72.5104589713, 61695.673931, 62.2258079657, 1021.00043975, 
Chromsome [4]: (755.166666667)1.65616848527, -34.6643237846, 89722.4820325, 11.679760222, 1342.81923986, 
<------------ GEN 53--------------->
Chromsome [0]: (824.533333333)-12.2326972535, -36.9090305119, 50403.381964, 25.1689616248, 1404.15370719, 
Chromsome [1]: (786.166666667)3.09360233022, -37.8890958061, 1144.82347999, 13.2420234323, 19.0713119139, 
Chromsome [2]: (773.333333333)0.472454022968, 72.5104589713, 128762.738351, 2.78910204266, 1273.48560937, 
Chromsome [3]: (759.566666667)1.65616848527, 72.5104589713, 61695.673931, -2.22580796571, 1766.66026502, 
Chromsome [4]: (759.566666667)1.65616848527, 72.5104589713, 61695.673931, -68.3720658259, 2189.60871136, 
<------------ GEN 54--------------->
Chromsome [0]: (811.533333333)-16.3947613271, -20.4548639815, 145866.194817, 9.8410454037, 2813.88714278, 
Chromsome [1]: (811.533333333)-12.2326972535, -36.9090305119, 50403.381964, 25.1689616248, 1404.15370719, 
Chromsome [2]: (745.7)1.65616848527, 72.5104589713, 61695.673931, 32.1406658373, 1492.2941838, 
Chromsome [3]: (745.7)1.65616848527, 72.5104589713, 61695.673931, 2.22580796571, 2728.807102, 
Chromsome [4]: (744.9)3.09360233022, -37.8890958061, 89722.4820325, 11.679760222, 2696.78966708, 
<------------ GEN 55--------------->
Chromsome [0]: (825.8)-16.3947613271, -20.4548639815, 145866.194817, 9.8410454037, 2813.88714278, 
Chromsome [1]: (767.733333333)1.65616848527, 11.9037935906, 45046.1306294, 9.12076831625, 983.845477707, 
Chromsome [2]: (766.033333333)3.09360233022, -37.8890958061, 163629.452515, 25.279206672, 2948.12290766, 
Chromsome [3]: (765.033333333)1.91154169279, 72.5104589713, 61695.673931, 2.22580796571, 2728.807102, 
Chromsome [4]: (764.566666667)1.65616848527, 0.586210854184, 89722.4820325, 11.679760222, 2696.78966708, 
<------------ GEN 56--------------->
Chromsome [0]: (802.2)-16.3947613271, -20.4548639815, 145866.194817, 9.8410454037, 2813.88714278, 
Chromsome [1]: (764.033333333)5.03123620371, -46.4345265911, 61695.673931, 28.7731515561, 1252.18438598, 
Chromsome [2]: (764.033333333)5.03123620371, -66.9416100778, 53573.9916291, 12.0119705803, 2189.60871136, 
Chromsome [3]: (754.0)1.65616848527, 11.9037935906, 61695.673931, 2.22580796571, 2728.807102, 
Chromsome [4]: (753.833333333)3.96010576946, -67.613958763, 91760.3774214, 25.7726223139, 2056.20723792, 
<------------ GEN 57--------------->
Chromsome [0]: (771.4)-16.3947613271, -20.4548639815, 145866.194817, 9.8410454037, 2813.88714278, 
Chromsome [1]: (726.633333333)5.03123620371, -66.9416100778, 53573.9916291, 25.279206672, 1373.82676189, 
Chromsome [2]: (698.5)3.96010576946, -67.613958763, 91760.3774214, 25.7726223139, -1099.1735489, 
Chromsome [3]: (697.5)3.09360233022, -37.8890958061, 163629.452515, 19.9890020484, 2493.13656992, 
Chromsome [4]: (696.4)1.65616848527, 72.5104589713, 45046.1306294, 1.60258848598, 983.845477707, 
<------------ GEN 58--------------->
Chromsome [0]: (806.033333333)-16.3947613271, -20.4548639815, 145866.194817, 9.8410454037, 2813.88714278, 
Chromsome [1]: (749.066666667)1.65616848527, 72.5104589713, 91760.3774214, -12.1567397308, 2099.1735489, 
Chromsome [2]: (743.9)1.65616848527, 0.586210854184, 50403.381964, 20.1420503204, 1301.74819261, 
Chromsome [3]: (740.5)3.09360233022, -12.2539406534, 163629.452515, 11.4861596096, 2189.60871136, 
Chromsome [4]: (740.5)3.09360233022, -37.8890958061, 163629.452515, 19.9890020484, 1959.59953194, 
<------------ GEN 59--------------->
Chromsome [0]: (797.533333333)-16.3947613271, -20.4548639815, 145866.194817, 9.8410454037, 2813.88714278, 
Chromsome [1]: (767.966666667)4.12296760746, -85.0416980157, 118749.655323, 11.679760222, 2813.88714278, 
Chromsome [2]: (767.266666667)5.03123620371, 44.7921543017, 46041.8015835, 17.5894501276, 2813.88714278, 
Chromsome [3]: (756.733333333)3.09360233022, -49.4315457081, -39579.3685855, 19.9890020484, 1959.59953194, 
Chromsome [4]: (744.533333333)1.65616848527, 9.37836892389, 146487.931843, 8.35334231201, 2455.89435708, 
<------------ GEN 60--------------->
Chromsome [0]: (789.0)-11.9978516776, -83.7766267435, -147362.760033, 22.1344098569, 2907.54055853, 
Chromsome [1]: (789.0)-16.3947613271, -20.4548639815, 145866.194817, 9.8410454037, 2813.88714278, 
Chromsome [2]: (759.033333333)4.12296760746, -85.0416980157, 61695.673931, 2.22580796571, 2597.17872423, 
Chromsome [3]: (758.333333333)5.03123620371, 44.7921543017, 46041.8015835, 17.5894501276, 2455.89435708, 
Chromsome [4]: (738.233333333)1.65616848527, 5.59809363058, 57589.889253, 3.67567375453, 2189.60871136, 
<------------ GEN 61--------------->
Chromsome [0]: (810.266666667)-76.3199777177, -141.541484688, 71046.2068146, 9.8410454037, 917.597672612, 
Chromsome [1]: (810.266666667)-11.9978516776, -83.7766267435, -147362.760033, 22.1344098569, 2907.54055853, 
Chromsome [2]: (781.433333333)4.12296760746, -85.0416980157, 61695.673931, 14.7718191386, 983.845477707, 
Chromsome [3]: (780.733333333)5.03123620371, 44.7921543017, 27430.168433, 17.5894501276, 2804.56108141, 
Chromsome [4]: (762.566666667)1.65616848527, 5.59809363058, 57589.889253, 3.67567375453, 2189.60871136, 
<------------ GEN 62--------------->
Chromsome [0]: (811.166666667)-76.3199777177, -141.541484688, 71046.2068146, 9.8410454037, 917.597672612, 
Chromsome [1]: (780.9)4.12296760746, -85.0416980157, 61695.673931, 3.67567375453, 2189.60871136, 
Chromsome [2]: (780.3)5.03123620371, 44.7921543017, 27430.168433, 17.5894501276, 633.064965958, 
Chromsome [3]: (761.633333333)1.65616848527, 5.59809363058, 57589.889253, 14.7718191386, 983.845477707, 
Chromsome [4]: (757.966666667)1.65616848527, 71.7682811452, 44726.3408596, 18.7047816599, 1766.66026502, 
<------------ GEN 63--------------->
Chromsome [0]: (776.166666667)-76.3199777177, -141.541484688, 71046.2068146, 9.8410454037, 917.597672612, 
Chromsome [1]: (740.766666667)4.12296760746, -85.0416980157, 61695.673931, 11.679760222, 2355.91190291, 
Chromsome [2]: (740.766666667)4.12296760746, -85.0416980157, 61695.673931, 3.67567375453, 976.972438538, 
Chromsome [3]: (739.766666667)5.03123620371, 63.4193115331, 27430.168433, 17.5894501276, 1669.4767676, 
Chromsome [4]: (712.533333333)1.65616848527, 71.7682811452, 44726.3408596, 22.1344098569, 2907.54055853, 
<------------ GEN 64--------------->
Chromsome [0]: (799.633333333)-76.3199777177, -141.541484688, 71046.2068146, 9.8410454037, 917.597672612, 
Chromsome [1]: (768.566666667)4.12296760746, -85.0416980157, 61695.673931, 3.67567375453, 976.972438538, 
Chromsome [2]: (767.866666667)5.03123620371, 63.4193115331, 71046.2068146, 9.8410454037, 917.597672612, 
Chromsome [3]: (756.233333333)1.65616848527, 71.7682811452, 44726.3408596, 19.9890020484, 648.649019706, 
Chromsome [4]: (756.033333333)1.65616848527, 18.5022894899, 89722.4820325, 7.81663400707, 1190.09291776, 
<------------ GEN 65--------------->
Chromsome [0]: (788.333333333)-76.3199777177, -141.541484688, 71046.2068146, 9.8410454037, 917.597672612, 
Chromsome [1]: (750.0)4.12296760746, -85.0416980157, 61695.673931, 8.20836026748, 757.216235089, 
Chromsome [2]: (749.1)5.03123620371, 234.62220361, 71046.2068146, 9.8410454037, 917.597672612, 
Chromsome [3]: (740.666666667)1.65616848527, 57.3118161093, 71046.2068146, 14.3617532616, 2463.42229513, 
Chromsome [4]: (740.466666667)1.65616848527, 18.5022894899, 89722.4820325, 7.81663400707, 1190.09291776, 
<------------ GEN 66--------------->
Chromsome [0]: (815.766666667)-76.3199777177, -141.541484688, 71046.2068146, 9.8410454037, 917.597672612, 
Chromsome [1]: (768.9)1.65616848527, 57.3118161093, 71046.2068146, 9.8410454037, 917.597672612, 
Chromsome [2]: (767.3)1.65616848527, 18.5022894899, 89722.4820325, 16.7195778109, 1581.46211474, 
Chromsome [3]: (747.833333333)5.03123620371, -2.39592347419, 168807.82996, 13.2420234323, 506.756865655, 
Chromsome [4]: (746.9)3.08129201451, -71.0995173307, 61695.673931, 3.67567375453, 2827.87806331, 
<------------ GEN 67--------------->
Chromsome [0]: (801.533333333)-9.11002424085, -78.0292408378, 46761.2189347, 3.67567375453, 2827.87806331, 
Chromsome [1]: (801.533333333)-76.3199777177, -141.541484688, 71046.2068146, 9.8410454037, 917.597672612, 
Chromsome [2]: (748.5)1.65616848527, 57.3118161093, 71046.2068146, 9.8410454037, 2130.7855503, 
Chromsome [3]: (748.433333333)1.65616848527, 18.5022894899, 89722.4820325, 16.7195778109, 1581.46211474, 
Chromsome [4]: (718.4)5.03123620371, -2.39592347419, 168807.82996, 22.2919785466, 506.756865655, 
<------------ GEN 68--------------->
Chromsome [0]: (793.766666667)-9.11002424085, -78.0292408378, 46761.2189347, 3.67567375453, 2827.87806331, 
Chromsome [1]: (731.066666667)3.08129201451, -71.0995173307, -112106.372416, 6.78669370918, 1669.59348357, 
Chromsome [2]: (721.233333333)1.65616848527, 18.5022894899, 89722.4820325, 25.853410917, 2130.7855503, 
Chromsome [3]: (717.3)1.65616848527, 57.3118161093, 71046.2068146, 9.8410454037, -1706.47584088, 
Chromsome [4]: (717.3)1.65616848527, 57.3118161093, 71046.2068146, 9.8410454037, 1581.46211474, 
<------------ GEN 69--------------->
Chromsome [0]: (777.0)-9.11002424085, -78.0292408378, 46761.2189347, 3.67567375453, 2827.87806331, 
Chromsome [1]: (690.866666667)1.65616848527, -12.9348739498, 20211.2138973, 3.54023446063, 2785.81245547, 
Chromsome [2]: (671.7)1.65616848527, -89.2618331979, 71046.2068146, 9.8410454037, 2706.47584088, 
Chromsome [3]: (632.466666667)5.03123620371, -2.39592347419, 168807.82996, 22.2919785466, 506.756865655, 
Chromsome [4]: (625.633333333)7.42567621716, 18.5022894899, 43307.6076576, 25.853410917, 2085.28824019, 
<------------ GEN 70--------------->
Chromsome [0]: (777.766666667)-9.11002424085, -78.0292408378, 46761.2189347, 3.67567375453, 2827.87806331, 
Chromsome [1]: (705.0)1.65616848527, -52.1760774811, 4408.38008493, 19.2352929976, 2687.4221918, 
Chromsome [2]: (699.466666667)1.65616848527, -77.8511581399, 71046.2068146, 9.8410454037, 2706.47584088, 
Chromsome [3]: (661.666666667)3.08129201451, -2.10164575934, 112106.372416, 10.3878408624, 1870.29805736, 
Chromsome [4]: (659.466666667)5.03123620371, -2.39592347419, 168807.82996, 9.15159642908, 506.756865655, 
<------------ GEN 71--------------->
Chromsome [0]: (798.566666667)-9.11002424085, -78.0292408378, 46761.2189347, 3.67567375453, 2827.87806331, 
Chromsome [1]: (720.7)1.65616848527, -0.528349604583, 46761.2189347, 10.4913270857, 2827.87806331, 
Chromsome [2]: (714.966666667)1.35499379092, 71.2338357786, 20211.2138973, 3.54023446063, 2785.81245547, 
Chromsome [3]: (710.133333333)0.85189699694, -131.670729139, 46761.2189347, 26.9737157036, 4073.00058833, 
Chromsome [4]: (705.466666667)9.31002424085, -78.0292408378, -103339.220871, 3.67567375453, 2827.87806331, 
<------------ GEN 72--------------->
Chromsome [0]: (816.033333333)-9.11002424085, -78.0292408378, 46761.2189347, 3.67567375453, 2827.87806331, 
Chromsome [1]: (738.0)1.35499379092, 71.2338357786, -37352.0738613, 3.54023446063, 2884.66792059, 
Chromsome [2]: (726.9)1.65616848527, -0.528349604583, 46761.2189347, 10.4913270857, 2827.87806331, 
Chromsome [3]: (723.633333333)4.91323375106, -84.5239732792, 82119.3040539, 13.1401362422, 2827.87806331, 
Chromsome [4]: (716.766666667)9.31002424085, -0.561259859043, -71478.590388, 3.67567375453, 2827.87806331, 
<------------ GEN 73--------------->
Chromsome [0]: (837.866666667)-9.11002424085, -78.0292408378, 46761.2189347, 3.67567375453, 2827.87806331, 
Chromsome [1]: (741.166666667)1.35499379092, 71.2338357786, 37352.0738613, 8.46956676502, 665.363933902, 
Chromsome [2]: (740.466666667)1.35499379092, -51.9535939742, 37352.0738613, 3.88748671806, 1751.95681965, 
Chromsome [3]: (739.933333333)1.65616848527, 49.0311852612, 46761.2189347, 10.4913270857, 2827.87806331, 
Chromsome [4]: (735.566666667)0.85189699694, -48.3292708611, 50243.7601022, 15.2561008351, 3870.97511756, 
<------------ GEN 74--------------->
Chromsome [0]: (831.933333333)-103.140442071, 66.6435602306, 46761.2189347, 3.67567375453, 2785.81245547, 
Chromsome [1]: (831.933333333)-9.11002424085, -78.0292408378, 46761.2189347, 3.67567375453, 2827.87806331, 
Chromsome [2]: (736.966666667)1.35499379092, 71.2338357786, 37352.0738613, 8.46956676502, 2363.23825102, 
Chromsome [3]: (732.833333333)1.65616848527, 49.0311852612, 106508.827366, 10.4913270857, 1926.99941167, 
Chromsome [4]: (730.066666667)0.85189699694, 261.133372325, 73849.3697903, 17.7269177085, 642.527024659, 
<------------ GEN 75--------------->
Chromsome [0]: (805.7)-66.3272374483, 55.8316296511, 16646.2184212, 17.7269177085, 642.527024659, 
Chromsome [1]: (805.7)-103.140442071, 66.6435602306, 46761.2189347, 3.67567375453, 2785.81245547, 
Chromsome [2]: (702.0)1.35499379092, 71.2338357786, 37352.0738613, 8.46956676502, 2363.23825102, 
Chromsome [3]: (701.966666667)5.86824763103, -84.5239732792, 74902.019358, 22.312024936, 2706.47584088, 
Chromsome [4]: (699.5)1.35499379092, 71.2338357786, 37352.0738613, 13.140961188, 2363.23825102, 
<------------ GEN 76--------------->
Chromsome [0]: (799.3)-66.3272374483, 55.8316296511, 16646.2184212, 17.7269177085, 642.527024659, 
Chromsome [1]: (718.833333333)1.93889652351, 153.374460875, 67480.7944342, 3.67567375453, 2514.28230869, 
Chromsome [2]: (717.866666667)1.65616848527, 49.0311852612, 106508.827366, 20.0753017206, 1926.99941167, 
Chromsome [3]: (710.366666667)0.85189699694, -48.3292708611, 168807.82996, 11.8997817365, 1459.22569036, 
Chromsome [4]: (710.366666667)0.85189699694, -48.3292708611, 168807.82996, 3.67567375453, 2827.87806331, 
<------------ GEN 77--------------->
Chromsome [0]: (820.033333333)-62.6353949595, 28.2183648117, 168273.294098, 18.2326929513, 2669.95640483, 
Chromsome [1]: (820.033333333)-25.0547494798, -51.9535939742, 37352.0738613, 15.503560208, 2106.37783989, 
Chromsome [2]: (820.033333333)-66.3272374483, 55.8316296511, 16646.2184212, 17.7269177085, 642.527024659, 
Chromsome [3]: (729.9)1.93889652351, 26.6255391247, 67480.7944342, 3.67567375453, 1671.6923927, 
Chromsome [4]: (729.9)1.93889652351, 26.6255391247, 67480.7944342, 3.67567375453, 1809.07351584, 
<------------ GEN 78--------------->
Chromsome [0]: (819.533333333)-62.6353949595, 28.2183648117, 168273.294098, 18.2326929513, 2669.95640483, 
Chromsome [1]: (746.5)1.93889652351, 26.6255391247, 67480.7944342, 22.2109771155, 2827.87806331, 
Chromsome [2]: (746.466666667)1.65616848527, 49.0311852612, 106508.827366, 20.0753017206, 1926.99941167, 
Chromsome [3]: (746.466666667)1.65616848527, 49.0311852612, 106508.827366, 3.67567375453, 1167.37500035, 
Chromsome [4]: (734.9)0.85189699694, -48.3292708611, 168273.294098, 25.2498648541, 2199.21868816, 
<------------ GEN 79--------------->
Chromsome [0]: (807.833333333)-62.6353949595, 28.2183648117, 168273.294098, 18.2326929513, 2669.95640483, 
Chromsome [1]: (746.666666667)0.99994547796, -78.0292408378, -42359.5635012, 15.6520836092, 1926.99941167, 
Chromsome [2]: (718.466666667)1.93889652351, 26.6255391247, 177135.438324, 27.6655785904, 1726.93381651, 
Chromsome [3]: (714.9)1.65616848527, 57.7509274769, 143021.208053, 11.8997817365, 1841.45039545, 
Chromsome [4]: (714.766666667)1.65616848527, 49.0311852612, 106508.827366, 3.67567375453, 1644.42405531, 
<------------ GEN 80--------------->
Chromsome [0]: (777.533333333)-62.6353949595, 28.2183648117, 168273.294098, 18.2326929513, 2669.95640483, 
Chromsome [1]: (699.4)1.93889652351, 26.6255391247, -38790.9230642, 3.67567375453, 2504.61232518, 
Chromsome [2]: (699.333333333)1.65616848527, 49.0311852612, -38050.2710377, 3.67567375453, 2721.97235607, 
Chromsome [3]: (669.4)0.99994547796, -78.0292408378, 42359.5635012, 21.9094491513, 2709.98968409, 
Chromsome [4]: (669.4)0.99994547796, -78.0292408378, 42359.5635012, 15.6520836092, 2669.95640483, 
<------------ GEN 81--------------->
Chromsome [0]: (810.666666667)-62.6353949595, 28.2183648117, 168273.294098, 18.2326929513, 2669.95640483, 
Chromsome [1]: (745.9)0.99994547796, -78.0292408378, 42359.5635012, 21.9094491513, 2709.98968409, 
Chromsome [2]: (745.9)0.99994547796, -78.0292408378, 42359.5635012, 15.6520836092, 2669.95640483, 
Chromsome [3]: (744.1)0.99994547796, -78.0292408378, 98388.4172011, 21.9094491513, 2709.98968409, 
Chromsome [4]: (740.066666667)1.93889652351, 26.6255391247, 61063.1360127, 2.06377515412, 2976.23870875, 
<------------ GEN 82--------------->
Chromsome [0]: (813.133333333)-62.6353949595, 28.2183648117, 168273.294098, 18.2326929513, 2669.95640483, 
Chromsome [1]: (777.966666667)0.99994547796, -78.0292408378, -42040.2361636, 21.9094491513, 2709.98968409, 
Chromsome [2]: (766.066666667)0.99994547796, -78.0292408378, 98388.4172011, 15.6520836092, 2669.95640483, 
Chromsome [3]: (766.066666667)0.99994547796, -78.0292408378, 102835.494444, -2.93606668124, 2975.26197715, 
Chromsome [4]: (766.066666667)0.99994547796, -78.0292408378, 42359.5635012, 21.9094491513, 2709.98968409, 
<------------ GEN 83--------------->
Chromsome [0]: (782.4)-13.4716242479, 53.1628845661, 18132.8116945, 15.6520836092, 5283.85588946, 
Chromsome [1]: (782.4)-62.6353949595, 28.2183648117, 168273.294098, 18.2326929513, 2669.95640483, 
Chromsome [2]: (693.033333333)0.99994547796, -78.0292408378, 102835.494444, 0.303633304965, 1004.64474208, 
Chromsome [3]: (693.033333333)0.99994547796, -78.0292408378, 98388.4172011, 21.9094491513, -767.275806208, 
Chromsome [4]: (693.033333333)0.99994547796, -78.0292408378, 130468.610932, 15.6520836092, 2669.95640483, 
<------------ GEN 84--------------->
Chromsome [0]: (782.566666667)-13.4716242479, 53.1628845661, 18132.8116945, 15.6520836092, 5283.85588946, 
Chromsome [1]: (690.066666667)0.99994547796, -15.2435316409, 42359.5635012, 21.9094491513, 1844.25582137, 
Chromsome [2]: (690.066666667)0.99994547796, -78.0292408378, 43273.4019528, 10.7048216956, 1997.46960036, 
Chromsome [3]: (690.066666667)0.99994547796, 28.2183648117, 168273.294098, 18.2326929513, 2669.95640483, 
Chromsome [4]: (690.066666667)0.99994547796, -78.0292408378, 110771.205911, 1.61355393626, 1169.65840741, 
<------------ GEN 85--------------->
Chromsome [0]: (799.933333333)-13.4716242479, 53.1628845661, 18132.8116945, 15.6520836092, 5283.85588946, 
Chromsome [1]: (688.366666667)0.99994547796, -78.0292408378, 43273.4019528, 10.7048216956, 1997.46960036, 
Chromsome [2]: (688.366666667)0.99994547796, -81.0381740757, 156286.82397, 4.27279096969, 531.411655572, 
Chromsome [3]: (688.366666667)0.99994547796, -28.7658470165, 122041.248239, 5.73900836573, 2092.83861178, 
Chromsome [4]: (688.366666667)0.99994547796, -15.2435316409, 42040.2361636, 20.8246855817, 2506.0694713, 
<------------ GEN 86--------------->
Chromsome [0]: (823.066666667)-13.4716242479, 53.1628845661, 18132.8116945, 15.6520836092, 5283.85588946, 
Chromsome [1]: (741.766666667)0.99994547796, -15.2435316409, 135714.871611, 20.8246855817, 681.991683199, 
Chromsome [2]: (741.766666667)0.99994547796, -81.0381740757, 156286.82397, 4.27279096969, 531.411655572, 
Chromsome [3]: (741.766666667)0.99994547796, -78.0292408378, 178616.615189, 18.2326929513, 3314.15748195, 
Chromsome [4]: (741.766666667)0.99994547796, -15.2435316409, 83206.6548246, -19.5068783136, 2669.95640483, 
<------------ GEN 87--------------->
Chromsome [0]: (815.1)-13.4716242479, 53.1628845661, 18132.8116945, 15.6520836092, 5283.85588946, 
Chromsome [1]: (745.333333333)1.65616848527, 28.2183648117, -62504.1978941, 20.8246855817, 1449.30837419, 
Chromsome [2]: (712.733333333)0.99994547796, -42.1529481202, 84520.7295836, 15.5845589864, 2252.04753201, 
Chromsome [3]: (712.733333333)0.99994547796, -15.2435316409, 135714.871611, 20.8246855817, 681.991683199, 
Chromsome [4]: (712.733333333)0.99994547796, -15.2435316409, 83206.6548246, 19.5068783136, 2669.95640483, 
<------------ GEN 88--------------->
Chromsome [0]: (802.7)-4.76490740968, -15.2435316409, 135714.871611, 11.4669489654, 2506.0694713, 
Chromsome [1]: (802.7)-13.4716242479, 53.1628845661, 18132.8116945, 15.6520836092, 5283.85588946, 
Chromsome [2]: (690.3)0.99994547796, -3.95343085677, 61063.1360127, 8.81868202269, 2089.60260875, 
Chromsome [3]: (689.5)0.99994547796, -81.0381740757, 168273.294098, 15.6520836092, 1352.07162541, 
Chromsome [4]: (689.5)0.99994547796, -42.1529481202, 84520.7295836, 15.5845589864, 2252.04753201, 
<------------ GEN 89--------------->
Chromsome [0]: (794.666666667)-4.76490740968, -15.2435316409, 135714.871611, 11.4669489654, 2506.0694713, 
Chromsome [1]: (684.566666667)4.91497501414, -29.5185372047, 58265.4741746, 14.6665246053, 724.584067451, 
Chromsome [2]: (683.666666667)4.96490740968, -15.2435316409, 49388.6737569, 11.4669489654, 1678.54243921, 
Chromsome [3]: (683.666666667)4.96490740968, -15.2435316409, 85165.3712069, 11.4669489654, 2649.25950376, 
Chromsome [4]: (681.066666667)0.99994547796, -75.3253231952, 84520.7295836, 15.5845589864, 2252.04753201, 
<------------ GEN 90--------------->
Chromsome [0]: (773.5)-36.7922129419, 51.5806860397, 115456.641709, 15.6520836092, 2471.56801039, 
Chromsome [1]: (773.5)-4.76490740968, -15.2435316409, 135714.871611, 11.4669489654, 2506.0694713, 
Chromsome [2]: (683.466666667)9.31002424085, -41.5672857518, 28099.6903281, 0.625709654078, 2669.95640483, 
Chromsome [3]: (666.5)13.6716242479, -29.0914531108, 178616.615189, 8.81846436474, 461.712402514, 
Chromsome [4]: (664.433333333)0.99994547796, 42.5005002987, 84520.7295836, 15.5845589864, 2252.04753201, 
<------------ GEN 91--------------->
Chromsome [0]: (784.733333333)-36.7922129419, 51.5806860397, 115456.641709, 15.6520836092, 2471.56801039, 
Chromsome [1]: (756.4)9.31002424085, -15.0353709211, 4711.89094707, 0.625709654078, 2669.95640483, 
Chromsome [2]: (722.266666667)4.91497501414, -134.488607445, 100283.53133, 24.5097271371, 724.584067451, 
Chromsome [3]: (716.4)7.54900015795, 39.2668052587, 134655.694076, 25.9500157626, 1782.21827893, 
Chromsome [4]: (697.733333333)13.6716242479, -29.0914531108, 178616.615189, 8.81846436474, 2054.33696296, 
<------------ GEN 92--------------->
Chromsome [0]: (781.333333333)-36.7922129419, 51.5806860397, 115456.641709, 15.6520836092, 2471.56801039, 
Chromsome [1]: (707.966666667)7.54900015795, -25.1875595869, 61063.1360127, 5.01303688802, 1653.31516855, 
Chromsome [2]: (706.766666667)7.54900015795, 39.2668052587, 134655.694076, 25.9500157626, 1782.21827893, 
Chromsome [3]: (684.466666667)12.6389835142, 44.7029619315, 26732.1990098, 9.95171685763, 2669.95640483, 
Chromsome [4]: (679.266666667)0.99994547796, -74.355613667, 134655.694076, 18.3706262609, 1782.21827893, 
<------------ GEN 93--------------->
Chromsome [0]: (796.866666667)-36.7922129419, 51.5806860397, 115456.641709, 15.6520836092, 2471.56801039, 
Chromsome [1]: (723.333333333)7.54900015795, 57.1071875721, 114203.665203, 25.9500157626, 1782.21827893, 
Chromsome [2]: (715.033333333)15.6148283387, -22.7240959855, 62504.1978941, 1.46944945181, 825.881468232, 
Chromsome [3]: (710.633333333)15.777631111, 34.3142759717, 108818.90601, 29.0443268165, 2797.73190837, 
Chromsome [4]: (707.333333333)12.6389835142, 44.7029619315, 26732.1990098, 18.7484551665, 2506.0694713, 
<------------ GEN 94--------------->
Chromsome [0]: (801.5)-36.7922129419, 51.5806860397, 115456.641709, 15.6520836092, 2471.56801039, 
Chromsome [1]: (737.2)4.96490740968, 51.5806860397, 115456.641709, 15.6520836092, 2471.56801039, 
Chromsome [2]: (729.5)7.54900015795, 57.1071875721, 167180.653869, 5.90513006968, 371.024929236, 
Chromsome [3]: (710.2)0.99994547796, 85.7503485848, 112501.645651, 25.9500157626, 2254.96431439, 
Chromsome [4]: (708.166666667)12.6389835142, 44.7029619315, 115456.641709, 15.6520836092, 1352.07162541, 
<------------ GEN 95--------------->
Chromsome [0]: (803.2)-36.7922129419, 51.5806860397, 115456.641709, 15.6520836092, 2471.56801039, 
Chromsome [1]: (743.6)4.96490740968, 51.5806860397, 115456.641709, 15.6520836092, 825.881468232, 
Chromsome [2]: (702.633333333)4.96490740968, 29.2058456546, 132533.233349, 1.54101974228, 2506.0694713, 
Chromsome [3]: (699.066666667)7.54900015795, 57.1071875721, 167180.653869, 28.7616338221, 628.975070764, 
Chromsome [4]: (679.366666667)20.1852193745, -23.8002042303, 4711.89094707, 0.625709654078, 2920.9406455, 
<------------ GEN 96--------------->
Chromsome [0]: (810.433333333)-218.670728144, 98.7825704461, 6075.91355027, 15.6520836092, 2583.95493417, 
Chromsome [1]: (810.433333333)-36.7922129419, 51.5806860397, 115456.641709, 15.6520836092, 2471.56801039, 
Chromsome [2]: (752.2)4.77654115063, -75.5831857056, 81036.3093099, 27.6096936413, 2660.24303706, 
Chromsome [3]: (732.366666667)6.0501076276, -47.2985760775, 135714.871611, 19.8973640542, 724.584067451, 
Chromsome [4]: (721.033333333)4.96490740968, 3.49415218117, 123074.358796, 15.6520836092, 583.91641174, 
<------------ GEN 97--------------->
Chromsome [0]: (796.166666667)-218.670728144, 98.7825704461, 6075.91355027, 15.6520836092, 2583.95493417, 
Chromsome [1]: (747.1)4.77654115063, -70.3806212344, 162473.892663, 23.1581770753, 1763.60962865, 
Chromsome [2]: (727.666666667)6.0501076276, -47.2985760775, 135714.871611, 2.40050283931, 724.584067451, 
Chromsome [3]: (727.666666667)6.0501076276, -47.2985760775, 135714.871611, 19.8973640542, 724.584067451, 
Chromsome [4]: (720.033333333)4.96490740968, 3.49415218117, 78868.147502, 0.332221219009, 514.228658033, 
<------------ GEN 98--------------->
Chromsome [0]: (794.1)-18.8707281439, 81.2174295539, 115456.641709, 27.6096936413, 2257.95848475, 
Chromsome [1]: (794.1)-218.670728144, 98.7825704461, 6075.91355027, 15.6520836092, 2583.95493417, 
Chromsome [2]: (731.9)4.77654115063, -70.3806212344, 162473.892663, 23.1581770753, 1763.60962865, 
Chromsome [3]: (721.533333333)6.0501076276, 87.6563304257, 14445.7809236, 5.01303688802, 1653.31516855, 
Chromsome [4]: (720.3)6.0501076276, -47.2985760775, 43765.6366205, 3.43504946907, 2191.09752359, 
<------------ GEN 99--------------->
Chromsome [0]: (783.633333333)-18.8707281439, 81.2174295539, 115456.641709, 27.6096936413, 2257.95848475, 
Chromsome [1]: (714.433333333)4.77654115063, -70.3806212344, 162473.892663, 15.6520836092, 1176.25817543, 
Chromsome [2]: (713.966666667)4.96490740968, 76.7471145072, 143531.826373, 9.1883586927, 1766.23664256, 
Chromsome [3]: (705.9)6.0501076276, -47.2985760775, 43765.6366205, 3.43504946907, 2191.09752359, 
Chromsome [4]: (700.533333333)7.29230010526, -47.2985760775, 135714.871611, 19.8973640542, 2258.822363, 
<------------ GEN 100--------------->
Chromsome [0]: (791.5)-18.8707281439, 81.2174295539, 6075.91355027, 3.43504946907, 2191.09752359, 
Chromsome [1]: (791.5)-18.8707281439, 3.49415218117, 78868.147502, 27.1024583172, 2182.8437751, 
Chromsome [2]: (791.5)-18.8707281439, 81.2174295539, 115456.641709, 27.6096936413, 2257.95848475, 
Chromsome [3]: (733.633333333)4.96490740968, 76.7471145072, 143531.826373, 19.4625548065, 2843.16523221, 
Chromsome [4]: (722.8)7.29230010526, -31.6699218454, 135714.871611, 27.6096936413, 1517.97721473, 
