<------------ GEN 1--------------->
Chromsome [0]: (817.3)8.22946489615, 7.27729653843, 164889.60264, 21.4067767684, 1191.01128315, 
Chromsome [1]: (816.133333333)6.5049332311, -18.9502789987, 163941.836673, 0.686858349513, 984.217425902, 
Chromsome [2]: (755.2)18.7431495055, 17.8334172472, 102884.406569, 1.39179281617, 2498.38541707, 
Chromsome [3]: (752.933333333)12.88699294, 75.9273285889, 46256.8982753, 5.54652917789, 2220.44102667, 
Chromsome [4]: (746.233333333)16.7089754243, -66.0856014571, 47575.5030014, 3.26378098799, 2733.11139579, 
<------------ GEN 2--------------->
Chromsome [0]: (827.766666667)8.22946489615, 7.27729653843, 164889.60264, 21.4067767684, 1191.01128315, 
Chromsome [1]: (827.466666667)8.22946489615, 9.72082170383, 151427.112959, 14.2120202286, 1177.38903299, 
Chromsome [2]: (718.733333333)18.7431495055, 17.8334172472, 148108.242955, 7.90336598392, 548.695961412, 
Chromsome [3]: (697.466666667)16.7089754243, -66.0856014571, 47575.5030014, 3.26378098799, 2722.79056626, 
Chromsome [4]: (693.1)12.88699294, 75.9273285889, 46256.8982753, 5.54652917789, 2220.44102667, 
<------------ GEN 3--------------->
Chromsome [0]: (794.266666667)3.01597995276, -82.6192440171, 84724.7624551, 26.100498127, 1063.31580207, 
Chromsome [1]: (768.9)8.22946489615, 9.72082170383, 116630.75571, 14.2120202286, 1177.38903299, 
Chromsome [2]: (760.866666667)8.22946489615, 7.27729653843, 164889.60264, 22.5739920091, 1191.01128315, 
Chromsome [3]: (760.866666667)8.22946489615, 7.27729653843, 164889.60264, 21.4067767684, 1191.01128315, 
Chromsome [4]: (703.033333333)10.615906256, -44.1274613952, 170593.585151, 3.87840595602, 1066.23259894, 
<------------ GEN 4--------------->
Chromsome [0]: (827.733333333)3.01597995276, 212.144143216, 33699.4706617, 26.1422947565, 1129.32830962, 
Chromsome [1]: (821.8)3.01597995276, -82.6192440171, 84724.7624551, 26.100498127, 1063.31580207, 
Chromsome [2]: (812.133333333)8.22946489615, 9.72082170383, 116630.75571, 17.2495233432, 1979.63427925, 
Chromsome [3]: (804.3)8.22946489615, -34.4168137239, 164889.60264, 22.5739920091, 1191.01128315, 
Chromsome [4]: (803.033333333)8.22946489615, 7.27729653843, 164889.60264, 22.5739920091, 2498.38541707, 
<------------ GEN 5--------------->
Chromsome [0]: (817.966666667)-36.8526663394, 7.27729653843, 380928.434557, 22.5739920091, 2498.38541707, 
Chromsome [1]: (778.233333333)3.01597995276, 212.144143216, 33699.4706617, 26.1422947565, 1129.32830962, 
Chromsome [2]: (772.333333333)8.22946489615, 9.72082170383, 116630.75571, 17.2495233432, 1979.63427925, 
Chromsome [3]: (771.9)8.22946489615, 42.0709503628, 164889.60264, 29.8566943658, 1191.01128315, 
Chromsome [4]: (770.9)3.01597995276, -82.6192440171, 84724.7624551, 5.56794699581, 1066.23259894, 
<------------ GEN 6--------------->
Chromsome [0]: (804.633333333)-36.8526663394, 7.27729653843, 380928.434557, 22.5739920091, 2498.38541707, 
Chromsome [1]: (736.8)2.27523544332, 17.8334172472, 102884.406569, 18.8567064217, 2757.62041793, 
Chromsome [2]: (736.433333333)3.01597995276, -41.774649224, 49347.8794972, 6.30915178722, 2247.81914751, 
Chromsome [3]: (736.233333333)3.01597995276, 80.5358927643, 164889.60264, 27.8854547484, 1015.14155196, 
Chromsome [4]: (736.1)3.01597995276, 15.1005617605, 30545.86394, 17.2495233432, 1979.63427925, 
<------------ GEN 7--------------->
Chromsome [0]: (812.566666667)-36.8526663394, 7.27729653843, 380928.434557, 22.5739920091, 2498.38541707, 
Chromsome [1]: (732.066666667)2.27523544332, 17.8334172472, 102884.406569, 18.8567064217, 2757.62041793, 
Chromsome [2]: (731.266666667)3.01597995276, -32.1441432163, 33699.4706617, 26.2773212647, 1015.14155196, 
Chromsome [3]: (731.266666667)3.01597995276, -32.1441432163, 137158.742978, 2.33941750972, 1990.7824007, 
Chromsome [4]: (731.266666667)3.01597995276, 15.1005617605, 30545.86394, 22.5739920091, 2498.38541707, 
<------------ GEN 8--------------->
Chromsome [0]: (815.433333333)-36.8526663394, 7.27729653843, 380928.434557, 22.5739920091, 2498.38541707, 
Chromsome [1]: (750.366666667)2.27523544332, 7.27729653843, -20928.434557, 22.5739920091, 2498.38541707, 
Chromsome [2]: (719.9)8.22946489615, -82.6192440171, -160675.209827, 0.119017650695, 2430.81403997, 
Chromsome [3]: (703.3)3.01597995276, -32.1441432163, 33699.4706617, 5.28306026295, 1129.32830962, 
Chromsome [4]: (703.3)3.01597995276, 15.1005617605, 30545.86394, 10.8969671734, 2247.81914751, 
<------------ GEN 9--------------->
Chromsome [0]: (804.233333333)-36.8526663394, 7.27729653843, 380928.434557, 22.5739920091, 2498.38541707, 
Chromsome [1]: (719.166666667)1.70822385222, 15.1005617605, 115731.347369, 22.5739920091, 2498.38541707, 
Chromsome [2]: (713.666666667)2.27523544332, 7.27729653843, 465248.666897, 22.5739920091, 2498.38541707, 
Chromsome [3]: (713.033333333)3.01597995276, -32.1441432163, 33699.4706617, 5.28306026295, 1129.32830962, 
Chromsome [4]: (713.0)3.01597995276, -15.7204464, 30545.86394, 7.23145940707, 1983.46741799, 
<------------ GEN 10--------------->
Chromsome [0]: (818.5)-36.8526663394, 7.27729653843, 380928.434557, 22.5739920091, 2498.38541707, 
Chromsome [1]: (712.5)2.27523544332, -63.1997345279, 147247.77732, 26.100498127, 2838.29679635, 
Chromsome [2]: (711.233333333)3.01597995276, -15.7204464, 75957.5199671, 13.7820597924, 1255.27178065, 
Chromsome [3]: (711.233333333)3.01597995276, 29.3003355342, 3473.70677641, 19.0160922373, 2248.30081123, 
Chromsome [4]: (711.233333333)3.01597995276, -32.1441432163, 33699.4706617, 5.28306026295, 1129.32830962, 
<------------ GEN 11--------------->
Chromsome [0]: (815.933333333)-36.8526663394, 7.27729653843, 380928.434557, 22.5739920091, 2498.38541707, 
Chromsome [1]: (721.1)5.01980873976, -157.991976955, 139405.93934, 28.5151047043, 1066.23259894, 
Chromsome [2]: (694.333333333)2.27523544332, -10.738880224, 10652.6962807, 3.85665492114, 2137.69011085, 
Chromsome [3]: (688.0)2.27523544332, -63.1997345279, 236531.020664, 5.28306026295, 1129.32830962, 
Chromsome [4]: (686.333333333)3.01597995276, -32.1441432163, 147247.77732, 26.100498127, 2838.29679635, 
<------------ GEN 12--------------->
Chromsome [0]: (805.866666667)-72.3226560893, 29.3003355342, 3473.70677641, 19.0160922373, 1191.01128315, 
Chromsome [1]: (805.866666667)-36.8526663394, 7.27729653843, 380928.434557, 22.5739920091, 2498.38541707, 
Chromsome [2]: (761.5)3.01597995276, 97.8487659697, 147247.77732, 26.100498127, 1568.25762118, 
Chromsome [3]: (732.433333333)1.71549054204, -10.738880224, 10652.6962807, 3.85665492114, 1129.32830962, 
Chromsome [4]: (728.033333333)2.27523544332, -30.4734855676, 147247.77732, 14.980415677, 2838.29679635, 
<------------ GEN 13--------------->
Chromsome [0]: (797.633333333)-143.562681076, -14.3999937413, 123468.979336, 24.6707581224, 2435.89182766, 
Chromsome [1]: (797.633333333)-72.3226560893, 29.3003355342, 3473.70677641, 19.0160922373, 1191.01128315, 
Chromsome [2]: (742.833333333)1.71549054204, -10.738880224, -127952.29679, 3.85665492114, 2736.9766266, 
Chromsome [3]: (708.8)2.27523544332, -30.4734855676, 147247.77732, 12.6269895304, 2838.29679635, 
Chromsome [4]: (707.9)3.01597995276, 82.1512340303, 147247.77732, 26.100498127, 1568.25762118, 
<------------ GEN 14--------------->
Chromsome [0]: (815.5)-18.7273631067, 18.4502464431, 175234.625231, 0.119017650695, 1191.01128315, 
Chromsome [1]: (815.5)-143.562681076, -14.3999937413, 123468.979336, 24.6707581224, 2435.89182766, 
Chromsome [2]: (763.866666667)0.351730828862, 83.7115750265, 128317.11136, 26.6467592528, 1056.46143833, 
Chromsome [3]: (732.533333333)3.01597995276, -2.95983482401, 138228.357404, 22.5739920091, 594.060637441, 
Chromsome [4]: (731.9)1.71549054204, -10.738880224, 127952.29679, 1.65672262901, 2736.9766266, 
<------------ GEN 15--------------->
Chromsome [0]: (804.533333333)-18.7273631067, 18.4502464431, 175234.625231, 0.119017650695, 1191.01128315, 
Chromsome [1]: (736.833333333)0.351730828862, -15.7204464, 75957.5199671, 2.33941750972, 2119.94470424, 
Chromsome [2]: (721.066666667)1.71549054204, -10.738880224, 127952.29679, 1.65672262901, 594.060637441, 
Chromsome [3]: (720.433333333)3.01597995276, 7.27729653843, 19477.7713742, 3.04702620386, 1129.32830962, 
Chromsome [4]: (717.0)3.01597995276, 11.9478394227, 20928.434557, 0.119017650695, 1191.01128315, 
<------------ GEN 16--------------->
Chromsome [0]: (799.933333333)-26.7410540781, -52.3621790236, 11226.3558719, 24.5660881349, 2435.89182766, 
Chromsome [1]: (799.933333333)-18.7273631067, 18.4502464431, 175234.625231, 0.119017650695, 1191.01128315, 
Chromsome [2]: (705.066666667)1.71549054204, -10.738880224, 127952.29679, 13.0553214263, 594.060637441, 
Chromsome [3]: (704.866666667)3.01597995276, 7.27729653843, 19477.7713742, 3.04702620386, 1129.32830962, 
Chromsome [4]: (694.266666667)3.01597995276, 83.7115750265, 128317.11136, 26.6467592528, 1191.01128315, 
<------------ GEN 17--------------->
Chromsome [0]: (805.133333333)-26.7410540781, -52.3621790236, 11226.3558719, 24.5660881349, 2435.89182766, 
Chromsome [1]: (759.633333333)3.01597995276, 75.0586950827, 8531.43728462, 11.9042454853, 2306.2689483, 
Chromsome [2]: (740.133333333)1.71549054204, -10.738880224, 20928.434557, 5.76650335966, 1224.35073519, 
Chromsome [3]: (738.9)3.01597995276, 7.27729653843, 19477.7713742, 3.04702620386, 1129.32830962, 
Chromsome [4]: (735.3)1.71549054204, -10.738880224, 127952.29679, 17.0487256884, 2736.9766266, 
<------------ GEN 18--------------->
Chromsome [0]: (779.066666667)-108.049629058, 83.7115750265, 128317.11136, 13.9554841744, 2499.02505494, 
Chromsome [1]: (779.066666667)-6.20157888618, -46.0160558673, 55061.0439647, 20.5255757968, 2004.7801835, 
Chromsome [2]: (779.066666667)-26.7410540781, -52.3621790236, 11226.3558719, 24.5660881349, 2435.89182766, 
Chromsome [3]: (723.033333333)3.01597995276, 89.3164058723, 127952.29679, 6.38555318617, 594.060637441, 
Chromsome [4]: (688.833333333)8.22946489615, 45.4331332784, 147565.427372, 13.6682951763, 1191.01128315, 
<------------ GEN 19--------------->
Chromsome [0]: (803.9)-42.8052312277, 51.988596503, 108767.851497, 9.65716483828, 1579.14374857, 
Chromsome [1]: (803.9)-108.049629058, 83.7115750265, 128317.11136, 13.9554841744, 2499.02505494, 
Chromsome [2]: (764.2)3.01597995276, 89.3164058723, 127952.29679, 6.38555318617, 594.060637441, 
Chromsome [3]: (749.133333333)19.3933772504, 45.4331332784, -211440.484312, 2.57550988251, 1191.01128315, 
Chromsome [4]: (743.9)1.71549054204, 67.8722937697, 90938.7268449, 2.33941750972, 2270.17958338, 
<------------ GEN 20--------------->
Chromsome [0]: (797.9)-42.8052312277, 51.988596503, 108767.851497, 9.65716483828, 1579.14374857, 
Chromsome [1]: (731.3)5.77541812315, 89.3164058723, 127952.29679, 6.38555318617, 3778.38334189, 
Chromsome [2]: (730.9)6.40157888618, -46.0160558673, 47970.4584789, 24.4422490163, 2498.38541707, 
Chromsome [3]: (730.366666667)1.71549054204, -10.738880224, 20928.434557, 11.4280134787, 1969.0337778, 
Chromsome [4]: (730.366666667)1.71549054204, -10.738880224, 20928.434557, 11.4867780654, 1299.94290517, 
<------------ GEN 21--------------->
Chromsome [0]: (800.933333333)-42.8052312277, 51.988596503, 108767.851497, 9.65716483828, 1579.14374857, 
Chromsome [1]: (732.133333333)6.40157888618, -46.0160558673, 47970.4584789, 24.4422490163, 1487.81483023, 
Chromsome [2]: (726.533333333)1.71549054204, -10.738880224, 20928.434557, 11.4867780654, 1299.94290517, 
Chromsome [3]: (726.266666667)1.71549054204, -12.4146048442, 88254.3262614, 0.119017650695, 765.527166072, 
Chromsome [4]: (725.733333333)1.85434089806, 80.9192063383, 23083.8325313, 26.6866714169, 2693.18215855, 
<------------ GEN 22--------------->
Chromsome [0]: (799.533333333)-102.597359346, 89.3164058723, 127952.29679, 16.9198592165, 1254.77730818, 
Chromsome [1]: (799.533333333)-42.8052312277, 51.988596503, 108767.851497, 9.65716483828, 1579.14374857, 
Chromsome [2]: (714.9)6.40157888618, -46.0160558673, 47970.4584789, 18.0559301215, 1478.65343554, 
Chromsome [3]: (711.666666667)1.85434089806, 7.27729653843, 19477.7713742, 26.2339517129, 1834.1627844, 
Chromsome [4]: (711.0)1.71549054204, -12.4146048442, 88254.3262614, 18.1389444668, 543.815638649, 
<------------ GEN 23--------------->
Chromsome [0]: (802.1)-102.597359346, 89.3164058723, 127952.29679, 16.9198592165, 1254.77730818, 
Chromsome [1]: (716.866666667)1.71549054204, -12.4146048442, 36598.8388096, 18.1389444668, 3249.27653263, 
Chromsome [2]: (716.566666667)1.71549054204, 45.4331332784, 128317.11136, 6.16721638392, 2499.02505494, 
Chromsome [3]: (716.266666667)1.85434089806, 52.5224954395, 108043.602015, 3.04702620386, 1761.29832945, 
Chromsome [4]: (716.266666667)1.85434089806, -31.6040439706, 85724.1730799, 26.2339517129, 1834.1627844, 
<------------ GEN 24--------------->
Chromsome [0]: (810.366666667)-102.597359346, 89.3164058723, 127952.29679, 16.9198592165, 1254.77730818, 
Chromsome [1]: (735.366666667)1.71549054204, 45.4331332784, 128317.11136, 6.16721638392, 2499.02505494, 
Chromsome [2]: (735.1)1.85434089806, 52.5224954395, 20928.434557, 11.4867780654, 2799.56273896, 
Chromsome [3]: (735.1)1.85434089806, -31.6040439706, 85724.1730799, 26.2339517129, 1619.12358921, 
Chromsome [4]: (735.1)1.85434089806, 18.4502464431, 56964.1706019, 13.0553214263, 2917.19121166, 
<------------ GEN 25--------------->
Chromsome [0]: (802.133333333)-102.597359346, 89.3164058723, 127952.29679, 16.9198592165, 1254.77730818, 
Chromsome [1]: (714.0)1.71549054204, -53.6115651069, 108043.602015, 3.04702620386, 1761.29832945, 
Chromsome [2]: (714.0)1.85434089806, -10.738880224, 142664.777743, 0.312348605841, 2536.82020977, 
Chromsome [3]: (713.666666667)1.85434089806, 18.4502464431, 56964.1706019, 13.0553214263, 2917.19121166, 
Chromsome [4]: (713.666666667)1.85434089806, 45.9687095689, 127952.29679, 16.3188737715, 1232.52238045, 
<------------ GEN 26--------------->
Chromsome [0]: (815.433333333)-102.597359346, 89.3164058723, 127952.29679, 16.9198592165, 1254.77730818, 
Chromsome [1]: (730.433333333)1.71549054204, -53.6115651069, 108043.602015, 3.04702620386, 1969.0337778, 
Chromsome [2]: (730.433333333)1.71549054204, -53.6115651069, 108043.602015, 3.04702620386, 889.783576377, 
Chromsome [3]: (730.133333333)1.85434089806, 45.9687095689, 127952.29679, 16.3188737715, 1232.52238045, 
Chromsome [4]: (730.133333333)1.85434089806, 45.9687095689, 127952.29679, 16.3188737715, 1254.77730818, 
<------------ GEN 27--------------->
Chromsome [0]: (821.466666667)-38.5657410457, 13.6955587086, 13417.0463912, 20.3696209809, 607.062349487, 
Chromsome [1]: (821.466666667)-102.597359346, 89.3164058723, 127952.29679, 16.9198592165, 1254.77730818, 
Chromsome [2]: (734.933333333)1.71549054204, -53.6115651069, 108043.602015, 3.04702620386, 889.783576377, 
Chromsome [3]: (734.933333333)1.71549054204, -53.6115651069, 138762.700188, 13.0553214263, 2917.19121166, 
Chromsome [4]: (734.933333333)1.71549054204, 54.4614621969, 108043.602015, 19.068152597, 1467.75215895, 
<------------ GEN 28--------------->
Chromsome [0]: (814.3)-38.5657410457, 13.6955587086, 13417.0463912, 20.3696209809, 607.062349487, 
Chromsome [1]: (728.6)9.45438993543, -28.6414255705, 20928.434557, 44.6258796974, 1664.4790925, 
Chromsome [2]: (728.6)9.45438993543, -28.6414255705, 20928.434557, 3.04702620386, 1254.77730818, 
Chromsome [3]: (728.333333333)1.71549054204, 54.4614621969, 108043.602015, 19.068152597, 1420.7525898, 
Chromsome [4]: (728.333333333)1.71549054204, -53.6115651069, 108043.602015, 20.3696209809, 607.062349487, 
<------------ GEN 29--------------->
Chromsome [0]: (803.133333333)-38.4155185322, -14.5123459464, 142664.777743, 23.1026091645, 1007.24304122, 
Chromsome [1]: (803.133333333)-38.5657410457, 13.6955587086, 13417.0463912, 20.3696209809, 607.062349487, 
Chromsome [2]: (739.4)1.71549054204, 54.4614621969, 142664.777743, 0.312348605841, 2536.82020977, 
Chromsome [3]: (739.4)1.71549054204, -53.6115651069, 108043.602015, 22.6867436252, 1254.77730818, 
Chromsome [4]: (739.166666667)1.85434089806, -84.8356078082, 38933.7214121, 0.312348605841, 2536.82020977, 
<------------ GEN 30--------------->
Chromsome [0]: (767.433333333)-38.4155185322, -14.5123459464, 142664.777743, 23.1026091645, 1007.24304122, 
Chromsome [1]: (717.433333333)1.85434089806, 124.019529152, -38084.5349891, 17.1701351957, 2799.56273896, 
Chromsome [2]: (698.033333333)9.45438993543, -28.6414255705, 166708.798723, 20.6744663415, 860.276687499, 
Chromsome [3]: (688.1)18.8575971901, 26.98756639, 119629.981957, 21.0164259374, 1254.77730818, 
Chromsome [4]: (687.933333333)2.08883771199, 7.27729653843, 153227.24961, 21.0157281729, 2915.75490147, 
<------------ GEN 31--------------->
Chromsome [0]: (780.5)-86.1391034738, -70.2932025685, 108043.602015, 16.1896918351, 1158.61978388, 
Chromsome [1]: (780.5)-38.4155185322, -14.5123459464, 142664.777743, 23.1026091645, 1007.24304122, 
Chromsome [2]: (706.466666667)9.45438993543, -28.6414255705, 25456.1946646, 14.953906494, 2011.06228116, 
Chromsome [3]: (697.8)38.7657410457, 13.6955587086, -23160.9922219, 3.04702620386, 889.783576377, 
Chromsome [4]: (694.133333333)2.08883771199, 7.27729653843, 153227.24961, 21.0157281729, 2915.75490147, 
<------------ GEN 32--------------->
Chromsome [0]: (775.466666667)-86.1391034738, -70.2932025685, 108043.602015, 16.1896918351, 1158.61978388, 
Chromsome [1]: (690.4)2.08883771199, 7.27729653843, 142664.777743, 9.69381319934, 2536.82020977, 
Chromsome [2]: (690.1)1.71549054204, 24.6598754547, 38546.5342464, 20.2724116483, 1834.60293733, 
Chromsome [3]: (690.1)1.71549054204, 13.6955587086, 13417.0463912, 22.6867436252, 2428.69067687, 
Chromsome [4]: (690.1)1.71549054204, 34.0295108526, 51556.372877, 22.6867436252, 607.062349487, 
<------------ GEN 33--------------->
Chromsome [0]: (798.5)-16.6213602074, -37.2672416071, 8143.75817372, 2.66756259641, 2396.89745278, 
Chromsome [1]: (798.5)-86.1391034738, -70.2932025685, 108043.602015, 16.1896918351, 1158.61978388, 
Chromsome [2]: (748.533333333)5.12849444225, 289.603504742, 4648.74471589, 29.6026338078, 1007.24304122, 
Chromsome [3]: (722.733333333)1.85434089806, -175.092183182, 154395.033429, 13.852591004, 607.062349487, 
Chromsome [4]: (713.433333333)2.08883771199, 7.27729653843, 142664.777743, 9.69381319934, 2536.82020977, 
<------------ GEN 34--------------->
Chromsome [0]: (792.033333333)-16.6213602074, -37.2672416071, 8143.75817372, 2.66756259641, 2396.89745278, 
Chromsome [1]: (732.7)5.9376826523, -109.603504742, 4648.74471589, 29.6026338078, 1007.24304122, 
Chromsome [2]: (706.766666667)1.71549054204, 34.0295108526, 42065.2421672, 23.1026091645, 2878.14110685, 
Chromsome [3]: (706.766666667)1.71549054204, 24.6598754547, 38546.5342464, 17.1817160656, 2703.46059369, 
Chromsome [4]: (706.766666667)1.71549054204, 13.6955587086, 8143.75817372, 2.66756259641, 2396.89745278, 
<------------ GEN 35--------------->
Chromsome [0]: (773.166666667)-6.65414590544, -28.6414255705, 116241.323006, 20.6744663415, 1603.72877725, 
Chromsome [1]: (773.166666667)-16.6213602074, -37.2672416071, 8143.75817372, 2.66756259641, 2396.89745278, 
Chromsome [2]: (708.066666667)5.9376826523, -70.3964952578, 4648.74471589, 13.9752543461, 1007.24304122, 
Chromsome [3]: (670.4)1.71549054204, 13.6955587086, 8143.75817372, 9.69381319934, 2536.82020977, 
Chromsome [4]: (670.4)1.71549054204, 34.0295108526, 14453.4075903, 16.1896918351, 1774.05508722, 
<------------ GEN 36--------------->
Chromsome [0]: (799.866666667)-6.65414590544, -28.6414255705, 116241.323006, 20.6744663415, 1603.72877725, 
Chromsome [1]: (727.433333333)5.9376826523, -70.6211579149, 116397.468134, 34.8848921242, 1865.47390922, 
Chromsome [2]: (726.233333333)6.85414590544, -28.6414255705, 116241.323006, 13.852591004, 607.062349487, 
Chromsome [3]: (709.433333333)8.91447348019, -61.6373470483, 166708.798723, 18.1804928489, 3063.77948615, 
Chromsome [4]: (696.3)2.08883771199, 7.27729653843, 14634.7666791, 2.66756259641, 1865.47390922, 
<------------ GEN 37--------------->
Chromsome [0]: (813.566666667)-6.65414590544, -28.6414255705, 116241.323006, 20.6744663415, 1603.72877725, 
Chromsome [1]: (746.233333333)5.9376826523, -70.6211579149, 116397.468134, 25.1151078758, 2768.38152045, 
Chromsome [2]: (728.366666667)6.85414590544, -28.6414255705, 142664.777743, 24.994437905, 2766.944035, 
Chromsome [3]: (728.066666667)6.85414590544, -36.4202312885, 116397.468134, 23.0607523959, 2396.89745278, 
Chromsome [4]: (726.8)1.85434089806, -4.90781681804, 6516.41718354, -16.189118082, 2367.10498288, 
<------------ GEN 38--------------->
Chromsome [0]: (803.766666667)-6.65414590544, -28.6414255705, 116241.323006, 20.6744663415, 1603.72877725, 
Chromsome [1]: (739.733333333)5.9376826523, -70.6211579149, 116397.468134, 19.3884899694, 2768.38152045, 
Chromsome [2]: (725.433333333)6.85414590544, -28.6414255705, 54330.0120737, 7.91974091789, 2878.14110685, 
Chromsome [3]: (721.8)6.85414590544, 43.6877497574, 142664.777743, 24.994437905, 2977.60944809, 
Chromsome [4]: (721.566666667)6.85414590544, -36.4202312885, 116397.468134, 23.0607523959, 2396.89745278, 
<------------ GEN 39--------------->
Chromsome [0]: (798.433333333)-6.65414590544, -28.6414255705, 116241.323006, 20.6744663415, 1603.72877725, 
Chromsome [1]: (719.333333333)5.9376826523, -70.6211579149, 116397.468134, 14.5925573537, 2768.38152045, 
Chromsome [2]: (710.766666667)6.85414590544, -28.6414255705, 128669.863376, 20.6744663415, 1603.72877725, 
Chromsome [3]: (710.766666667)6.85414590544, -28.6414255705, 116241.323006, 13.6454776717, 605.044823665, 
Chromsome [4]: (699.766666667)6.97451665651, -53.7855589893, 120426.523535, 5.60363343716, 2923.93879915, 
<------------ GEN 40--------------->
Chromsome [0]: (772.866666667)-6.65414590544, -28.6414255705, 116241.323006, 20.6744663415, 1603.72877725, 
Chromsome [1]: (707.4)2.08883771199, 15.432154613, 8314.32794441, 2.24563624143, 1896.22076025, 
Chromsome [2]: (687.4)6.85414590544, 36.7676863834, 128669.863376, 20.6744663415, 1603.72877725, 
Chromsome [3]: (685.566666667)6.85414590544, -28.6414255705, 116241.323006, 24.994437905, 2977.60944809, 
Chromsome [4]: (685.566666667)6.85414590544, -28.6414255705, 116241.323006, -10.4468046228, 605.044823665, 
<------------ GEN 41--------------->
Chromsome [0]: (785.166666667)-6.65414590544, -28.6414255705, 116241.323006, 20.6744663415, 1603.72877725, 
Chromsome [1]: (669.466666667)6.85414590544, -41.1908584793, 16123.1223192, 27.3296834235, 2536.82020977, 
Chromsome [2]: (668.733333333)6.85414590544, -28.6414255705, 116241.323006, 20.6744663415, 1603.72877725, 
Chromsome [3]: (668.733333333)6.85414590544, -28.6414255705, 116241.323006, 2.24563624143, 1896.22076025, 
Chromsome [4]: (668.733333333)6.85414590544, -28.6414255705, 116241.323006, 24.994437905, 2977.60944809, 
<------------ GEN 42--------------->
Chromsome [0]: (792.8)-6.65414590544, -28.6414255705, 116241.323006, 20.6744663415, 1603.72877725, 
Chromsome [1]: (678.233333333)6.85414590544, -28.6414255705, 17965.9693802, 20.6744663415, 668.22415917, 
Chromsome [2]: (676.866666667)6.85414590544, -28.6414255705, 116241.323006, 2.24563624143, 1363.33920212, 
Chromsome [3]: (676.866666667)6.85414590544, -28.6414255705, 158211.436464, 26.1122232039, 2214.45804163, 
Chromsome [4]: (676.866666667)6.85414590544, -28.6414255705, 116241.323006, 11.2028469759, 1603.72877725, 
<------------ GEN 43--------------->
Chromsome [0]: (773.5)-19.5273408106, -28.6414255705, 134529.76657, 7.64167428889, 1402.91976428, 
Chromsome [1]: (773.5)-27.1049665568, -41.1908584793, 8143.75817372, 19.3049988263, 1800.30946231, 
Chromsome [2]: (773.5)-6.65414590544, -28.6414255705, 116241.323006, 20.6744663415, 1603.72877725, 
Chromsome [3]: (655.1)6.85414590544, 320.545530335, 93695.0437665, 29.6899014552, 605.044823665, 
Chromsome [4]: (652.033333333)6.85414590544, -28.6414255705, 158211.436464, 1.67774262177, 1896.22076025, 
<------------ GEN 44--------------->
Chromsome [0]: (767.366666667)-42.7465774207, -31.8714067564, 23065.1093549, 2.66756259641, 3175.42668783, 
Chromsome [1]: (767.366666667)-19.5273408106, -28.6414255705, 134529.76657, 7.64167428889, 1402.91976428, 
Chromsome [2]: (658.533333333)6.85414590544, -28.6414255705, -45692.5876933, 1.67774262177, 1896.22076025, 
Chromsome [3]: (645.666666667)6.85414590544, -28.6414255705, 259143.16872, 23.6889005332, 2224.78381576, 
Chromsome [4]: (645.666666667)6.85414590544, -28.6414255705, 158211.436464, 26.282388213, 1896.22076025, 
<------------ GEN 45--------------->
Chromsome [0]: (773.2)-42.7465774207, -31.8714067564, 23065.1093549, 2.66756259641, 3175.42668783, 
Chromsome [1]: (677.7)6.85414590544, 21.9156683105, 38931.8081766, 16.189118082, 2805.56067449, 
Chromsome [2]: (677.7)6.85414590544, 21.969606963, 341603.730827, 18.0517566272, 2643.781494, 
Chromsome [3]: (672.733333333)6.85414590544, -28.6414255705, 45692.5876933, 20.6744663415, 964.861073251, 
Chromsome [4]: (672.533333333)8.93125001736, -29.0135786491, 33654.0922179, 2.66756259641, 1951.60645606, 
<------------ GEN 46--------------->
Chromsome [0]: (770.966666667)-42.7465774207, -31.8714067564, 23065.1093549, 2.66756259641, 3175.42668783, 
Chromsome [1]: (681.233333333)6.85414590544, 21.9156683105, 38931.8081766, 3.34804075184, 622.983628695, 
Chromsome [2]: (681.233333333)6.85414590544, 21.9156683105, 38931.8081766, 16.189118082, 2805.56067449, 
Chromsome [3]: (678.133333333)8.93125001736, -29.0135786491, 8042.81354602, 20.6744663415, 668.22415917, 
Chromsome [4]: (675.833333333)6.85414590544, -28.6414255705, 45692.5876933, 25.8077757408, -670.694819917, 
<------------ GEN 47--------------->
Chromsome [0]: (771.033333333)-42.7465774207, -31.8714067564, 23065.1093549, 2.66756259641, 3175.42668783, 
Chromsome [1]: (677.166666667)7.86895477243, 21.9156683105, 38931.8081766, 3.34804075184, 622.983628695, 
Chromsome [2]: (676.433333333)6.85414590544, -28.6414255705, 102129.397871, 24.0189482551, 1865.47390922, 
Chromsome [3]: (676.333333333)6.85414590544, 21.9156683105, 38931.8081766, 16.189118082, 2805.56067449, 
Chromsome [4]: (660.633333333)19.7273408106, 16.5574333624, 99353.6467907, 3.31109795092, 1670.69481992, 
<------------ GEN 48--------------->
Chromsome [0]: (773.333333333)-64.5298407517, -29.0135786491, 8042.81354602, 16.6263580802, 1625.18564029, 
Chromsome [1]: (773.333333333)-42.7465774207, -31.8714067564, 23065.1093549, 2.66756259641, 3175.42668783, 
Chromsome [2]: (668.5)6.85414590544, 61.2875470046, 38931.8081766, 3.34804075184, 622.983628695, 
Chromsome [3]: (666.033333333)19.7273408106, 19.2845354096, -150830.57761, 2.66756259641, 2824.57331217, 
Chromsome [4]: (664.166666667)6.85414590544, -28.6414255705, 102129.397871, 19.3689632652, 2372.23549941, 
<------------ GEN 49--------------->
Chromsome [0]: (781.6)-8.52844705138, -28.6414255705, 102129.397871, 6.49469642672, 2372.23549941, 
Chromsome [1]: (781.6)-21.6623981883, -87.9222264613, 13045.8948658, 8.96064653293, 2824.57331217, 
Chromsome [2]: (781.6)-64.5298407517, -29.0135786491, 8042.81354602, 16.6263580802, 1625.18564029, 
Chromsome [3]: (672.5)6.85414590544, 61.2875470046, 38931.8081766, 3.34804075184, 622.983628695, 
Chromsome [4]: (662.366666667)6.85414590544, 77.5622282074, 175345.565822, 12.504482858, 810.270373228, 
<------------ GEN 50--------------->
Chromsome [0]: (783.633333333)-8.52844705138, -28.6414255705, 102129.397871, 6.49469642672, 2372.23549941, 
Chromsome [1]: (691.7)1.71549054204, -64.2347038634, -40465.2484627, 10.9937387219, 1625.18564029, 
Chromsome [2]: (650.566666667)8.72844705138, -28.6414255705, 102129.397871, 6.49469642672, 777.37206031, 
Chromsome [3]: (650.566666667)8.72844705138, -28.6414255705, 102129.397871, 6.49469642672, 2372.23549941, 
Chromsome [4]: (634.633333333)1.71549054204, 8.92162904932, 95366.3001467, 15.0437455374, 652.632076438, 
<------------ GEN 51--------------->
Chromsome [0]: (790.9)-8.52844705138, -28.6414255705, 102129.397871, 6.49469642672, 2372.23549941, 
Chromsome [1]: (668.666666667)8.72844705138, -28.6414255705, 102129.397871, 6.49469642672, 777.37206031, 
Chromsome [2]: (668.666666667)8.72844705138, -28.6414255705, 102129.397871, 2.66756259641, 725.404778694, 
Chromsome [3]: (668.666666667)8.72844705138, -28.6414255705, 102129.397871, 6.49469642672, 2372.23549941, 
Chromsome [4]: (655.466666667)1.71549054204, 8.92162904932, 95366.3001467, 37.4002747134, 652.632076438, 
<------------ GEN 52--------------->
Chromsome [0]: (825.5)-8.52844705138, -28.6414255705, 102129.397871, 6.49469642672, 2372.23549941, 
Chromsome [1]: (716.333333333)1.71549054204, 8.92162904932, 102129.397871, 17.8265343479, 2372.23549941, 
Chromsome [2]: (715.133333333)1.71549054204, -64.2347038634, 102129.397871, 6.49469642672, 2372.23549941, 
Chromsome [3]: (714.733333333)1.88119360149, -29.0135786491, 102129.397871, 2.66756259641, 725.404778694, 
Chromsome [4]: (714.733333333)1.85434089806, 82.2611966864, 113437.798461, 25.3738813191, 2824.57331217, 
<------------ GEN 53--------------->
Chromsome [0]: (822.433333333)-8.52844705138, -28.6414255705, 102129.397871, 6.49469642672, 2372.23549941, 
Chromsome [1]: (736.066666667)1.71549054204, 8.92162904932, 102129.397871, 17.8265343479, 2372.23549941, 
Chromsome [2]: (735.1)1.71549054204, -64.2347038634, 104225.946228, 10.363813735, 777.37206031, 
Chromsome [3]: (734.766666667)1.85434089806, 82.2611966864, 80861.2614451, 28.3059251242, 1462.50241187, 
Chromsome [4]: (734.766666667)1.85434089806, -69.2663679495, 95366.3001467, 22.5997252866, 652.632076438, 
<------------ GEN 54--------------->
Chromsome [0]: (818.966666667)-68.6592148032, -35.2130132668, 58087.1529668, 2.66756259641, 725.404778694, 
Chromsome [1]: (818.966666667)-8.52844705138, -28.6414255705, 102129.397871, 6.49469642672, 2372.23549941, 
Chromsome [2]: (752.833333333)0.954428751066, 8.92162904932, 102129.397871, 17.8265343479, 2372.23549941, 
Chromsome [3]: (720.533333333)1.71549054204, -64.2347038634, 104225.946228, 19.9508982003, 2282.62053951, 
Chromsome [4]: (720.2)1.85434089806, 82.2611966864, 80861.2614451, 24.4856151914, 1625.18564029, 
<------------ GEN 55--------------->
Chromsome [0]: (829.066666667)-16.5544433886, -33.6172533408, 72045.1722016, 10.363813735, 1090.80194629, 
Chromsome [1]: (829.066666667)-18.6819312548, -28.6414255705, 13066.5932104, 24.614809997, 2372.23549941, 
Chromsome [2]: (829.066666667)-45.6860376356, -69.2663679495, 95366.3001467, 4.92751914897, 1678.79599904, 
Chromsome [3]: (829.066666667)-68.6592148032, -35.2130132668, 58087.1529668, 2.66756259641, 725.404778694, 
Chromsome [4]: (755.366666667)0.954428751066, -7.08525230957, 126759.38175, 17.8265343479, 2372.23549941, 
<------------ GEN 56--------------->
Chromsome [0]: (834.433333333)-6.52666542471, -2.46618819203, 142606.837926, 6.49469642672, 2372.23549941, 
Chromsome [1]: (834.433333333)-16.5544433886, -33.6172533408, 72045.1722016, 10.363813735, 1090.80194629, 
Chromsome [2]: (746.033333333)0.954428751066, -28.6414255705, 13066.5932104, 24.614809997, 2372.23549941, 
Chromsome [3]: (714.1)1.85434089806, -28.6414255705, 76212.9296026, 29.1438021014, 2479.62786993, 
Chromsome [4]: (713.733333333)1.88119360149, 15.432154613, 177926.294201, 7.42637322563, -1774.0129541, 
<------------ GEN 57--------------->
Chromsome [0]: (826.433333333)-6.52666542471, -2.46618819203, 142606.837926, 6.49469642672, 2372.23549941, 
Chromsome [1]: (749.6)0.954428751066, -28.6414255705, 13066.5932104, 24.614809997, 2372.23549941, 
Chromsome [2]: (716.8)1.85434089806, -28.6414255705, 76212.9296026, 7.42637322563, 2774.0129541, 
Chromsome [3]: (716.433333333)1.88119360149, 15.432154613, 177926.294201, 29.1438021014, 2855.53418001, 
Chromsome [4]: (683.366666667)8.03469255782, 19.8807171561, 72045.1722016, 4.92751914897, 2479.62786993, 
<------------ GEN 58--------------->
Chromsome [0]: (800.433333333)-6.52666542471, -2.46618819203, 142606.837926, 6.49469642672, 2372.23549941, 
Chromsome [1]: (734.133333333)0.954428751066, -28.6414255705, 13066.5932104, 24.614809997, 1508.92099014, 
Chromsome [2]: (705.766666667)1.85434089806, -28.6414255705, 76212.9296026, 7.42637322563, 678.219507473, 
Chromsome [3]: (705.4)1.88119360149, 15.432154613, 38931.8081766, 2.58448930569, 2478.21864044, 
Chromsome [4]: (672.9)8.03469255782, 19.8807171561, 72045.1722016, 4.92751914897, 2479.62786993, 
<------------ GEN 59--------------->
Chromsome [0]: (836.1)-6.52666542471, -2.46618819203, 142606.837926, 6.49469642672, 2372.23549941, 
Chromsome [1]: (739.566666667)0.954428751066, -28.6414255705, 152124.563131, 20.0125385579, 2372.23549941, 
Chromsome [2]: (737.066666667)1.88119360149, -2.46618819203, 157069.335122, 6.49469642672, 2372.23549941, 
Chromsome [3]: (734.533333333)1.85434089806, -26.1519742295, 76212.9296026, 7.82575320063, 678.219507473, 
Chromsome [4]: (698.0)8.03469255782, 19.8807171561, 72045.1722016, 10.8471946212, 1292.78676956, 
<------------ GEN 60--------------->
Chromsome [0]: (826.633333333)-6.52666542471, -2.46618819203, 142606.837926, 6.49469642672, 2372.23549941, 
Chromsome [1]: (760.933333333)0.954428751066, 21.221544487, 14925.8923664, 19.9508982003, 2372.23549941, 
Chromsome [2]: (726.0)0.954428751066, -28.6414255705, 152124.563131, 20.0125385579, 2372.23549941, 
Chromsome [3]: (720.766666667)1.88119360149, -2.46618819203, 157069.335122, 6.49469642672, 2554.83160127, 
Chromsome [4]: (718.133333333)1.85434089806, -26.1519742295, 76212.9296026, 7.82575320063, 678.219507473, 
<------------ GEN 61--------------->
Chromsome [0]: (806.7)-6.52666542471, -2.46618819203, 142606.837926, 6.49469642672, 2372.23549941, 
Chromsome [1]: (705.7)0.954428751066, -2.46618819203, 157069.335122, 6.49469642672, 2554.83160127, 
Chromsome [2]: (683.8)0.954428751066, -28.6414255705, 152124.563131, 20.0125385579, 1830.79074788, 
Chromsome [3]: (680.6)3.22335699303, -53.4444741064, 104225.946228, 2.66756259641, 1902.56293817, 
Chromsome [4]: (680.433333333)6.72666542471, -25.4240156629, 30077.0974724, 5.14694342093, 860.652684372, 
<------------ GEN 62--------------->
Chromsome [0]: (808.433333333)-1.75607375823, -33.6172533408, 38931.8081766, 2.58448930569, 2478.21864044, 
Chromsome [1]: (808.433333333)-6.52666542471, -2.46618819203, 142606.837926, 6.49469642672, 2372.23549941, 
Chromsome [2]: (753.233333333)0.954428751066, -28.6414255705, 13576.0199649, 24.614809997, 1570.71455444, 
Chromsome [3]: (747.433333333)0.954428751066, -2.46618819203, 157069.335122, 24.8103526313, 2915.78491126, 
Chromsome [4]: (730.666666667)0.954428751066, -54.2758867938, 157097.220161, 6.49469642672, 2065.86424777, 
<------------ GEN 63--------------->
Chromsome [0]: (823.833333333)-1.75607375823, -33.6172533408, 38931.8081766, 2.58448930569, 2478.21864044, 
Chromsome [1]: (768.366666667)0.954428751066, -28.6414255705, 13576.0199649, 24.614809997, 1570.71455444, 
Chromsome [2]: (761.7)0.954428751066, 77.7952367586, 157069.335122, 0.496377275677, 1830.79074788, 
Chromsome [3]: (751.8)0.954428751066, -54.2758867938, 157097.220161, 6.49469642672, 2372.23549941, 
Chromsome [4]: (750.666666667)1.85434089806, -26.1519742295, 76212.9296026, 21.1962220329, 2915.78491126, 
<------------ GEN 64--------------->
Chromsome [0]: (838.8)-27.7851280011, -2.46618819203, 157069.335122, 24.8103526313, 2576.4230964, 
Chromsome [1]: (838.8)-1.75607375823, -33.6172533408, 38931.8081766, 2.58448930569, 2478.21864044, 
Chromsome [2]: (777.2)0.954428751066, -28.6414255705, 13576.0199649, 24.614809997, 1570.71455444, 
Chromsome [3]: (767.033333333)0.954428751066, 77.7952367586, 157069.335122, 0.496377275677, 2591.27539187, 
Chromsome [4]: (754.666666667)1.95607375823, -33.6172533408, 159132.499906, 5.1494585318, 2372.23549941, 
<------------ GEN 65--------------->
Chromsome [0]: (846.766666667)-39.2041120535, -28.6414255705, 93709.0466867, 24.9200932714, 2037.62498865, 
Chromsome [1]: (846.766666667)-27.7851280011, -2.46618819203, 157069.335122, 24.8103526313, 2576.4230964, 
Chromsome [2]: (792.833333333)0.954428751066, 4.92052176027, 102228.740361, 5.1494585318, 2372.23549941, 
Chromsome [3]: (786.766666667)0.954428751066, 57.9139363229, 17746.1732497, 25.7649375314, 1946.63577622, 
Chromsome [4]: (770.333333333)1.95607375823, -33.6172533408, 386.937269962, 3.85326710438, 1163.52527418, 
<------------ GEN 66--------------->
Chromsome [0]: (832.766666667)-1.43924438597, -33.6172533408, 96816.2710796, 43.9238784318, 2372.23549941, 
Chromsome [1]: (832.766666667)-39.2041120535, -28.6414255705, 93709.0466867, 24.9200932714, 2037.62498865, 
Chromsome [2]: (780.833333333)0.954428751066, 4.92052176027, 59820.3286376, 5.1494585318, 2372.23549941, 
Chromsome [3]: (775.233333333)0.954428751066, 15.0649408838, 102228.740361, 25.0875364764, 2372.23549941, 
Chromsome [4]: (757.966666667)0.954428751066, -33.6172533408, 374285.610944, 0.496377275677, 2591.27539187, 
<------------ GEN 67--------------->
Chromsome [0]: (818.566666667)-1.43924438597, -33.6172533408, 96816.2710796, 43.9238784318, 2372.23549941, 
Chromsome [1]: (750.566666667)0.954428751066, -34.8424261637, 39605.4923988, 1.48505077163, 781.176824896, 
Chromsome [2]: (740.933333333)0.954428751066, 4.92052176027, 33753.0776995, 25.6905866438, 1380.93648664, 
Chromsome [3]: (735.666666667)0.954428751066, 15.0649408838, 102228.740361, 24.8103526313, 2521.70618847, 
Chromsome [4]: (721.833333333)3.9542926007, -2.46618819203, 59820.3286376, 5.1494585318, 1308.84725698, 
<------------ GEN 68--------------->
Chromsome [0]: (813.333333333)-1.43924438597, -33.6172533408, 96816.2710796, 43.9238784318, 2372.23549941, 
Chromsome [1]: (764.033333333)1.95607375823, 52.1192182702, -123389.371886, 12.3141639161, 2114.82158513, 
Chromsome [2]: (763.9)1.63924438597, -33.6172533408, -78703.9793841, 2.66756259641, 1902.56293817, 
Chromsome [3]: (760.533333333)0.954428751066, -34.8424261637, 43601.2812062, 1.48505077163, 781.176824896, 
Chromsome [4]: (746.933333333)0.954428751066, -34.8424261637, 39605.4923988, 14.200353824, 1756.0097024, 
<------------ GEN 69--------------->
Chromsome [0]: (820.8)-125.543044612, 19.710097095, 157069.335122, 2.28593583336, 2521.70618847, 
Chromsome [1]: (820.8)-1.43924438597, -33.6172533408, 96816.2710796, 43.9238784318, 2372.23549941, 
Chromsome [2]: (766.033333333)0.954428751066, -24.7801538305, 4460.51170157, 28.5986121, 2282.62053951, 
Chromsome [3]: (750.7)0.954428751066, -11.4008692214, 102228.740361, 24.8103526313, 1082.16191274, 
Chromsome [4]: (745.633333333)1.63924438597, -26.1519742295, 92123.4587832, 2.58448930569, 1329.94168625, 
<------------ GEN 70--------------->
Chromsome [0]: (805.4)-125.543044612, 19.710097095, 157069.335122, 2.28593583336, 2521.70618847, 
Chromsome [1]: (734.766666667)1.95607375823, 21.4614426696, -71568.6936833, 22.3913828077, 1998.62165603, 
Chromsome [2]: (720.666666667)0.954428751066, -24.7801538305, 32266.1584698, 1.45858002794, 1962.39360174, 
Chromsome [3]: (719.866666667)1.95607375823, 183.304546044, 153740.794844, 11.5502785705, -2412.54666335, 
Chromsome [4]: (711.933333333)0.954428751066, 76.3659240173, 145554.439526, 27.6095691122, 927.801724211, 
<------------ GEN 71--------------->
Chromsome [0]: (796.466666667)-111.375994187, -56.0038310234, 17746.1732497, 3.45465259251, 1529.70218366, 
Chromsome [1]: (796.466666667)-125.543044612, 19.710097095, 157069.335122, 2.28593583336, 2521.70618847, 
Chromsome [2]: (724.833333333)0.954428751066, 76.3659240173, 53455.5279608, 27.6095691122, 927.801724211, 
Chromsome [3]: (722.166666667)0.954428751066, -24.7801538305, 32941.3856454, 22.6437106559, 1308.84725698, 
Chromsome [4]: (722.0)0.954428751066, 96.1735413723, 121180.571969, 14.200353824, -167.737429546, 
<------------ GEN 72--------------->
Chromsome [0]: (776.666666667)-111.375994187, -56.0038310234, 17746.1732497, 3.45465259251, 1529.70218366, 
Chromsome [1]: (751.833333333)0.954428751066, -11.4008692214, 7536.72891839, 2.28593583336, 2521.70618847, 
Chromsome [2]: (704.266666667)0.954428751066, 76.3659240173, 53455.5279608, 27.6095691122, 927.801724211, 
Chromsome [3]: (693.233333333)0.954428751066, 38.7541417528, 161978.922594, 7.39276702591, 2282.62053951, 
Chromsome [4]: (685.766666667)0.954428751066, -24.7801538305, 123281.43902, 10.1421897647, 876.362098865, 
<------------ GEN 73--------------->
Chromsome [0]: (792.633333333)-111.375994187, -56.0038310234, 17746.1732497, 3.45465259251, 1529.70218366, 
Chromsome [1]: (702.666666667)0.954428751066, 38.7541417528, 161978.922594, 7.39276702591, 2282.62053951, 
Chromsome [2]: (700.066666667)0.954428751066, 6.1147689988, 52877.1010707, 1.14558768943, 823.163381905, 
Chromsome [3]: (690.066666667)0.954428751066, -24.7801538305, 123281.43902, 22.6437106559, 1308.84725698, 
Chromsome [4]: (688.0)1.95607375823, -22.2601707992, 159132.499906, 13.3800927721, 2521.70618847, 
<------------ GEN 74--------------->
Chromsome [0]: (789.2)-111.375994187, -56.0038310234, 17746.1732497, 3.45465259251, 1529.70218366, 
Chromsome [1]: (691.233333333)0.954428751066, 6.1147689988, 43284.1521959, 11.1484064983, 2422.19064909, 
Chromsome [2]: (682.6)0.954428751066, 42.1306013476, 136159.367807, 1.14558768943, 823.163381905, 
Chromsome [3]: (682.333333333)0.954428751066, 38.7541417528, 161978.922594, 0.571490667737, 1154.2077792, 
Chromsome [4]: (673.6)0.954428751066, -24.7801538305, 168478.177929, 22.6437106559, 1308.84725698, 
<------------ GEN 75--------------->
Chromsome [0]: (795.366666667)-40.2193293641, -11.4008692214, 6606.43127592, 13.8620484501, 2521.70618847, 
Chromsome [1]: (795.366666667)-111.375994187, -56.0038310234, 17746.1732497, 3.45465259251, 1529.70218366, 
Chromsome [2]: (699.366666667)0.954428751066, 42.1306013476, 136159.367807, 7.47772285649, 823.163381905, 
Chromsome [3]: (699.366666667)0.954428751066, 38.7541417528, 161978.922594, 45.6922376564, 2363.57177392, 
Chromsome [4]: (696.733333333)0.954428751066, 6.1147689988, 170286.808509, 2.28593583336, 2363.57177392, 
<------------ GEN 76--------------->
Chromsome [0]: (788.766666667)-4.48144509144, -56.0038310234, 17746.1732497, 21.8393622406, 2215.77541911, 
Chromsome [1]: (788.766666667)-40.2193293641, -11.4008692214, 6606.43127592, 13.8620484501, 2521.70618847, 
Chromsome [2]: (720.333333333)0.954428751066, 75.5892726196, 161978.922594, 14.3077623436, 2363.57177392, 
Chromsome [3]: (701.133333333)0.954428751066, -24.7801538305, 168478.177929, -47.7119953837, 2286.95120963, 
Chromsome [4]: (701.133333333)0.954428751066, -49.3954207574, 173120.730988, 58.3975791566, 2282.62053951, 
<------------ GEN 77--------------->
Chromsome [0]: (791.366666667)-4.48144509144, -56.0038310234, 17746.1732497, 21.8393622406, 2215.77541911, 
Chromsome [1]: (735.033333333)0.954428751066, 75.5892726196, 153989.754092, 13.8684588446, 2440.42156169, 
Chromsome [2]: (718.066666667)0.954428751066, -28.5726499243, 173120.730988, 1.6024208434, 2282.62053951, 
Chromsome [3]: (680.733333333)9.20959874842, 19.710097095, 78333.3646162, 7.28092504161, 1154.2077792, 
Chromsome [4]: (679.333333333)9.21458781179, -33.6172533408, 47127.8930043, 13.3800927721, 1781.35490967, 
<------------ GEN 78--------------->
Chromsome [0]: (778.433333333)-4.48144509144, -56.0038310234, 17746.1732497, 21.8393622406, 2215.77541911, 
Chromsome [1]: (712.966666667)0.954428751066, 75.5892726196, 41389.3769676, 13.8684588446, 2440.42156169, 
Chromsome [2]: (711.166666667)0.954428751066, 75.5892726196, 153989.754092, 13.8684588446, 976.514111799, 
Chromsome [3]: (698.333333333)0.954428751066, -28.5726499243, 173120.730988, 1.6024208434, 2282.62053951, 
Chromsome [4]: (673.966666667)13.0360531316, 16.464783237, 43284.1521959, 13.8620484501, 2742.83844714, 
<------------ GEN 79--------------->
Chromsome [0]: (773.8)-4.48144509144, -56.0038310234, 17746.1732497, 21.8393622406, 2215.77541911, 
Chromsome [1]: (713.566666667)0.954428751066, 75.5892726196, 153989.754092, 13.8684588446, 976.514111799, 
Chromsome [2]: (686.5)4.68144509144, -56.0038310234, 17746.1732497, 21.8393622406, 2215.77541911, 
Chromsome [3]: (686.5)4.68144509144, -56.0038310234, 17746.1732497, 24.4178002172, 2215.77541911, 
Chromsome [4]: (676.366666667)9.06072647124, -41.0628634189, 92062.188913, 7.28092504161, -251.603538778, 
<------------ GEN 80--------------->
Chromsome [0]: (786.066666667)-4.48144509144, -56.0038310234, 17746.1732497, 21.8393622406, 2215.77541911, 
Chromsome [1]: (693.6)4.26899469723, 75.5892726196, 153989.754092, 13.8684588446, 2707.93257028, 
Chromsome [2]: (690.133333333)0.954428751066, -49.7160112849, 152478.692057, 13.3800927721, 2064.7796033, 
Chromsome [3]: (687.266666667)4.68144509144, -56.0038310234, 17746.1732497, 3.45465259251, 1808.00204974, 
Chromsome [4]: (684.133333333)4.68144509144, -73.0053243898, 17746.1732497, 14.7704608769, 2742.83844714, 
<------------ GEN 81--------------->
Chromsome [0]: (804.833333333)-4.48144509144, -56.0038310234, 17746.1732497, 21.8393622406, 2215.77541911, 
Chromsome [1]: (750.1)0.954428751066, -22.3744051375, 152478.692057, 13.3800927721, 2064.7796033, 
Chromsome [2]: (739.633333333)0.954428751066, -49.7160112849, 152478.692057, 13.3800927721, 2269.74054032, 
Chromsome [3]: (709.566666667)4.26899469723, 75.5892726196, 153989.754092, 13.8684588446, 1696.27216114, 
Chromsome [4]: (700.033333333)4.68144509144, -56.0038310234, 17746.1732497, 7.28092504161, 3625.75284658, 
<------------ GEN 82--------------->
Chromsome [0]: (809.033333333)-4.48144509144, -56.0038310234, 17746.1732497, 21.8393622406, 2215.77541911, 
Chromsome [1]: (733.233333333)0.954428751066, -22.3744051375, 152478.692057, 13.3800927721, 2064.7796033, 
Chromsome [2]: (722.766666667)0.954428751066, -49.7160112849, 152478.692057, 13.3800927721, 2064.7796033, 
Chromsome [3]: (708.466666667)5.35518242681, 28.5409706915, -79392.6987417, 7.47772285649, 1808.00204974, 
Chromsome [4]: (702.1)4.68144509144, 81.4744265301, 80957.6976992, 9.33306030272, 1115.32826912, 
<------------ GEN 83--------------->
Chromsome [0]: (815.366666667)-4.48144509144, -56.0038310234, 17746.1732497, 21.8393622406, 2215.77541911, 
Chromsome [1]: (772.966666667)0.954428751066, -11.4008692214, 14924.3197612, 3.45465259251, 2240.71481583, 
Chromsome [2]: (743.566666667)0.954428751066, -22.3744051375, 285495.193471, 13.3800927721, 2064.7796033, 
Chromsome [3]: (729.066666667)0.954428751066, -49.7160112849, 152478.692057, 13.3800927721, 2064.7796033, 
Chromsome [4]: (697.733333333)4.26899469723, 75.5892726196, 153989.754092, 13.8684588446, 2209.25504559, 
<------------ GEN 84--------------->
Chromsome [0]: (818.133333333)-4.48144509144, -56.0038310234, 17746.1732497, 21.8393622406, 2215.77541911, 
Chromsome [1]: (776.0)0.954428751066, -11.4008692214, 14924.3197612, 3.91949500806, 2240.71481583, 
Chromsome [2]: (759.133333333)0.954428751066, -49.7160112849, 24079.3717288, 22.4471440285, 2322.51148691, 
Chromsome [3]: (756.566666667)0.954428751066, -49.7160112849, 36436.2655788, 13.3800927721, 2648.12238851, 
Chromsome [4]: (754.866666667)0.954428751066, -22.3744051375, 74504.8065288, 13.3800927721, 2752.00607092, 
<------------ GEN 85--------------->
Chromsome [0]: (805.633333333)-4.48144509144, -56.0038310234, 17746.1732497, 21.8393622406, 2215.77541911, 
Chromsome [1]: (744.466666667)0.954428751066, -11.4008692214, 14924.3197612, 3.21792285329, 2215.77541911, 
Chromsome [2]: (731.5)0.954428751066, -49.7160112849, 24079.3717288, 6.88107645036, 2789.02197922, 
Chromsome [3]: (720.833333333)0.954428751066, -49.7160112849, 17746.1732497, 21.8393622406, 2215.77541911, 
Chromsome [4]: (714.233333333)0.954428751066, -22.3744051375, 74504.8065288, 13.3800927721, 2752.00607092, 
<------------ GEN 86--------------->
Chromsome [0]: (814.266666667)-4.48144509144, -56.0038310234, 17746.1732497, 21.8393622406, 2215.77541911, 
Chromsome [1]: (759.933333333)0.954428751066, -6.56795519106, 14924.3197612, 3.21792285329, 2215.77541911, 
Chromsome [2]: (745.4)0.954428751066, -11.4008692214, 14924.3197612, 7.93065274775, 2752.00607092, 
Chromsome [3]: (736.3)0.954428751066, 46.2880293432, 17746.1732497, 21.8393622406, 2215.77541911, 
Chromsome [4]: (732.333333333)0.954428751066, -58.4960527685, 41900.7601614, 7.65024831471, 2180.79344834, 
<------------ GEN 87--------------->
Chromsome [0]: (806.833333333)-4.48144509144, -56.0038310234, 17746.1732497, 21.8393622406, 2215.77541911, 
Chromsome [1]: (766.066666667)0.954428751066, 46.2880293432, 14924.3197612, 3.21792285329, 2215.77541911, 
Chromsome [2]: (735.366666667)0.954428751066, -58.4960527685, 453.088366297, 22.4471440285, 1783.72556654, 
Chromsome [3]: (735.0)0.954428751066, -11.4008692214, 14924.3197612, 7.93065274775, 2433.61545295, 
Chromsome [4]: (730.133333333)0.954428751066, -6.56795519106, 17746.1732497, 21.8393622406, 2215.77541911, 
<------------ GEN 88--------------->
Chromsome [0]: (803.933333333)-81.5040971223, 45.6449596056, 84688.1113427, 19.9858586181, 2580.85051075, 
Chromsome [1]: (803.933333333)-4.48144509144, -56.0038310234, 17746.1732497, 21.8393622406, 2215.77541911, 
Chromsome [2]: (739.3)0.954428751066, -11.4008692214, 14924.3197612, 7.93065274775, 2433.61545295, 
Chromsome [3]: (735.233333333)0.954428751066, -58.4960527685, 453.088366297, 22.4471440285, 1227.99863466, 
Chromsome [4]: (728.866666667)0.954428751066, -6.56795519106, 24079.3717288, 22.4471440285, 1783.72556654, 
<------------ GEN 89--------------->
Chromsome [0]: (809.833333333)-81.5040971223, 45.6449596056, 84688.1113427, 19.9858586181, 2580.85051075, 
Chromsome [1]: (766.0)0.954428751066, -11.4008692214, 14924.3197612, 7.93065274775, 2433.61545295, 
Chromsome [2]: (759.366666667)0.954428751066, 51.7021656381, 14924.3197612, 29.4146093208, 1985.50543166, 
Chromsome [3]: (751.733333333)0.954428751066, -5.48857264378, 93551.8926483, 5.00711393299, 865.864050267, 
Chromsome [4]: (751.633333333)0.954428751066, -6.56795519106, 73186.9707554, 22.4471440285, 1675.0599549, 
<------------ GEN 90--------------->
Chromsome [0]: (810.866666667)-167.485446894, -11.4008692214, 156711.378253, 13.3800927721, 2215.77541911, 
Chromsome [1]: (810.866666667)-4.98223612695, -15.1252560702, 92268.8486949, 11.6608007599, 1847.83885547, 
Chromsome [2]: (810.866666667)-81.5040971223, 45.6449596056, 84688.1113427, 19.9858586181, 2580.85051075, 
Chromsome [3]: (787.2)0.954428751066, -1.55407500082, 14924.3197612, 3.21792285329, 1700.28642352, 
Chromsome [4]: (761.433333333)0.954428751066, -4.01058133147, 14924.3197612, 7.93065274775, 1609.907409, 
<------------ GEN 91--------------->
Chromsome [0]: (783.633333333)-13.0089239382, 49.628897468, 76423.4616088, 3.90453678773, 2920.2092126, 
Chromsome [1]: (783.633333333)-167.485446894, -11.4008692214, 156711.378253, 13.3800927721, 2215.77541911, 
Chromsome [2]: (718.6)0.954428751066, 41.9516289372, 73186.9707554, 37.3511670309, 1675.0599549, 
Chromsome [3]: (717.966666667)0.954428751066, 65.5408214823, 156711.378253, 17.1500968123, 2753.97197803, 
Chromsome [4]: (716.066666667)0.954428751066, 33.3661986932, 41900.7601614, 21.3839620476, 2998.25565056, 
<------------ GEN 92--------------->
Chromsome [0]: (802.666666667)-13.0089239382, 49.628897468, 76423.4616088, 3.90453678773, 2920.2092126, 
Chromsome [1]: (736.5)0.954428751066, 41.9516289372, 18657.361522, 11.1930221704, 2283.5098357, 
Chromsome [2]: (722.6)0.954428751066, 35.1618042439, 66122.9931535, 1.55722992696, 2177.27941708, 
Chromsome [3]: (718.5)0.954428751066, -5.48857264378, 84262.9143417, 5.00711393299, 1324.44670069, 
Chromsome [4]: (718.5)0.954428751066, -5.48857264378, 84262.9143417, 5.00711393299, 1324.44670069, 
<------------ GEN 93--------------->
Chromsome [0]: (818.333333333)-33.8796293125, -263.853152162, 17746.1732497, 3.97210591538, 1757.74448962, 
Chromsome [1]: (818.333333333)-13.0089239382, 49.628897468, 76423.4616088, 3.90453678773, 2920.2092126, 
Chromsome [2]: (751.366666667)0.954428751066, -5.48857264378, 37374.8079844, 25.037812694, 2920.2092126, 
Chromsome [3]: (750.133333333)0.954428751066, -5.48857264378, 79468.3158422, 19.9858586181, 1647.11803685, 
Chromsome [4]: (741.433333333)0.954428751066, 61.0216801962, 88446.8601142, 6.53395710124, 2315.66291461, 
<------------ GEN 94--------------->
Chromsome [0]: (803.966666667)-33.8796293125, -263.853152162, 17746.1732497, 3.97210591538, 1757.74448962, 
Chromsome [1]: (749.166666667)4.5717230851, -74.9482549323, 107309.07188, 16.3845987498, 1332.70550924, 
Chromsome [2]: (748.866666667)4.68144509144, -86.7983207514, 130277.608824, 5.53489615186, 1766.96817909, 
Chromsome [3]: (727.033333333)0.954428751066, -5.48857264378, 79468.3158422, 19.9858586181, 1647.11803685, 
Chromsome [4]: (726.4)0.954428751066, -5.48857264378, 37374.8079844, 25.037812694, 2998.25565056, 
<------------ GEN 95--------------->
Chromsome [0]: (818.8)-7.03429002654, -11.4008692214, 20972.7366141, 24.7433278119, 5643.67276653, 
Chromsome [1]: (818.8)-33.8796293125, -263.853152162, 17746.1732497, 3.97210591538, 1757.74448962, 
Chromsome [2]: (790.233333333)0.954428751066, 14.8243988816, 88446.8601142, 66.6701060065, 1332.70550924, 
Chromsome [3]: (788.466666667)0.954428751066, -29.4377790043, -71275.6296901, 1.55722992696, 2177.27941708, 
Chromsome [4]: (787.6)0.954428751066, -20.9417833278, 31302.2193457, 1.55722992696, 2177.27941708, 
<------------ GEN 96--------------->
Chromsome [0]: (802.433333333)-7.03429002654, -11.4008692214, 20972.7366141, 24.7433278119, 5643.67276653, 
Chromsome [1]: (765.966666667)0.954428751066, 14.8243988816, 18545.3796467, 22.9167704224, 2519.53174937, 
Chromsome [2]: (762.666666667)0.954428751066, -20.9417833278, 31302.2193457, 21.8393622406, 1823.861531, 
Chromsome [3]: (761.6)0.954428751066, 75.6863569099, 98697.8408403, 11.6608007599, 612.565876692, 
Chromsome [4]: (758.066666667)0.954428751066, -29.4377790043, 71275.6296901, 1.55722992696, 2177.27941708, 
<------------ GEN 97--------------->
Chromsome [0]: (796.566666667)-7.03429002654, -11.4008692214, 20972.7366141, 24.7433278119, 5643.67276653, 
Chromsome [1]: (758.866666667)0.954428751066, -20.9417833278, 31302.2193457, 3.97210591538, 1757.74448962, 
Chromsome [2]: (756.9)0.954428751066, 14.8243988816, 155791.894897, 22.9167704224, 2177.27941708, 
Chromsome [3]: (756.333333333)0.954428751066, -20.9417833278, 31302.2193457, 11.6608007599, 612.565876692, 
Chromsome [4]: (755.4)0.954428751066, 75.6863569099, 98697.8408403, 21.8393622406, 980.961278131, 
<------------ GEN 98--------------->
Chromsome [0]: (803.366666667)-3.36184738912, -58.1171949301, 76423.4616088, 13.1571192309, 800.757985698, 
Chromsome [1]: (803.366666667)-12.1903304763, -64.1676042506, 135160.894476, 5.53489615186, 1766.96817909, 
Chromsome [2]: (803.366666667)-7.03429002654, -11.4008692214, 20972.7366141, 24.7433278119, 5643.67276653, 
Chromsome [3]: (774.133333333)0.954428751066, -20.9417833278, 31302.2193457, 3.97210591538, 1757.74448962, 
Chromsome [4]: (767.033333333)0.954428751066, -20.9417833278, 31302.2193457, 39.4225470115, 612.565876692, 
<------------ GEN 99--------------->
Chromsome [0]: (820.233333333)-7.22615699091, -76.3025343987, 169776.047013, 4.24512510734, 2177.27941708, 
Chromsome [1]: (820.233333333)-3.36184738912, -58.1171949301, 76423.4616088, 13.1571192309, 800.757985698, 
Chromsome [2]: (801.933333333)0.954428751066, 75.6863569099, 98697.8408403, 8.11602854427, 980.961278131, 
Chromsome [3]: (801.933333333)0.954428751066, 60.7464778592, 127041.27201, 15.4224128164, 4652.62929928, 
Chromsome [4]: (799.8)0.954428751066, -20.9417833278, 31302.2193457, 18.8593802925, 1757.74448962, 
<------------ GEN 100--------------->
Chromsome [0]: (822.033333333)-7.22615699091, -76.3025343987, 169776.047013, 4.24512510734, 2177.27941708, 
Chromsome [1]: (794.933333333)0.954428751066, 75.6863569099, 29192.2254282, 24.8676258926, 2926.28612838, 
Chromsome [2]: (791.4)0.954428751066, -20.9417833278, 20077.34314, 29.0988736324, 547.354414985, 
Chromsome [3]: (791.0)0.954428751066, -42.8669059678, 31302.2193457, 18.8593802925, 2765.83515979, 
Chromsome [4]: (788.5)0.954428751066, -20.9417833278, 90214.027599, 21.8393622406, 1994.43392063, 
