<------------ GEN 1--------------->
Chromsome [0]: (806.5)3.9467489354, -6.19757148374, 6701.51525098, 26.3709214379, 1016.93163787, 
Chromsome [1]: (791.0)11.0507482213, 67.777421833, 16403.9090237, 4.72342589218, 2043.63962075, 
Chromsome [2]: (790.966666667)10.9699841901, -57.3499477683, 75667.5782883, 11.3941092838, 510.161884168, 
Chromsome [3]: (713.133333333)23.5889550222, 77.5957684499, 10477.3759254, 10.7758921958, 1237.32122592, 
Chromsome [4]: (702.266666667)22.7653092327, -43.8034541162, 149832.53451, 7.87548817879, 2128.27128699, 
<------------ GEN 2--------------->
Chromsome [0]: (802.766666667)-37.5174336236, 77.5957684499, 165846.993752, 10.7758921958, 1983.4045234, 
Chromsome [1]: (785.666666667)3.9467489354, -6.19757148374, 6701.51525098, 26.3709214379, 635.320118177, 
Chromsome [2]: (785.666666667)3.9467489354, -6.19757148374, 6701.51525098, 26.3709214379, 1016.93163787, 
Chromsome [3]: (760.566666667)11.0507482213, 67.777421833, 16403.9090237, 4.72342589218, 2043.63962075, 
Chromsome [4]: (746.9)11.0507482213, 67.777421833, 16403.9090237, 17.4039072182, 2191.97471635, 
<------------ GEN 3--------------->
Chromsome [0]: (808.066666667)3.9467489354, -81.3873613027, 172851.777985, 18.31506381, 1555.18643016, 
Chromsome [1]: (807.133333333)-37.5174336236, 77.5957684499, 165846.993752, 10.7758921958, 1983.4045234, 
Chromsome [2]: (803.866666667)3.9467489354, -6.19757148374, 6701.51525098, 26.3709214379, 1016.93163787, 
Chromsome [3]: (803.866666667)3.9467489354, -6.19757148374, 6701.51525098, 11.4246352932, 775.539175019, 
Chromsome [4]: (803.7)4.60910627298, -28.5840346729, 75885.5679327, 19.4935000962, 2058.07988828, 
<------------ GEN 4--------------->
Chromsome [0]: (818.066666667)3.9467489354, -81.3873613027, 172851.777985, 18.31506381, 1555.18643016, 
Chromsome [1]: (817.666666667)3.9467489354, -72.834988639, 136242.626213, 2.95235698352, 780.485326418, 
Chromsome [2]: (813.866666667)3.9467489354, -6.19757148374, 6701.51525098, 5.06117572125, 3107.71886102, 
Chromsome [3]: (813.866666667)3.9467489354, -6.19757148374, 6701.51525098, 11.4246352932, 775.539175019, 
Chromsome [4]: (813.866666667)3.9467489354, -6.19757148374, 6701.51525098, 11.4246352932, 775.539175019, 
<------------ GEN 5--------------->
Chromsome [0]: (812.333333333)3.9467489354, -81.3873613027, 172851.777985, 17.4039072182, 2735.22241115, 
Chromsome [1]: (812.333333333)3.9467489354, -81.3873613027, 172851.777985, 18.31506381, 1555.18643016, 
Chromsome [2]: (811.533333333)3.9467489354, -72.834988639, 8836.89715894, 2.95235698352, 780.485326418, 
Chromsome [3]: (799.733333333)3.9467489354, -6.19757148374, 95627.4872745, 9.2034278395, 1450.29330428, 
Chromsome [4]: (799.733333333)3.9467489354, -6.19757148374, 6701.51525098, 11.4246352932, 775.539175019, 
<------------ GEN 6--------------->
Chromsome [0]: (821.3)3.9467489354, -81.3873613027, 172851.777985, 9.00580288862, 1450.29330428, 
Chromsome [1]: (821.3)3.9467489354, -81.3873613027, 172851.777985, 17.4039072182, 335.14806481, 
Chromsome [2]: (821.3)3.9467489354, -81.3873613027, 172851.777985, 17.4039072182, 2735.22241115, 
Chromsome [3]: (820.766666667)3.9467489354, -72.834988639, 8974.60164368, 17.4039072182, 986.679882125, 
Chromsome [4]: (817.333333333)3.9467489354, 21.6146284721, 6701.51525098, 11.4246352932, 2703.26061043, 
<------------ GEN 7--------------->
Chromsome [0]: (807.8)-16.2170998952, 50.5401886958, 75667.5782883, 11.3941092838, 1528.54034742, 
Chromsome [1]: (801.566666667)3.9467489354, -72.834988639, 8974.60164368, 17.4039072182, 3810.1371014, 
Chromsome [2]: (798.333333333)3.9467489354, -81.3873613027, 27482.6317346, 9.00580288862, 1450.29330428, 
Chromsome [3]: (798.333333333)3.9467489354, -81.3873613027, 172851.777985, 9.54629701931, 2603.55233903, 
Chromsome [4]: (798.333333333)3.9467489354, -81.3873613027, 172851.777985, 9.00580288862, 1450.29330428, 
<------------ GEN 8--------------->
Chromsome [0]: (820.5)-16.4844636159, -12.1018566299, 81935.3729506, 4.91126413747, 1364.22591787, 
Chromsome [1]: (820.5)-16.2170998952, 50.5401886958, 75667.5782883, 11.3941092838, 1528.54034742, 
Chromsome [2]: (792.366666667)3.9467489354, -81.3873613027, 172851.777985, 18.31506381, 1404.30353322, 
Chromsome [3]: (792.366666667)3.9467489354, -81.3873613027, 197489.005011, 9.00580288862, 1450.29330428, 
Chromsome [4]: (792.366666667)3.9467489354, -81.3873613027, 159401.75216, 2.07550045987, 1038.62727533, 
<------------ GEN 9--------------->
Chromsome [0]: (833.2)-16.4844636159, -12.1018566299, 81935.3729506, 4.91126413747, 1364.22591787, 
Chromsome [1]: (803.766666667)3.9467489354, -81.3873613027, 159401.75216, 21.8032545827, 1602.33601846, 
Chromsome [2]: (803.766666667)3.9467489354, -81.3873613027, 162510.994989, 9.00580288862, 1133.85430263, 
Chromsome [3]: (803.766666667)3.9467489354, -81.3873613027, 172851.777985, 18.31506381, 1404.30353322, 
Chromsome [4]: (790.966666667)3.9467489354, -15.6468587661, 86449.4072863, 4.00892575702, 1483.55441458, 
<------------ GEN 10--------------->
Chromsome [0]: (819.633333333)-16.4844636159, -12.1018566299, 81935.3729506, 4.91126413747, 1364.22591787, 
Chromsome [1]: (788.866666667)3.9467489354, -81.3873613027, 6701.51525098, 11.0558613853, 2892.28113898, 
Chromsome [2]: (763.666666667)3.9467489354, -7.13753921469, 86857.2608679, 22.6721554973, 664.85193519, 
Chromsome [3]: (763.666666667)2.50419689759, 21.4919738199, 45105.8865572, 5.06117572125, 1555.18643016, 
Chromsome [4]: (762.866666667)3.9467489354, 21.9468979554, 168381.266618, 4.91126413747, 1364.22591787, 
<------------ GEN 11--------------->
Chromsome [0]: (810.266666667)-16.4844636159, -12.1018566299, 81935.3729506, 4.91126413747, 1364.22591787, 
Chromsome [1]: (760.3)3.9467489354, -81.3873613027, 117669.544418, 11.0558613853, 2892.28113898, 
Chromsome [2]: (747.166666667)6.73405940634, 21.9468979554, 168381.266618, 4.91126413747, 1364.22591787, 
Chromsome [3]: (739.1)3.9467489354, 57.3232777481, 146537.819953, 18.31506381, 880.004809704, 
Chromsome [4]: (739.033333333)3.9467489354, 21.9468979554, 168381.266618, 4.91126413747, 1364.22591787, 
<------------ GEN 12--------------->
Chromsome [0]: (816.166666667)-30.5802020295, -115.27489784, 95627.4872745, 4.00892575702, 1919.26533248, 
Chromsome [1]: (816.166666667)-16.4844636159, -12.1018566299, 81935.3729506, 4.91126413747, 1364.22591787, 
Chromsome [2]: (779.766666667)3.9467489354, -81.3873613027, 117669.544418, 17.4572838794, 2892.28113898, 
Chromsome [3]: (750.366666667)2.50419689759, 21.4919738199, 146119.262458, 5.06117572125, 2549.05058136, 
Chromsome [4]: (749.9)3.9467489354, 57.3232777481, 146537.819953, 18.31506381, 880.004809704, 
<------------ GEN 13--------------->
Chromsome [0]: (825.533333333)-30.5802020295, -115.27489784, 95627.4872745, 4.00892575702, 1919.26533248, 
Chromsome [1]: (771.7)3.9467489354, -81.3873613027, 117669.544418, 17.4572838794, 2986.31695611, 
Chromsome [2]: (734.066666667)2.50419689759, 21.4919738199, 68498.2313433, 5.06117572125, 312.388301404, 
Chromsome [3]: (729.033333333)3.9467489354, 57.3232777481, 146537.819953, 8.82071504731, 2302.71550212, 
Chromsome [4]: (728.033333333)3.9467489354, -15.3772969958, 38082.6525606, 4.91126413747, 1498.65827461, 
<------------ GEN 14--------------->
Chromsome [0]: (816.866666667)-10.2952482723, 21.9468979554, 28181.2995596, 21.5310289056, 2651.26301656, 
Chromsome [1]: (816.866666667)-30.5802020295, -115.27489784, 95627.4872745, 4.00892575702, 1919.26533248, 
Chromsome [2]: (761.266666667)3.9467489354, 127.968496023, 38082.6525606, 1.8533005891, 1241.73060203, 
Chromsome [3]: (757.0)3.9467489354, -81.3873613027, 117669.544418, 0.537453476102, 1633.42970619, 
Chromsome [4]: (727.733333333)6.73405940634, 47.6583682558, 74976.2517175, 1.09471837617, 2892.28113898, 
<------------ GEN 15--------------->
Chromsome [0]: (801.233333333)-6.76486023054, -15.6468587661, 117717.86555, 1.76309532734, 2061.74616805, 
Chromsome [1]: (801.233333333)-10.2952482723, 21.9468979554, 28181.2995596, 21.5310289056, 2651.26301656, 
Chromsome [2]: (733.2)3.9467489354, -81.3873613027, 117669.544418, 0.537453476102, 1633.42970619, 
Chromsome [3]: (695.366666667)2.50419689759, 60.1349810531, 75989.8777911, 9.76243071703, 1498.65827461, 
Chromsome [4]: (691.2)6.73405940634, 47.6583682558, 74976.2517175, 12.124511867, 6952.76780234, 
<------------ GEN 16--------------->
Chromsome [0]: (809.666666667)-36.3431423409, -12.1018566299, 106055.948041, 29.8212232575, 1364.22591787, 
Chromsome [1]: (809.666666667)-6.76486023054, -15.6468587661, 117717.86555, 1.76309532734, 2061.74616805, 
Chromsome [2]: (745.0)3.9467489354, -81.3873613027, 117669.544418, 29.7605154748, 1633.42970619, 
Chromsome [3]: (738.033333333)3.9467489354, 144.607141456, 53655.6800559, 21.5310289056, 2432.77964813, 
Chromsome [4]: (713.0)6.96486023054, 21.9468979554, 38082.6525606, 20.1698144436, 1241.73060203, 
<------------ GEN 17--------------->
Chromsome [0]: (808.266666667)-0.494831175363, -12.1018566299, 163745.618119, 9.00580288862, 2063.22067437, 
Chromsome [1]: (808.266666667)-36.3431423409, -12.1018566299, 106055.948041, 29.8212232575, 1364.22591787, 
Chromsome [2]: (732.466666667)6.96486023054, 21.9468979554, 38082.6525606, 20.1698144436, 1241.73060203, 
Chromsome [3]: (732.466666667)6.96486023054, 21.9468979554, 38082.6525606, 20.1698144436, 1241.73060203, 
Chromsome [4]: (731.733333333)6.73405940634, 47.6583682558, 161916.212466, 1.76309532734, 2061.74616805, 
<------------ GEN 18--------------->
Chromsome [0]: (805.066666667)-40.781310518, -15.6468587661, 162311.447074, 12.124511867, 1638.75736663, 
Chromsome [1]: (805.066666667)-0.494831175363, -12.1018566299, 163745.618119, 9.00580288862, 2063.22067437, 
Chromsome [2]: (802.133333333)0.694831175363, -12.1018566299, 20428.0605392, 9.00580288862, 1364.22591787, 
Chromsome [3]: (712.666666667)2.50419689759, 57.3232777481, 81935.3729506, 23.5226146835, 1676.5892987, 
Chromsome [4]: (705.1)6.96486023054, 25.3168334471, 29858.6421974, 10.1289566889, 1782.52762297, 
<------------ GEN 19--------------->
Chromsome [0]: (795.433333333)-40.781310518, -15.6468587661, 162311.447074, 12.124511867, 1638.75736663, 
Chromsome [1]: (779.866666667)0.694831175363, -12.1018566299, 20428.0605392, 9.00580288862, 1364.22591787, 
Chromsome [2]: (779.733333333)0.694831175363, -12.1018566299, 163745.618119, 9.00580288862, 2063.22067437, 
Chromsome [3]: (728.166666667)1.95180648769, -45.3382234444, 74976.2517175, 12.124511867, 503.339142313, 
Chromsome [4]: (719.1)4.49304468122, -205.975209461, 86449.4072863, 29.9074169216, 2330.34881858, 
<------------ GEN 20--------------->
Chromsome [0]: (791.833333333)-40.781310518, -15.6468587661, 162311.447074, 12.124511867, 1638.75736663, 
Chromsome [1]: (785.966666667)0.694831175363, 47.6583682558, 66168.134548, 15.5385249401, 711.243688832, 
Chromsome [2]: (785.966666667)0.694831175363, -12.1018566299, 22322.7509442, 9.00580288862, 1364.22591787, 
Chromsome [3]: (707.5)1.95180648769, 25.9752094613, 86449.4072863, 29.9074169216, 2330.34881858, 
Chromsome [4]: (691.4)6.96486023054, 25.3168334471, 29858.6421974, 24.8336005391, 1364.22591787, 
<------------ GEN 21--------------->
Chromsome [0]: (822.9)-40.781310518, -15.6468587661, 162311.447074, 12.124511867, 1638.75736663, 
Chromsome [1]: (798.833333333)0.694831175363, -12.1018566299, 22322.7509442, 20.7227304255, 575.750411182, 
Chromsome [2]: (748.233333333)1.95180648769, 19.139891392, 95232.5294339, 4.29888923743, 1782.52762297, 
Chromsome [3]: (741.233333333)4.49304468122, -7.25845219556, 6726.55025339, 7.33209550445, 938.060469367, 
Chromsome [4]: (712.533333333)6.96486023054, 25.3168334471, 29858.6421974, 24.8336005391, 2246.55459998, 
<------------ GEN 22--------------->
Chromsome [0]: (811.6)-40.781310518, -15.6468587661, 162311.447074, 12.124511867, 1638.75736663, 
Chromsome [1]: (777.0)0.694831175363, -6.69362667566, 22322.7509442, 20.7227304255, 575.750411182, 
Chromsome [2]: (725.433333333)1.95180648769, 19.139891392, 95232.5294339, 4.29888923743, 838.089943034, 
Chromsome [3]: (724.733333333)1.95180648769, 14.0977573285, 95232.5294339, 4.29888923743, 2988.95804076, 
Chromsome [4]: (717.766666667)4.49304468122, -7.25845219556, 6726.55025339, 23.1025646947, 938.060469367, 
<------------ GEN 23--------------->
Chromsome [0]: (829.8)-40.781310518, -15.6468587661, 162311.447074, 12.124511867, 1638.75736663, 
Chromsome [1]: (824.066666667)0.694831175363, -6.69362667566, -98049.9892702, 20.7227304255, 2045.38848451, 
Chromsome [2]: (786.4)1.95180648769, -15.6468587661, 140290.666833, 0.537453476102, 1039.93541285, 
Chromsome [3]: (735.266666667)6.96486023054, -28.8169151929, 161916.212466, 8.25301254561, 804.063024508, 
Chromsome [4]: (734.9)6.73405940634, 41.6646753235, 29858.6421974, 24.8336005391, 1638.75736663, 
<------------ GEN 24--------------->
Chromsome [0]: (840.2)-40.781310518, -15.6468587661, 162311.447074, 12.124511867, 1638.75736663, 
Chromsome [1]: (837.3)0.694831175363, -6.69362667566, 98049.9892702, 10.1289566889, 711.243688832, 
Chromsome [2]: (788.966666667)1.95180648769, 85.033162891, 163745.618119, 13.6906944954, 938.060469367, 
Chromsome [3]: (737.666666667)6.73405940634, 41.6646753235, 29858.6421974, 24.7832669995, 2892.19412905, 
Chromsome [4]: (737.333333333)6.96486023054, 33.439776161, 186703.450853, 12.124511867, 2370.42645289, 
<------------ GEN 25--------------->
Chromsome [0]: (831.533333333)-40.781310518, -15.6468587661, 162311.447074, 12.124511867, 1638.75736663, 
Chromsome [1]: (794.166666667)1.95180648769, 76.6004314025, 163745.618119, 13.6906944954, 938.060469367, 
Chromsome [2]: (792.333333333)1.95180648769, 85.033162891, 101187.179862, 13.6906944954, 938.060469367, 
Chromsome [3]: (754.2)6.73405940634, 85.4684217861, -19684.7938894, 25.1436621183, 2161.26440883, 
Chromsome [4]: (753.666666667)6.96486023054, 41.6646753235, 29858.6421974, 24.7832669995, 888.958467403, 
<------------ GEN 26--------------->
Chromsome [0]: (843.033333333)-40.781310518, -15.6468587661, 162311.447074, 12.124511867, 1638.75736663, 
Chromsome [1]: (802.566666667)1.95180648769, 55.1899151726, 162311.447074, 0.596919071303, 821.51064782, 
Chromsome [2]: (797.566666667)2.13920007079, 10.2502939822, 173296.549147, 8.25918050118, 503.339142313, 
Chromsome [3]: (781.766666667)3.8768170475, 41.6646753235, 29858.6421974, 24.7832669995, 888.958467403, 
Chromsome [4]: (739.633333333)6.96486023054, 41.6646753235, 29858.6421974, 24.7832669995, 4012.77351502, 
<------------ GEN 27--------------->
Chromsome [0]: (828.566666667)-40.781310518, -15.6468587661, 162311.447074, 12.124511867, 1638.75736663, 
Chromsome [1]: (777.666666667)1.95180648769, -78.0684777141, 162311.447074, 34.531759432, 2823.83703583, 
Chromsome [2]: (772.7)2.13920007079, 10.2502939822, 65209.2639934, 8.25918050118, 503.339142313, 
Chromsome [3]: (756.033333333)3.8768170475, -15.6468587661, 162311.447074, 12.124511867, 1638.75736663, 
Chromsome [4]: (732.833333333)6.96486023054, 41.6646753235, 29858.6421974, 32.3136565507, 1987.22648498, 
<------------ GEN 28--------------->
Chromsome [0]: (850.833333333)-40.781310518, -15.6468587661, 162311.447074, 12.124511867, 1638.75736663, 
Chromsome [1]: (796.233333333)1.95180648769, 41.6646753235, 29858.6421974, 3.49682841545, 888.958467403, 
Chromsome [2]: (760.633333333)3.8768170475, -15.6468587661, 101187.179862, 9.57721541828, 2904.37253174, 
Chromsome [3]: (760.633333333)3.8768170475, -15.6468587661, 162311.447074, 12.124511867, 2238.11132952, 
Chromsome [4]: (734.5)6.96486023054, 41.6646753235, 29858.6421974, 27.6863434493, 1987.22648498, 
<------------ GEN 29--------------->
Chromsome [0]: (856.533333333)-32.383519337, -15.6468587661, 161916.212466, 24.9042833122, 2069.2014764, 
Chromsome [1]: (856.533333333)-40.781310518, -15.6468587661, 162311.447074, 12.124511867, 1638.75736663, 
Chromsome [2]: (821.4)1.95180648769, 41.6646753235, 29858.6421974, 3.49682841545, 2607.13053159, 
Chromsome [3]: (767.433333333)3.8768170475, -15.6468587661, 101187.179862, 21.940195945, 2206.05686321, 
Chromsome [4]: (767.433333333)3.8768170475, -15.6468587661, 3605.95744459, 12.124511867, 2668.68046171, 
<------------ GEN 30--------------->
Chromsome [0]: (845.5)-32.383519337, -15.6468587661, 161916.212466, 24.9042833122, 2069.2014764, 
Chromsome [1]: (797.2)1.95180648769, 66.349879031, 29858.6421974, 9.71037416356, 2904.37253174, 
Chromsome [2]: (743.566666667)3.8768170475, -15.6468587661, 101187.179862, 21.940195945, 995.058079781, 
Chromsome [3]: (743.566666667)3.8768170475, -15.6468587661, 101187.179862, 29.2931344276, 1638.75736663, 
Chromsome [4]: (743.566666667)3.8768170475, -15.6468587661, 3605.95744459, 2.66455388776, 1009.76227591, 
<------------ GEN 31--------------->
Chromsome [0]: (827.066666667)-32.383519337, -15.6468587661, 161916.212466, 24.9042833122, 2069.2014764, 
Chromsome [1]: (773.966666667)3.8768170475, -83.8930107668, 154188.358669, 0.179861612206, 2406.08147976, 
Chromsome [2]: (773.933333333)3.8768170475, 70.9234485965, 101187.179862, 21.940195945, 995.058079781, 
Chromsome [3]: (773.0)1.95180648769, 66.349879031, 29858.6421974, 9.71037416356, 2904.37253174, 
Chromsome [4]: (748.533333333)3.8768170475, -52.684661212, 101187.179862, 11.8819815983, 2993.31656576, 
<------------ GEN 32--------------->
Chromsome [0]: (801.333333333)-32.383519337, -15.6468587661, 161916.212466, 24.9042833122, 2069.2014764, 
Chromsome [1]: (752.566666667)3.8768170475, 61.146972999, 5134.65573869, 26.0469657541, 1840.15527102, 
Chromsome [2]: (748.1)3.8768170475, 70.9234485965, 101187.179862, -4.10662133852, 995.058079781, 
Chromsome [3]: (745.566666667)3.8768170475, -75.7607116724, 165291.099347, 0.179861612206, -2426.5564173, 
Chromsome [4]: (722.7)3.8768170475, -52.684661212, 43764.2966252, 9.1496383477, 2503.59647939, 
<------------ GEN 33--------------->
Chromsome [0]: (802.666666667)-108.523652323, -52.684661212, 101187.179862, 11.8819815983, 2982.85106093, 
Chromsome [1]: (802.666666667)-32.383519337, -15.6468587661, 161916.212466, 24.9042833122, 2069.2014764, 
Chromsome [2]: (737.7)3.8768170475, 61.146972999, 5134.65573869, 26.0469657541, 1235.45718288, 
Chromsome [3]: (734.4)3.8768170475, -75.7607116724, 53008.5298236, 0.179861612206, 3426.5564173, 
Chromsome [4]: (704.7)3.8768170475, 173.001892628, 165291.099347, 0.179861612206, 3426.5564173, 
<------------ GEN 34--------------->
Chromsome [0]: (801.9)-67.0871156602, -52.684661212, 44095.0315741, -1.99506620781, 1118.69918652, 
Chromsome [1]: (801.9)-108.523652323, -52.684661212, 101187.179862, 11.8819815983, 2982.85106093, 
Chromsome [2]: (756.566666667)3.8768170475, -83.9283087206, 65800.6957581, 12.124511867, 503.339142313, 
Chromsome [3]: (756.566666667)3.8768170475, 61.146972999, 5134.65573869, 16.6698146107, -715.946492317, 
Chromsome [4]: (721.333333333)6.96486023054, 42.9018799525, 126996.415132, 0.660518708499, 1638.75736663, 
<------------ GEN 35--------------->
Chromsome [0]: (848.866666667)-67.0871156602, -52.684661212, 44095.0315741, -1.99506620781, 1118.69918652, 
Chromsome [1]: (790.666666667)1.51981054038, 35.3928585442, 174403.504944, 17.5390433824, 1779.96112564, 
Chromsome [2]: (770.4)3.8768170475, 89.6734302353, 44095.0315741, 16.9713651443, 1118.69918652, 
Chromsome [3]: (770.4)3.8768170475, 61.146972999, 5134.65573869, 21.6544915411, 2601.25983418, 
Chromsome [4]: (751.866666667)6.96486023054, 42.9018799525, -90836.4006845, 0.660518708499, 2573.4435827, 
<------------ GEN 36--------------->
Chromsome [0]: (820.666666667)-67.0871156602, -52.684661212, 44095.0315741, -1.99506620781, 1118.69918652, 
Chromsome [1]: (757.766666667)3.61626245683, -75.9003886313, 3605.95744459, 35.2310588454, 2503.59647939, 
Chromsome [2]: (754.8)1.51981054038, 35.3928585442, 174403.504944, 40.8614074261, 2619.66367093, 
Chromsome [3]: (749.4)3.8768170475, 61.146972999, 5134.65573869, 21.6544915411, 2503.59647939, 
Chromsome [4]: (707.066666667)3.8768170475, 61.146972999, 179263.837846, 0.179861612206, 1638.75736663, 
<------------ GEN 37--------------->
Chromsome [0]: (811.5)-160.109890965, 42.9018799525, 48928.7694868, 0.660518708499, 2214.8485299, 
Chromsome [1]: (811.5)-67.0871156602, -52.684661212, 44095.0315741, -1.99506620781, 1118.69918652, 
Chromsome [2]: (772.633333333)1.51981054038, -7.38417414451, 21020.9276194, 0.660518708499, 2573.4435827, 
Chromsome [3]: (744.0)1.37113301478, 10.3548961259, 5134.65573869, 21.6544915411, 2503.59647939, 
Chromsome [4]: (728.466666667)3.61626245683, -75.9003886313, 3605.95744459, 24.7689411546, 2503.59647939, 
<------------ GEN 38--------------->
Chromsome [0]: (811.5)-19.11731676, -88.8726686074, 101187.179862, 0.334730848773, 2654.5409078, 
Chromsome [1]: (811.5)-0.857498638776, -15.6468587661, 136563.609418, 1.30540613271, 2605.99519713, 
Chromsome [2]: (811.5)-160.109890965, 42.9018799525, 48928.7694868, 0.660518708499, 2214.8485299, 
Chromsome [3]: (728.766666667)1.51981054038, -7.38417414451, 31839.7660488, 0.660518708499, 2573.4435827, 
Chromsome [4]: (711.433333333)3.61626245683, -75.9003886313, 3605.95744459, 24.7689411546, 2503.59647939, 
<------------ GEN 39--------------->
Chromsome [0]: (811.2)-19.11731676, -88.8726686074, 101187.179862, 0.334730848773, 2654.5409078, 
Chromsome [1]: (716.1)1.51981054038, -7.38417414451, 31839.7660488, 0.660518708499, 944.44591051, 
Chromsome [2]: (702.0)3.61626245683, -75.9003886313, 3605.95744459, 1.30540613271, 2605.99519713, 
Chromsome [3]: (693.7)3.8768170475, 61.146972999, 5134.65573869, 21.6544915411, 986.394452635, 
Chromsome [4]: (691.3)1.51981054038, -7.38417414451, 91733.4905368, 3.50632098013, 1392.96308044, 
<------------ GEN 40--------------->
Chromsome [0]: (809.0)-8.47529456712, -45.4474853261, 44095.0315741, 12.1254328071, 1118.69918652, 
Chromsome [1]: (809.0)-19.11731676, -88.8726686074, 101187.179862, 0.334730848773, 2654.5409078, 
Chromsome [2]: (759.966666667)1.51981054038, -7.38417414451, 13419.5155609, 3.50632098013, 1913.12788057, 
Chromsome [3]: (736.833333333)1.51981054038, -7.38417414451, 31839.7660488, 0.660518708499, 944.44591051, 
Chromsome [4]: (722.066666667)3.61626245683, -75.9003886313, 3605.95744459, 1.30540613271, 924.891752493, 
<------------ GEN 41--------------->
Chromsome [0]: (818.133333333)-8.47529456712, -45.4474853261, 44095.0315741, 12.1254328071, 1118.69918652, 
Chromsome [1]: (731.966666667)3.61626245683, -75.9003886313, 3605.95744459, 1.30540613271, 924.891752493, 
Chromsome [2]: (731.0)1.05749863878, 28.9910461912, 136563.609418, 1.30540613271, 1483.29235658, 
Chromsome [3]: (719.866666667)1.51981054038, -7.38417414451, 13419.5155609, 16.0803001391, 6579.60040598, 
Chromsome [4]: (719.233333333)3.61626245683, 84.883708467, 132261.505946, 3.50632098013, 1913.12788057, 
<------------ GEN 42--------------->
Chromsome [0]: (787.766666667)-8.47529456712, -45.4474853261, 44095.0315741, 12.1254328071, 1118.69918652, 
Chromsome [1]: (708.6)1.05749863878, 28.9910461912, 151449.329971, 1.99506620781, 2943.79681479, 
Chromsome [2]: (685.7)1.51981054038, -7.38417414451, 13419.5155609, 15.3395032709, -579.600405978, 
Chromsome [3]: (680.933333333)3.61626245683, 84.883708467, 156410.928007, 3.50632098013, 1117.98979144, 
Chromsome [4]: (680.933333333)3.61626245683, 84.883708467, 132261.505946, 22.5029962858, 2654.5409078, 
<------------ GEN 43--------------->
Chromsome [0]: (803.666666667)-8.47529456712, -45.4474853261, 44095.0315741, 12.1254328071, 1118.69918652, 
Chromsome [1]: (727.466666667)1.05749863878, 28.9910461912, 151449.329971, 1.99506620781, 2561.72870878, 
Chromsome [2]: (714.733333333)1.51981054038, -7.38417414451, 44095.0315741, 6.53496622882, 1118.69918652, 
Chromsome [3]: (709.366666667)1.51981054038, -7.38417414451, 13419.5155609, 15.3395032709, 2842.65940383, 
Chromsome [4]: (675.833333333)8.67529456712, -45.4474853261, 44095.0315741, 12.1254328071, 1118.69918652, 
<------------ GEN 44--------------->
Chromsome [0]: (805.0)-116.447005303, -67.2339331723, 255022.962495, 14.5660349205, 2001.59034443, 
Chromsome [1]: (805.0)-8.47529456712, -45.4474853261, 44095.0315741, 12.1254328071, 1118.69918652, 
Chromsome [2]: (737.433333333)1.05749863878, 28.9910461912, 151449.329971, 1.99506620781, 2561.72870878, 
Chromsome [3]: (710.033333333)1.51981054038, -7.38417414451, 44095.0315741, 0.660518708499, 2214.8485299, 
Chromsome [4]: (708.766666667)1.51981054038, -7.38417414451, 13419.5155609, 12.1254328071, 1118.69918652, 
<------------ GEN 45--------------->
Chromsome [0]: (808.6)-116.447005303, -67.2339331723, 255022.962495, 14.5660349205, 2001.59034443, 
Chromsome [1]: (743.066666667)1.05749863878, 28.9910461912, 151449.329971, 23.9765341169, 2310.35936729, 
Chromsome [2]: (743.066666667)1.05749863878, 28.9910461912, 151449.329971, 1.99506620781, 2561.72870878, 
Chromsome [3]: (721.033333333)1.51981054038, -7.38417414451, 41857.3650513, 5.17970432242, 1300.63772819, 
Chromsome [4]: (720.133333333)1.51981054038, -7.38417414451, 44095.0315741, 0.660518708499, 2214.8485299, 
<------------ GEN 46--------------->
Chromsome [0]: (808.3)-116.447005303, -67.2339331723, 255022.962495, 14.5660349205, 2001.59034443, 
Chromsome [1]: (739.1)3.8768170475, 115.665827521, 72348.0069621, 26.2831952002, 2569.93528091, 
Chromsome [2]: (734.7)1.05749863878, 28.9910461912, 151449.329971, 1.99506620781, 1360.03492041, 
Chromsome [3]: (734.7)1.05749863878, 16.4039799756, 151449.329971, 23.9765341169, 2711.89988549, 
Chromsome [4]: (723.0)1.51981054038, -55.5179681311, 31839.7660488, 5.73314195471, 2859.4136355, 
<------------ GEN 47--------------->
Chromsome [0]: (799.5)-93.8481836366, -57.8730208668, 169615.599786, 16.8841575064, 2247.1669434, 
Chromsome [1]: (799.5)-116.447005303, -67.2339331723, 255022.962495, 14.5660349205, 2001.59034443, 
Chromsome [2]: (721.433333333)3.61626245683, -88.0093224744, 177277.592024, 14.5660349205, 1877.5431265, 
Chromsome [3]: (718.9)3.8768170475, 86.7502254676, 44095.0315741, 0.660518708499, 1814.42532556, 
Chromsome [4]: (714.633333333)1.05749863878, 16.4039799756, 151449.329971, 23.9765341169, 2711.89988549, 
<------------ GEN 48--------------->
Chromsome [0]: (805.766666667)-93.8481836366, -57.8730208668, 169615.599786, 16.8841575064, 2247.1669434, 
Chromsome [1]: (731.933333333)3.61626245683, -79.2389046942, 110733.266313, 0.173494440205, 2859.4136355, 
Chromsome [2]: (728.666666667)1.51981054038, -55.5179681311, 31839.7660488, 5.73314195471, 2859.4136355, 
Chromsome [3]: (723.866666667)1.05749863878, 16.4039799756, 72046.43691, 23.9765341169, 1647.80612682, 
Chromsome [4]: (720.433333333)1.51981054038, 43.9837491281, 31839.7660488, 5.73314195471, 2859.4136355, 
<------------ GEN 49--------------->
Chromsome [0]: (808.133333333)-93.8481836366, -57.8730208668, 169615.599786, 16.8841575064, 2247.1669434, 
Chromsome [1]: (753.833333333)3.61626245683, -79.2389046942, 41857.3650513, 26.0258719729, 1810.95503445, 
Chromsome [2]: (748.366666667)1.05749863878, -12.381119659, 31839.7660488, 29.2679608793, 2859.4136355, 
Chromsome [3]: (730.9)1.39883870309, 10.3548961259, 101187.179862, 14.5660349205, 1197.89283607, 
Chromsome [4]: (721.666666667)1.51981054038, -67.2075833553, 104977.037505, 14.5660349205, 2001.59034443, 
<------------ GEN 50--------------->
Chromsome [0]: (818.1)-93.8481836366, -57.8730208668, 169615.599786, 16.8841575064, 2247.1669434, 
Chromsome [1]: (768.8)3.8768170475, 84.0657621429, 101187.179862, 14.5660349205, 1197.89283607, 
Chromsome [2]: (764.6)3.61626245683, -79.2389046942, 31839.7660488, 29.2679608793, 2751.17392024, 
Chromsome [3]: (750.733333333)1.05749863878, -12.381119659, 41865.9912119, 29.2679608793, 2859.4136355, 
Chromsome [4]: (737.0)3.61626245683, -199.4713845, 166705.823417, 4.35680265525, -394.578788146, 
<------------ GEN 51--------------->
Chromsome [0]: (810.9)-93.8481836366, -57.8730208668, 169615.599786, 16.8841575064, 2247.1669434, 
Chromsome [1]: (756.633333333)3.8768170475, 84.0657621429, 101187.179862, 14.5660349205, 2859.4136355, 
Chromsome [2]: (735.066666667)1.05749863878, -50.8091661327, 41865.9912119, 29.2679608793, 1197.89283607, 
Chromsome [3]: (728.666666667)1.51981054038, -0.513951858899, 85856.0901364, 5.74549255601, 654.081272498, 
Chromsome [4]: (712.233333333)1.51981054038, -38.4036490005, 166521.580008, 27.6427205186, 1647.80612682, 
<------------ GEN 52--------------->
Chromsome [0]: (815.433333333)-28.1928114757, 6.11016045339, 72190.5422773, 14.5660349205, 2001.59034443, 
Chromsome [1]: (815.433333333)-93.8481836366, -57.8730208668, 169615.599786, 16.8841575064, 2247.1669434, 
Chromsome [2]: (762.233333333)1.05749863878, -50.8091661327, 41865.9912119, -5.7705115641, 1197.89283607, 
Chromsome [3]: (731.966666667)1.51981054038, -0.513951858899, 85856.0901364, 5.74549255601, 654.081272498, 
Chromsome [4]: (716.3)1.51981054038, -38.4036490005, 166521.580008, 27.6427205186, 1093.79828019, 
<------------ GEN 53--------------->
Chromsome [0]: (808.1)-28.1928114757, 6.11016045339, 72190.5422773, 14.5660349205, 2001.59034443, 
Chromsome [1]: (775.4)0.746122232985, 28.9910461912, 28296.4425712, 21.1393181754, 600.899561408, 
Chromsome [2]: (738.833333333)1.05749863878, -50.8091661327, 41865.9912119, 5.7705115641, 1197.89283607, 
Chromsome [3]: (711.8)1.51981054038, -0.513951858899, 85856.0901364, 23.0731317066, 654.081272498, 
Chromsome [4]: (706.7)1.51981054038, 6.11016045339, 168692.248164, 14.5660349205, 2001.59034443, 
<------------ GEN 54--------------->
Chromsome [0]: (829.133333333)-135.975616587, -292.465439645, 5387.63240929, 16.8841575064, 2247.1669434, 
Chromsome [1]: (829.133333333)-5.80553477, 9.01707410187, 72190.5422773, 14.5660349205, 2001.59034443, 
Chromsome [2]: (829.133333333)-28.1928114757, 6.11016045339, 72190.5422773, 14.5660349205, 2001.59034443, 
Chromsome [3]: (826.2)0.746122232985, -57.8730208668, 17840.1068297, 10.4650327347, 2513.62063861, 
Chromsome [4]: (798.8)1.05749863878, -50.8091661327, 41865.9912119, 5.7705115641, 1197.89283607, 
<------------ GEN 55--------------->
Chromsome [0]: (833.333333333)-11.7842728789, 33.5792672299, 128763.553539, 25.8449330055, -275.947944602, 
Chromsome [1]: (833.333333333)-135.975616587, -292.465439645, 5387.63240929, 16.8841575064, 2247.1669434, 
Chromsome [2]: (830.4)0.746122232985, -57.8730208668, 91783.7818545, 2.69008215279, 2247.1669434, 
Chromsome [3]: (830.4)0.746122232985, -57.8730208668, 269877.421341, 10.4650327347, 2513.62063861, 
Chromsome [4]: (809.8)1.05749863878, 196.905312848, 41865.9912119, 8.14759295958, 1118.35429895, 
<------------ GEN 56--------------->
Chromsome [0]: (828.233333333)-11.7842728789, 33.5792672299, 128763.553539, 25.8449330055, -275.947944602, 
Chromsome [1]: (815.4)0.746122232985, -57.8730208668, 251888.125408, 2.69008215279, 2247.1669434, 
Chromsome [2]: (815.4)0.746122232985, -29.8743205279, 169615.599786, 29.2679608793, 890.356501127, 
Chromsome [3]: (815.4)0.746122232985, -57.8730208668, 91783.7818545, 25.8449330055, 1275.9479446, 
Chromsome [4]: (789.7)1.05749863878, -16.9053128477, 41865.9912119, 8.14759295958, 3754.09526008, 
<------------ GEN 57--------------->
Chromsome [0]: (827.3)-11.7842728789, 33.5792672299, 128763.553539, 25.8449330055, -275.947944602, 
Chromsome [1]: (807.666666667)0.746122232985, 21.2562884004, 169615.599786, 23.2431700076, 2859.4136355, 
Chromsome [2]: (803.766666667)0.746122232985, -57.8730208668, 91783.7818545, 17.6337945182, 1142.78381224, 
Chromsome [3]: (803.766666667)0.746122232985, -57.8730208668, 108111.874592, -3.70193772662, 2247.1669434, 
Chromsome [4]: (761.566666667)1.51981054038, 40.2776497451, 97120.5970783, 22.9289506725, 654.081272498, 
<------------ GEN 58--------------->
Chromsome [0]: (838.533333333)-19.4206044464, -0.0179702979626, 121520.412508, 19.390731847, 77.5471320762, 
Chromsome [1]: (838.533333333)-11.7842728789, 33.5792672299, 128763.553539, 25.8449330055, -275.947944602, 
Chromsome [2]: (824.9)0.746122232985, -57.8730208668, 91783.7818545, -0.765574603232, 1142.78381224, 
Chromsome [3]: (824.9)0.746122232985, -57.8730208668, 91783.7818545, 7.20193488899, 892.959758791, 
Chromsome [4]: (824.9)0.746122232985, -57.8730208668, 23513.4409951, 16.8841575064, 591.26605085, 
<------------ GEN 59--------------->
Chromsome [0]: (830.4)-2.10293160488, 33.5792672299, 128763.553539, 25.8449330055, 1275.9479446, 
Chromsome [1]: (830.4)-19.4206044464, -0.0179702979626, 121520.412508, 19.390731847, 77.5471320762, 
Chromsome [2]: (816.766666667)0.746122232985, 21.2562884004, 169615.599786, 23.2431700076, 654.081272498, 
Chromsome [3]: (816.766666667)0.746122232985, -57.8730208668, 170464.071535, 16.8841575064, 591.26605085, 
Chromsome [4]: (816.766666667)0.746122232985, -57.8730208668, 91783.7818545, 13.1471796419, 1142.78381224, 
<------------ GEN 60--------------->
Chromsome [0]: (835.966666667)-2.10293160488, 33.5792672299, 128763.553539, 25.8449330055, 1275.9479446, 
Chromsome [1]: (823.866666667)0.746122232985, -171.2987209, 169615.599786, 7.20193488899, 892.959758791, 
Chromsome [2]: (822.666666667)3.8768170475, 73.8661745554, 41555.3802007, 21.8142043058, 1555.75628896, 
Chromsome [3]: (822.4)0.746122232985, 95.5213704671, 91783.7818545, 13.1471796419, 1142.78381224, 
Chromsome [4]: (822.333333333)0.746122232985, 21.2562884004, 169615.599786, 23.2431700076, 654.081272498, 
<------------ GEN 61--------------->
Chromsome [0]: (834.966666667)-2.10293160488, 33.5792672299, 128763.553539, 25.8449330055, 1275.9479446, 
Chromsome [1]: (821.633333333)3.8768170475, 73.8661745554, 41555.3802007, 21.8142043058, 1666.84437003, 
Chromsome [2]: (821.4)0.746122232985, -8.70127909958, 157837.750865, 7.20193488899, 892.959758791, 
Chromsome [3]: (821.333333333)0.746122232985, -57.8730208668, 97120.5970783, 16.7887205702, 1565.74465078, 
Chromsome [4]: (821.333333333)0.746122232985, 76.2866924092, 170455.944346, 10.4650327347, 1875.02606861, 
<------------ GEN 62--------------->
Chromsome [0]: (825.2)-2.10293160488, 33.5792672299, 128763.553539, 25.8449330055, 1275.9479446, 
Chromsome [1]: (815.633333333)3.61626245683, -32.9103298826, 1877.17699053, 22.5251363767, 922.452867924, 
Chromsome [2]: (811.733333333)0.746122232985, -8.70127909958, 157837.750865, 7.20193488899, 1396.74877754, 
Chromsome [3]: (811.666666667)0.746122232985, 76.2866924092, 170455.944346, 10.4650327347, 1875.02606861, 
Chromsome [4]: (811.666666667)0.746122232985, 84.4786295329, 91783.7818545, 17.096471524, 1142.78381224, 
<------------ GEN 63--------------->
Chromsome [0]: (792.7)-2.10293160488, 33.5792672299, 128763.553539, 25.8449330055, 1275.9479446, 
Chromsome [1]: (753.6)0.746122232985, -8.70127909958, 157837.750865, 18.3552077188, 1396.74877754, 
Chromsome [2]: (753.466666667)0.746122232985, 8.96119556919, 97120.5970783, 16.7887205702, 1323.29949854, 
Chromsome [3]: (753.4)0.746122232985, 30.0278165355, 128763.553539, 14.6844704121, 892.959758791, 
Chromsome [4]: (753.4)0.746122232985, 76.2866924092, 149576.352588, 16.4915863035, 1275.9479446, 
<------------ GEN 64--------------->
Chromsome [0]: (800.466666667)-2.10293160488, 33.5792672299, 128763.553539, 25.8449330055, 1275.9479446, 
Chromsome [1]: (771.8)2.30293160488, 33.5792672299, -4488.63023309, 25.8449330055, 2582.07703772, 
Chromsome [2]: (757.4)0.746122232985, -107.629515706, 128763.553539, 19.0595337503, 532.772608057, 
Chromsome [3]: (756.2)0.746122232985, 30.0278165355, 128763.553539, 14.6844704121, 892.959758791, 
Chromsome [4]: (756.2)0.746122232985, 76.2866924092, 149576.352588, 6.19350617526, 2001.59034443, 
<------------ GEN 65--------------->
Chromsome [0]: (789.033333333)-9.33734339904, 33.5792672299, 116611.70033, 8.11571350079, 1275.9479446, 
Chromsome [1]: (789.033333333)-2.10293160488, 33.5792672299, 128763.553539, 25.8449330055, 1275.9479446, 
Chromsome [2]: (732.6)0.746122232985, -20.0019700434, 8244.93110923, 6.19350617526, 2001.59034443, 
Chromsome [3]: (732.6)0.746122232985, -72.3704842943, 128763.553539, 19.0595337503, 532.772608057, 
Chromsome [4]: (732.6)0.746122232985, 8.96119556919, 124764.043414, 2.69008215279, 2620.94393267, 
<------------ GEN 66--------------->
Chromsome [0]: (832.4)-9.33734339904, 33.5792672299, 116611.70033, 8.11571350079, 1275.9479446, 
Chromsome [1]: (790.0)0.746122232985, -53.3254696343, 28296.4425712, 8.14759295958, 777.508195812, 
Chromsome [2]: (790.0)0.746122232985, 17.5013085988, 149576.352588, 6.19350617526, 2001.59034443, 
Chromsome [3]: (790.0)0.746122232985, -58.4823879312, 149576.352588, 6.19350617526, 2001.59034443, 
Chromsome [4]: (790.0)0.746122232985, -64.7650614183, 128763.553539, 10.868773602, 892.959758791, 
<------------ GEN 67--------------->
Chromsome [0]: (816.9)-119.354404431, -20.0019700434, 116611.70033, 8.11571350079, 1275.9479446, 
Chromsome [1]: (816.9)-9.33734339904, 33.5792672299, 116611.70033, 8.11571350079, 1275.9479446, 
Chromsome [2]: (785.1)0.746122232985, -53.3254696343, 28296.4425712, 8.14759295958, 777.508195812, 
Chromsome [3]: (785.1)0.746122232985, -64.7650614183, 128763.553539, 10.868773602, 1275.9479446, 
Chromsome [4]: (785.1)0.746122232985, -58.4823879312, 149576.352588, 6.19350617526, 2001.59034443, 
<------------ GEN 68--------------->
Chromsome [0]: (818.933333333)-119.354404431, -20.0019700434, 116611.70033, 8.11571350079, 1275.9479446, 
Chromsome [1]: (786.9)0.746122232985, -72.3704842943, 128763.553539, 19.0595337503, 2241.86016863, 
Chromsome [2]: (786.9)0.746122232985, -45.4076753184, 149576.352588, 8.11571350079, 5418.3866253, 
Chromsome [3]: (786.9)0.746122232985, -58.4823879312, 90949.9733299, 28.6437943522, 2935.02763137, 
Chromsome [4]: (786.9)0.746122232985, 53.609574009, 29578.2913065, 16.7563373309, 1821.84325995, 
<------------ GEN 69--------------->
Chromsome [0]: (804.3)-119.354404431, -20.0019700434, 116611.70033, 8.11571350079, 1275.9479446, 
Chromsome [1]: (791.8)10.4427369715, -81.6332954777, -21653.4167885, -1.67524225745, 2280.2339781, 
Chromsome [2]: (759.8)0.746122232985, -7.40931480901, 90949.9733299, 28.6437943522, 2935.02763137, 
Chromsome [3]: (759.6)0.746122232985, 10.4924793534, 149576.352588, 9.74356722291, 2562.18104653, 
Chromsome [4]: (759.6)0.746122232985, -58.4823879312, 41167.7903292, 27.5183259921, 1418.44508802, 
<------------ GEN 70--------------->
Chromsome [0]: (777.266666667)-119.354404431, -20.0019700434, 116611.70033, 8.11571350079, 1275.9479446, 
Chromsome [1]: (713.066666667)0.746122232985, -45.4076753184, 16547.8397237, 8.11571350079, 2642.22484468, 
Chromsome [2]: (711.333333333)0.746122232985, -7.40931480901, 52166.7527134, 66.1632106562, 2241.86016863, 
Chromsome [3]: (709.366666667)0.746122232985, 35.4260283716, 149576.352588, 8.11571350079, 2982.6175172, 
Chromsome [4]: (709.266666667)0.746122232985, -58.4823879312, 71609.4490314, 27.5183259921, 2399.50817356, 
<------------ GEN 71--------------->
Chromsome [0]: (811.866666667)-119.354404431, -20.0019700434, 116611.70033, 8.11571350079, 1275.9479446, 
Chromsome [1]: (776.133333333)0.746122232985, 35.4260283716, 40573.1809037, 8.11571350079, 2982.6175172, 
Chromsome [2]: (774.7)0.746122232985, -45.4076753184, 26967.2288819, 10.868773602, 2117.9548656, 
Chromsome [3]: (771.666666667)0.746122232985, -33.6066682758, 120617.023324, 8.11571350079, 1275.9479446, 
Chromsome [4]: (771.666666667)0.746122232985, -20.0019700434, 116611.70033, 2.19779630259, 1275.9479446, 
<------------ GEN 72--------------->
Chromsome [0]: (828.3)-119.354404431, -20.0019700434, 116611.70033, 8.11571350079, 1275.9479446, 
Chromsome [1]: (804.466666667)0.823939548429, 53.609574009, 159551.945699, 8.11571350079, 1275.9479446, 
Chromsome [2]: (804.466666667)0.746122232985, -20.0019700434, 116611.70033, 7.12798663248, 2117.9548656, 
Chromsome [3]: (804.466666667)0.746122232985, 35.4260283716, 158007.002239, 27.5183259921, 2399.50817356, 
Chromsome [4]: (804.466666667)0.746122232985, 35.4260283716, 40573.1809037, 8.11571350079, 2982.6175172, 
<------------ GEN 73--------------->
Chromsome [0]: (805.066666667)-119.354404431, -20.0019700434, 116611.70033, 8.11571350079, 1275.9479446, 
Chromsome [1]: (783.9)3.61626245683, 94.437765345, 170073.702811, 2.47421053757, 1874.13691114, 
Chromsome [2]: (779.366666667)0.823939548429, -4.86998658758, 159551.945699, 8.11571350079, 1275.9479446, 
Chromsome [3]: (779.366666667)0.746122232985, -7.40931480901, 126237.143386, 6.1632106562, 2241.86016863, 
Chromsome [4]: (779.233333333)0.746122232985, -20.0019700434, 116611.70033, 7.12798663248, 1275.9479446, 
<------------ GEN 74--------------->
Chromsome [0]: (801.933333333)-119.354404431, -20.0019700434, 116611.70033, 8.11571350079, 1275.9479446, 
Chromsome [1]: (773.033333333)0.746122232985, -20.0019700434, -7804.64027723, 7.12798663248, 1275.9479446, 
Chromsome [2]: (765.3)0.823939548429, -4.86998658758, 159551.945699, 28.760886707, 2697.05065074, 
Chromsome [3]: (765.3)0.746122232985, -7.40931480901, 126237.143386, 17.0885181394, 1275.9479446, 
Chromsome [4]: (765.133333333)0.746122232985, 85.562234655, 170073.702811, 2.47421053757, 1874.13691114, 
<------------ GEN 75--------------->
Chromsome [0]: (817.1)-119.354404431, -20.0019700434, 116611.70033, 8.11571350079, 1275.9479446, 
Chromsome [1]: (772.666666667)0.746122232985, -20.0019700434, 7804.64027723, 7.12798663248, 1275.9479446, 
Chromsome [2]: (768.3)0.746122232985, -7.40931480901, 126237.143386, 10.4978700994, 2724.20203761, 
Chromsome [3]: (768.3)0.823939548429, -4.86998658758, 91238.0752474, 28.760886707, 1513.61559311, 
Chromsome [4]: (765.7)0.746122232985, 33.271536745, 126237.143386, 17.0885181394, 1275.9479446, 
<------------ GEN 76--------------->
Chromsome [0]: (803.533333333)-119.354404431, -20.0019700434, 116611.70033, 8.11571350079, 1275.9479446, 
Chromsome [1]: (735.2)0.823939548429, -4.86998658758, 91238.0752474, 28.760886707, 487.036008238, 
Chromsome [2]: (735.1)0.746122232985, -20.0019700434, 7804.64027723, 13.5081700901, 2873.72693464, 
Chromsome [3]: (727.633333333)3.61626245683, -74.220879693, 171926.4112, 2.520245249, 1513.61559311, 
Chromsome [4]: (726.3)2.30293160488, -15.1438413037, 115860.455228, 24.2363522609, 1830.97112603, 
<------------ GEN 77--------------->
Chromsome [0]: (810.666666667)-18.1476016329, -20.0019700434, 116611.70033, 25.7788755856, 1275.9479446, 
Chromsome [1]: (810.666666667)-26.0610779812, 35.4260283716, 91238.0752474, 28.760886707, 512.963991762, 
Chromsome [2]: (810.666666667)-119.354404431, -20.0019700434, 116611.70033, 8.11571350079, 1275.9479446, 
Chromsome [3]: (736.333333333)3.61626245683, -116.234593422, 171926.4112, 18.6344838888, 695.72195694, 
Chromsome [4]: (735.933333333)0.823939548429, 160.059450866, 40573.1809037, 8.11571350079, 2718.46109359, 
<------------ GEN 78--------------->
Chromsome [0]: (822.7)-18.1476016329, -20.0019700434, 116611.70033, 25.7788755856, 1275.9479446, 
Chromsome [1]: (756.9)3.61626245683, 11.1070387378, -180754.019176, 10.5451970762, 2873.72693464, 
Chromsome [2]: (741.6)3.61626245683, 74.1335216577, 157271.168143, 1.21330058363, 2179.8031594, 
Chromsome [3]: (732.466666667)0.746122232985, -6.28282389766, 103982.46948, 28.8346066265, 2560.0840562, 
Chromsome [4]: (732.166666667)0.823939548429, 19.9405491343, 40573.1809037, 18.6344838888, 695.72195694, 
<------------ GEN 79--------------->
Chromsome [0]: (788.433333333)-18.1476016329, -20.0019700434, 116611.70033, 25.7788755856, 1275.9479446, 
Chromsome [1]: (706.8)3.61626245683, 74.1335216577, 157271.168143, 1.21330058363, 1275.9479446, 
Chromsome [2]: (704.166666667)5.12627417549, 88.1425646045, 111307.812457, 24.2363522609, 1830.97112603, 
Chromsome [3]: (694.833333333)8.96778064887, -26.5128961321, 116611.70033, -7.06767032396, 973.442997929, 
Chromsome [4]: (691.0)0.746122232985, -6.28282389766, 103982.46948, 24.5430314456, 2560.0840562, 
<------------ GEN 80--------------->
Chromsome [0]: (805.766666667)-18.1476016329, -20.0019700434, 116611.70033, 25.7788755856, 1275.9479446, 
Chromsome [1]: (750.833333333)3.61626245683, -102.875647753, 56413.8173494, 8.11571350079, 2764.52684249, 
Chromsome [2]: (738.1)5.12627417549, 48.780449821, -13272.7156261, 15.4531377832, 2046.26300995, 
Chromsome [3]: (733.833333333)3.61626245683, 74.1335216577, 157271.168143, 1.21330058363, 2718.46109359, 
Chromsome [4]: (719.433333333)8.96778064887, -26.5128961321, 114686.843397, 23.8179698545, 2560.0840562, 
<------------ GEN 81--------------->
Chromsome [0]: (810.433333333)-2.04043629643, 56.8529536232, 179245.980824, 10.5451970762, 2873.72693464, 
Chromsome [1]: (810.433333333)-18.1476016329, -20.0019700434, 116611.70033, 25.7788755856, 1275.9479446, 
Chromsome [2]: (740.533333333)3.61626245683, 81.6081106154, 134465.922593, 20.9296030124, 1280.52276507, 
Chromsome [3]: (740.2)3.61626245683, 81.3015538307, 157271.168143, 1.21330058363, 1115.7160092, 
Chromsome [4]: (739.766666667)0.746122232985, -32.9678208451, -72941.5038277, 7.06767032396, 1006.72368865, 
<------------ GEN 82--------------->
Chromsome [0]: (791.633333333)-10.4420577556, -1.09872548799, 178500.487706, 25.7788755856, 1275.9479446, 
Chromsome [1]: (791.633333333)-2.04043629643, 56.8529536232, 179245.980824, 10.5451970762, 2873.72693464, 
Chromsome [2]: (716.466666667)3.61626245683, -77.124352247, 56413.8173494, 23.8179698545, 2560.0840562, 
Chromsome [3]: (685.8)0.823939548429, 14.110751064, 59050.4355849, 8.11571350079, 1830.97112603, 
Chromsome [4]: (685.8)0.746122232985, -32.9678208451, 324162.262838, 7.06767032396, 1695.58561532, 
<------------ GEN 83--------------->
Chromsome [0]: (816.6)-10.4420577556, -1.09872548799, 178500.487706, 25.7788755856, 1275.9479446, 
Chromsome [1]: (746.6)3.61626245683, 86.2345685747, 37018.9204891, 23.8179698545, 2560.0840562, 
Chromsome [2]: (712.233333333)8.96778064887, 24.8633555817, 99471.4874848, 6.11669300207, 598.700984912, 
Chromsome [3]: (712.2)8.96778064887, -20.0019700434, 82372.0228154, 2.05567032666, 2718.46109359, 
Chromsome [4]: (702.6)0.823939548429, 14.110751064, 59050.4355849, 25.7788755856, 1275.9479446, 
<------------ GEN 84--------------->
Chromsome [0]: (819.1)-10.4420577556, -1.09872548799, 178500.487706, 25.7788755856, 1275.9479446, 
Chromsome [1]: (754.866666667)3.61626245683, 86.2345685747, 97829.8462117, 24.2074248539, 810.362843242, 
Chromsome [2]: (740.4)8.06398787637, -20.0019700434, 116611.70033, 25.7788755856, 1275.9479446, 
Chromsome [3]: (722.566666667)8.96778064887, 43.2745574645, 99471.4874848, 6.11669300207, 598.700984912, 
Chromsome [4]: (714.533333333)0.823939548429, 14.110751064, 195160.315819, 11.8593171412, 759.092894702, 
<------------ GEN 85--------------->
Chromsome [0]: (800.066666667)-10.4420577556, -1.09872548799, 178500.487706, 25.7788755856, 1275.9479446, 
Chromsome [1]: (723.266666667)3.61626245683, 86.2345685747, 97829.8462117, 24.2074248539, 695.72195694, 
Chromsome [2]: (708.366666667)8.06398787637, -20.0019700434, 116611.70033, 25.7788755856, 1275.9479446, 
Chromsome [3]: (705.8)8.06398787637, -27.3967636151, 82372.0228154, 53.0787361775, 3571.71277435, 
Chromsome [4]: (704.0)9.89018072613, 21.4112870962, 126237.143386, -9.42466295763, 2912.2231868, 
<------------ GEN 86--------------->
Chromsome [0]: (795.633333333)-10.4420577556, -1.09872548799, 178500.487706, 25.7788755856, 1275.9479446, 
Chromsome [1]: (714.1)3.61626245683, 86.2345685747, 97829.8462117, 24.345781914, 860.437102385, 
Chromsome [2]: (708.3)19.7576797537, 14.110751064, 23389.0296332, 9.07264465537, 2013.84753303, 
Chromsome [3]: (693.3)10.6420577556, -38.2060653718, 157271.168143, 25.7788755856, 1275.9479446, 
Chromsome [4]: (692.366666667)22.6370885223, -12.684170202, 162005.106156, 14.415753594, 2087.85479461, 
<------------ GEN 87--------------->
Chromsome [0]: (782.066666667)-10.4420577556, -1.09872548799, 178500.487706, 25.7788755856, 1275.9479446, 
Chromsome [1]: (697.1)3.61626245683, 86.2345685747, 97829.8462117, 24.345781914, 860.437102385, 
Chromsome [2]: (662.9)13.0982081211, -28.1418752192, 8357.05605118, 8.11571350079, 894.0484388, 
Chromsome [3]: (660.133333333)19.7576797537, 14.110751064, 194253.104569, 18.6344838888, 1156.10313254, 
Chromsome [4]: (654.1)3.61626245683, -1.09872548799, 47530.7656062, 0.31966026215, 520.800109597, 
<------------ GEN 88--------------->
Chromsome [0]: (796.966666667)-10.4420577556, -1.09872548799, 178500.487706, 25.7788755856, 1275.9479446, 
Chromsome [1]: (708.666666667)3.61626245683, 86.2345685747, 3303.24908714, 24.345781914, 860.437102385, 
Chromsome [2]: (663.066666667)3.61626245683, -1.09872548799, 47530.7656062, 0.31966026215, 2814.42934609, 
Chromsome [3]: (660.733333333)1.26853938222, -66.1013689493, 116611.70033, 5.06479421009, 2087.85479461, 
Chromsome [4]: (657.233333333)13.0982081211, -28.1418752192, 56662.7068714, 12.7459739523, 1949.54186997, 
<------------ GEN 89--------------->
Chromsome [0]: (782.2)-32.8325628849, 58.6197951942, 79123.3372908, 15.6454280841, 1695.58561532, 
Chromsome [1]: (782.2)-10.4420577556, -1.09872548799, 178500.487706, 25.7788755856, 1275.9479446, 
Chromsome [2]: (705.266666667)3.61626245683, 86.2345685747, 3303.24908714, 24.345781914, 860.437102385, 
Chromsome [3]: (653.8)20.7395443392, -28.1418752192, 56662.7068714, 12.7459739523, 1949.54186997, 
Chromsome [4]: (644.366666667)1.26853938222, 43.2619257035, 116611.70033, 5.06479421009, 2087.85479461, 
<------------ GEN 90--------------->
Chromsome [0]: (801.666666667)-28.1845104809, -1.09872548799, 178500.487706, 25.8152816665, 1275.9479446, 
Chromsome [1]: (801.666666667)-32.8325628849, 58.6197951942, 79123.3372908, 15.6454280841, 1695.58561532, 
Chromsome [2]: (702.466666667)3.61626245683, 86.2345685747, 28927.5444304, 6.45439473028, 2256.00084495, 
Chromsome [3]: (683.066666667)8.14160045343, 58.6197951942, 79123.3372908, 15.6454280841, 1695.58561532, 
Chromsome [4]: (669.833333333)10.6420577556, -51.3593993468, 163161.830045, 25.7788755856, 2746.39960539, 
<------------ GEN 91--------------->
Chromsome [0]: (784.933333333)-28.1845104809, -1.09872548799, 178500.487706, 25.8152816665, 1275.9479446, 
Chromsome [1]: (680.8)4.43729561673, 66.095007427, 88435.8478437, 11.7535295348, 3585.8015655, 
Chromsome [2]: (647.8)9.46456589123, 49.4452206038, -43275.3014636, 27.4124449933, 547.05142886, 
Chromsome [3]: (646.033333333)7.4965734997, 30.1789703369, 142998.514803, 24.345781914, 860.437102385, 
Chromsome [4]: (618.966666667)1.26853938222, 43.2619257035, 116611.70033, 5.06479421009, 5321.08650853, 
<------------ GEN 92--------------->
Chromsome [0]: (773.533333333)-128.763737382, -28.1418752192, 173033.903474, 12.7459739523, 1949.54186997, 
Chromsome [1]: (773.533333333)-28.1845104809, -1.09872548799, 178500.487706, 25.8152816665, 1275.9479446, 
Chromsome [2]: (648.266666667)4.43729561673, 66.095007427, 163161.830045, 25.7788755856, 2746.39960539, 
Chromsome [3]: (602.433333333)9.46456589123, 49.4452206038, 43275.3014636, 9.37580663101, 547.05142886, 
Chromsome [4]: (593.266666667)10.6420577556, -44.1046844365, 79123.3372908, 15.6454280841, 1695.58561532, 
<------------ GEN 93--------------->
Chromsome [0]: (766.033333333)-28.2260179791, -23.3238977868, 97889.2545343, 6.14637513414, 2390.87973132, 
Chromsome [1]: (766.033333333)-128.763737382, -28.1418752192, 173033.903474, 12.7459739523, 1949.54186997, 
Chromsome [2]: (641.366666667)4.43729561673, 66.095007427, 88435.8478437, 19.3667277132, 1911.01277065, 
Chromsome [3]: (613.366666667)10.6420577556, -44.1046844365, 79123.3372908, 15.6454280841, 2087.85479461, 
Chromsome [4]: (609.433333333)18.3476016329, -21.8490975232, 142998.514803, 17.0076313163, 584.647583177, 
<------------ GEN 94--------------->
Chromsome [0]: (756.966666667)-32.7747395124, -58.5992774172, 52120.1862598, 25.7788755856, 2087.85479461, 
Chromsome [1]: (756.966666667)-88.3062473885, -15.7366732291, 43275.3014636, 24.1130993518, 2510.59330107, 
Chromsome [2]: (756.966666667)-56.6493436984, -79.9886387568, 37489.0218587, 19.708610569, 1672.64549096, 
Chromsome [3]: (756.966666667)-11.5731904771, -1.09872548799, 70060.7426096, 0.730524108955, 2206.0544933, 
Chromsome [4]: (756.966666667)-28.2260179791, -23.3238977868, 97889.2545343, 6.14637513414, 2390.87973132, 
<------------ GEN 95--------------->
Chromsome [0]: (764.133333333)-17.9141716696, -5.74152096329, 173033.903474, 12.7459739523, 2301.33992672, 
Chromsome [1]: (764.133333333)-32.7747395124, -58.5992774172, 52120.1862598, 25.7788755856, 2087.85479461, 
Chromsome [2]: (649.0)4.43729561673, 66.095007427, 97889.2545343, 1.50180986688, 878.38855014, 
Chromsome [3]: (634.066666667)10.6420577556, 66.095007427, -32703.4989121, 25.8152816665, 2514.21379817, 
Chromsome [4]: (623.766666667)10.6420577556, -44.1046844365, 70485.275529, 15.6454280841, 2746.39960539, 
<------------ GEN 96--------------->
Chromsome [0]: (763.266666667)-17.9141716696, -5.74152096329, 173033.903474, 12.7459739523, 2301.33992672, 
Chromsome [1]: (655.033333333)4.43729561673, 66.095007427, 97889.2545343, 13.6537009615, 878.38855014, 
Chromsome [2]: (605.0)10.6420577556, -44.1046844365, 6441.34968716, -7.63263620285, 2405.56874404, 
Chromsome [3]: (605.0)10.6420577556, -44.1046844365, 70485.275529, 15.6454280841, 2746.39960539, 
Chromsome [4]: (603.466666667)18.1141716696, -30.2073569993, 118734.834902, 17.1693201826, 1375.5835359, 
<------------ GEN 97--------------->
Chromsome [0]: (762.033333333)-84.1527484897, -27.4055283236, 44168.1272439, 14.5122802175, 2876.36755329, 
Chromsome [1]: (762.033333333)-19.7598370446, -5.47358942198, 32703.4989121, 10.3499281506, 2514.21379817, 
Chromsome [2]: (762.033333333)-17.9141716696, -5.74152096329, 173033.903474, 12.7459739523, 2301.33992672, 
Chromsome [3]: (656.466666667)4.43729561673, 86.2345685747, 24116.1327389, 12.866242785, 2850.31551113, 
Chromsome [4]: (653.2)4.43729561673, 66.095007427, 97889.2545343, 3.07144711035, 1442.07082383, 
<------------ GEN 98--------------->
Chromsome [0]: (768.433333333)-70.986193779, 21.7233113213, 173033.903474, 12.7459739523, 2301.33992672, 
Chromsome [1]: (768.433333333)-84.1527484897, -27.4055283236, 44168.1272439, 14.5122802175, 2876.36755329, 
Chromsome [2]: (634.066666667)4.43729561673, 60.4711713704, 141705.532224, 3.07144711035, 1442.07082383, 
Chromsome [3]: (603.9)10.6420577556, -44.1046844365, 70485.275529, 15.6454280841, 2746.39960539, 
Chromsome [4]: (595.133333333)18.1141716696, -30.2073569993, 134100.491868, 20.5646048656, 2283.88947964, 
<------------ GEN 99--------------->
Chromsome [0]: (775.133333333)-14.4722370177, 8.38544282835, 28929.2543695, 24.7476364798, 2524.32984586, 
Chromsome [1]: (775.133333333)-70.986193779, 21.7233113213, 173033.903474, 12.7459739523, 2301.33992672, 
Chromsome [2]: (648.4)5.18208678171, -58.5992774172, 52120.1862598, 24.2457698658, 2301.33992672, 
Chromsome [3]: (640.433333333)4.43729561673, 60.4711713704, 141705.532224, 15.8505409057, 1442.07082383, 
Chromsome [4]: (640.433333333)4.43729561673, 60.4711713704, 141705.532224, 85.3545900962, 1442.07082383, 
<------------ GEN 100--------------->
Chromsome [0]: (762.0)-14.4722370177, 8.38544282835, 28929.2543695, 24.7476364798, 2524.32984586, 
Chromsome [1]: (636.933333333)4.43729561673, 60.4711713704, 141705.532224, -31.4612134116, 639.043806213, 
Chromsome [2]: (577.033333333)1.26853938222, 42.2241752188, 136619.062119, 12.866242785, 2850.31551113, 
Chromsome [3]: (559.066666667)5.18208678171, -30.2073569993, 134100.491868, 20.5646048656, 2283.88947964, 
Chromsome [4]: (531.833333333)84.3527484897, 14.6709929, 23974.872554, 12.7459739523, 2301.33992672, 
