<------------ GEN 1--------------->
Chromsome [0]: (815.666666667)2.08853142619, 85.573436783, 144703.185266, 24.87645536, 2923.70636776, 
Chromsome [1]: (760.3)18.3651401084, -84.3926659482, 136564.345144, 16.6079585284, 786.605674321, 
Chromsome [2]: (760.3)16.9649446338, -45.7627901414, 94685.44274, 13.2034643701, 2493.65971333, 
Chromsome [3]: (754.466666667)19.1179039859, -87.5188277966, 170211.415564, 14.5991455447, 739.167176154, 
Chromsome [4]: (730.266666667)23.6283589931, 86.2712676322, 23628.1372914, 9.5108818396, 2616.15225448, 
<------------ GEN 2--------------->
Chromsome [0]: (811.366666667)-19.3372127063, -34.1483510063, 59763.6161813, 19.0932249181, 3029.5701014, 
Chromsome [1]: (802.433333333)4.64859777487, -86.8851083428, 132273.045534, 29.5011161372, 2762.91679894, 
Chromsome [2]: (793.933333333)3.23921207267, 63.4588563291, 140311.943101, 25.9685195153, 750.112075527, 
Chromsome [3]: (789.866666667)2.08853142619, 85.573436783, 144703.185266, 14.5991455447, 739.167176154, 
Chromsome [4]: (789.866666667)2.08853142619, 85.573436783, 144703.185266, 24.87645536, 2923.70636776, 
<------------ GEN 3--------------->
Chromsome [0]: (801.733333333)-72.9346691051, -84.7627562537, 17869.5594749, 9.25607621253, 966.182345028, 
Chromsome [1]: (801.733333333)-19.3372127063, -34.1483510063, 59763.6161813, 19.0932249181, 3029.5701014, 
Chromsome [2]: (786.933333333)4.64859777487, -86.8851083428, 132273.045534, 29.5011161372, 2762.91679894, 
Chromsome [3]: (786.933333333)4.64859777487, -86.8851083428, 98517.8527855, 29.5011161372, 2762.91679894, 
Chromsome [4]: (766.433333333)2.08853142619, 85.573436783, 2595.33148558, 14.5991455447, 2923.70636776, 
<------------ GEN 4--------------->
Chromsome [0]: (805.433333333)-29.629710925, 86.2712676322, 23628.1372914, 9.5108818396, 2031.99193368, 
Chromsome [1]: (805.433333333)-72.9346691051, -84.7627562537, 17869.5594749, 9.25607621253, 966.182345028, 
Chromsome [2]: (781.733333333)4.64859777487, -86.8851083428, 132273.045534, 29.5011161372, 2762.91679894, 
Chromsome [3]: (764.733333333)8.75723374391, -49.5791757836, 122133.574762, 5.35152449021, 1309.47266781, 
Chromsome [4]: (762.833333333)2.08853142619, -81.843510134, 135700.25663, 12.1484996936, 739.167176154, 
<------------ GEN 5--------------->
Chromsome [0]: (807.7)-29.629710925, 86.2712676322, 23628.1372914, 9.5108818396, 2031.99193368, 
Chromsome [1]: (782.333333333)4.64859777487, 294.146459153, 87737.1506202, 9.5108818396, 2866.22841445, 
Chromsome [2]: (765.3)8.75723374391, -49.5791757836, 122133.574762, 29.7712513831, 3224.36638848, 
Chromsome [3]: (762.0)2.08853142619, 43.5632234514, 76909.0709774, 11.8972395651, 1725.51800874, 
Chromsome [4]: (762.0)2.08853142619, -81.843510134, 144703.185266, 12.1484996936, 2896.44725824, 
<------------ GEN 6--------------->
Chromsome [0]: (805.433333333)-112.934294774, -81.843510134, 170211.415564, 15.8306285404, 676.520954392, 
Chromsome [1]: (805.433333333)-29.629710925, 86.2712676322, 23628.1372914, 9.5108818396, 2031.99193368, 
Chromsome [2]: (773.4)4.64859777487, -114.146459153, 87737.1506202, 9.5108818396, 539.005851684, 
Chromsome [3]: (749.0)2.08853142619, -81.843510134, 144703.185266, 16.3343243524, 2896.44725824, 
Chromsome [4]: (749.0)2.08853142619, 43.5632234514, 76909.0709774, 11.8972395651, 1725.51800874, 
<------------ GEN 7--------------->
Chromsome [0]: (807.1)-112.934294774, -81.843510134, 170211.415564, 15.8306285404, 676.520954392, 
Chromsome [1]: (772.166666667)4.64859777487, -65.8535408471, 17869.5594749, 15.1834149388, 966.182345028, 
Chromsome [2]: (739.633333333)2.08853142619, -81.843510134, 144703.185266, 16.3343243524, 2896.44725824, 
Chromsome [3]: (739.633333333)2.08853142619, 39.9215021125, 76909.0709774, 11.8972395651, 1725.51800874, 
Chromsome [4]: (738.033333333)3.90589609437, -15.9452965443, 58433.2852428, 12.1484996936, 2896.44725824, 
<------------ GEN 8--------------->
Chromsome [0]: (820.2)-95.3209445846, 19.7024250353, 36370.8944245, 6.93947760962, 2889.58320537, 
Chromsome [1]: (820.2)-24.1972310116, 39.9215021125, 76909.0709774, 11.8972395651, 1725.51800874, 
Chromsome [2]: (820.2)-112.934294774, -81.843510134, 170211.415564, 15.8306285404, 676.520954392, 
Chromsome [3]: (754.5)2.08853142619, -31.9648560076, 144703.185266, 16.3343243524, 2679.36414689, 
Chromsome [4]: (754.5)2.08853142619, -81.843510134, 87737.1506202, 9.5108818396, 539.005851684, 
<------------ GEN 9--------------->
Chromsome [0]: (806.966666667)-126.508528929, -86.798102066, 7101.03299136, 14.1845202294, 2546.71059944, 
Chromsome [1]: (806.966666667)-95.3209445846, 19.7024250353, 36370.8944245, 6.93947760962, 2889.58320537, 
Chromsome [2]: (727.066666667)2.08853142619, -32.9574050503, 87737.1506202, 9.5108818396, 539.005851684, 
Chromsome [3]: (727.066666667)2.08853142619, -37.2251184797, 50461.250097, 27.8519866289, 2271.98706448, 
Chromsome [4]: (725.266666667)3.90589609437, -15.9452965443, 58433.2852428, 10.6445353359, 2025.5740085, 
<------------ GEN 10--------------->
Chromsome [0]: (811.8)-126.508528929, -86.798102066, 7101.03299136, 14.1845202294, 2546.71059944, 
Chromsome [1]: (747.033333333)2.08853142619, 53.3912890464, 87737.1506202, 24.3559794761, 2449.09050432, 
Chromsome [2]: (747.033333333)2.08853142619, -37.2251184797, 28891.2960577, 9.08538544961, 2383.48126081, 
Chromsome [3]: (734.333333333)4.64859777487, 31.767405737, 121670.531857, 23.6956764385, 539.005851684, 
Chromsome [4]: (734.333333333)4.64859777487, 31.767405737, 117815.365473, 23.6956764385, 1751.72961414, 
<------------ GEN 11--------------->
Chromsome [0]: (801.3)-126.508528929, -86.798102066, 7101.03299136, 14.1845202294, 2546.71059944, 
Chromsome [1]: (717.666666667)4.64859777487, 31.767405737, 121670.531857, 23.6956764385, 539.005851684, 
Chromsome [2]: (717.666666667)4.64859777487, 31.767405737, 121670.531857, 23.6956764385, 2995.65499585, 
Chromsome [3]: (717.633333333)4.64859777487, 25.9387798855, 91504.4344993, 12.1484996936, 2910.52973235, 
Chromsome [4]: (715.366666667)2.08853142619, -37.2251184797, 28891.2960577, 24.6142167999, 676.520954392, 
<------------ GEN 12--------------->
Chromsome [0]: (801.133333333)-126.508528929, -86.798102066, 7101.03299136, 14.1845202294, 2546.71059944, 
Chromsome [1]: (725.566666667)2.08853142619, -37.2251184797, 28891.2960577, 8.82659130345, 676.520954392, 
Chromsome [2]: (725.566666667)2.08853142619, -37.2251184797, 28891.2960577, 23.6956764385, 1751.72961414, 
Chromsome [3]: (723.966666667)4.64859777487, -10.9694957438, 71093.8121756, 3.56595876766, 2546.71059944, 
Chromsome [4]: (723.7)4.64859777487, -17.1252585005, 36370.8944245, 6.93947760962, 2889.58320537, 
<------------ GEN 13--------------->
Chromsome [0]: (796.933333333)-126.508528929, -86.798102066, 7101.03299136, 14.1845202294, 2546.71059944, 
Chromsome [1]: (745.566666667)7.94668998819, 49.2152804466, 10929.8933877, 3.56595876766, 2546.71059944, 
Chromsome [2]: (732.933333333)8.75723374391, -23.7706055173, 50461.250097, 28.1051936517, 2546.71059944, 
Chromsome [3]: (715.966666667)4.64859777487, -37.2251184797, 28891.2960577, 8.82659130345, 676.520954392, 
Chromsome [4]: (707.5)4.64859777487, -10.9694957438, 259531.475095, 19.6334184678, 2608.37878775, 
<------------ GEN 14--------------->
Chromsome [0]: (789.433333333)-126.508528929, -86.798102066, 7101.03299136, 14.1845202294, 2546.71059944, 
Chromsome [1]: (736.1)4.64859777487, 87.3497503078, 28891.2960577, 21.6912249655, 2344.20515762, 
Chromsome [2]: (707.366666667)7.94668998819, 49.2152804466, 169737.50117, 14.1845202294, 5630.83074109, 
Chromsome [3]: (697.633333333)8.75723374391, -23.7706055173, 50461.250097, 28.1051936517, 2546.71059944, 
Chromsome [4]: (695.433333333)2.08853142619, -37.2251184797, 28891.2960577, 8.82659130345, 4997.21984079, 
<------------ GEN 15--------------->
Chromsome [0]: (789.9)-12.1402099346, -15.9452965443, 64157.6770285, 24.8829364896, 1376.85833452, 
Chromsome [1]: (789.9)-126.508528929, -86.798102066, 7101.03299136, 14.1845202294, 2546.71059944, 
Chromsome [2]: (720.133333333)4.64859777487, -159.11068546, 38230.4376403, 4.4318053242, 694.250652375, 
Chromsome [3]: (679.433333333)7.94668998819, 49.2152804466, 169737.50117, 17.3676873511, 369.169258908, 
Chromsome [4]: (671.333333333)2.08853142619, -28.8839664241, 10293.9951241, 28.1051936517, 2546.71059944, 
<------------ GEN 16--------------->
Chromsome [0]: (788.466666667)-12.1402099346, -15.9452965443, 64157.6770285, 24.8829364896, 1376.85833452, 
Chromsome [1]: (712.633333333)4.64859777487, 52.2448561765, 38230.4376403, 9.0619007644, 2889.58320537, 
Chromsome [2]: (671.9)8.75723374391, -23.7706055173, 139918.304681, 9.8203438478, 2546.71059944, 
Chromsome [3]: (667.133333333)2.08853142619, -37.2251184797, 27946.5737477, 14.1845202294, 1962.93343177, 
Chromsome [4]: (667.133333333)2.08853142619, -28.8839664241, 10293.9951241, 6.93947760962, 2889.58320537, 
<------------ GEN 17--------------->
Chromsome [0]: (795.566666667)-12.1402099346, -15.9452965443, 64157.6770285, 24.8829364896, 1376.85833452, 
Chromsome [1]: (704.566666667)4.64859777487, 52.2448561765, 38230.4376403, 27.9437266788, 2889.58320537, 
Chromsome [2]: (695.566666667)8.75723374391, -23.7706055173, 139918.304681, 9.8203438478, 2546.71059944, 
Chromsome [3]: (679.666666667)2.08853142619, -28.8839664241, 50461.250097, 4.4318053242, 694.250652375, 
Chromsome [4]: (679.666666667)2.08853142619, -37.2251184797, 27946.5737477, 14.1845202294, 2294.34641146, 
<------------ GEN 18--------------->
Chromsome [0]: (784.8)-12.1402099346, -15.9452965443, 64157.6770285, 24.8829364896, 1376.85833452, 
Chromsome [1]: (655.233333333)12.3402099346, -15.9452965443, 107262.166566, 17.3676873511, 630.830741092, 
Chromsome [2]: (654.866666667)8.75723374391, -23.7706055173, 139918.304681, 3.05815423492, 2546.71059944, 
Chromsome [3]: (654.666666667)12.3402099346, 20.1581294199, 64157.6770285, 24.8829364896, 876.650011959, 
Chromsome [4]: (654.1)12.6368873252, -23.7706055173, 39614.6897473, 6.93947760962, 2546.71059944, 
<------------ GEN 19--------------->
Chromsome [0]: (786.933333333)-12.1402099346, -15.9452965443, 64157.6770285, 24.8829364896, 1376.85833452, 
Chromsome [1]: (677.233333333)8.75723374391, -6.99619274728, -81478.4993048, 3.05815423492, 2910.32403274, 
Chromsome [2]: (656.066666667)2.08853142619, 5.68436868249, 40806.8715919, 13.0206850162, 2609.35731608, 
Chromsome [3]: (654.2)2.08853142619, -28.8839664241, 50461.250097, 4.4318053242, 1376.85833452, 
Chromsome [4]: (654.2)2.08853142619, -83.0911138795, 40806.8715919, 13.0206850162, 2546.71059944, 
<------------ GEN 20--------------->
Chromsome [0]: (808.633333333)-12.1402099346, -15.9452965443, 64157.6770285, 24.8829364896, 1376.85833452, 
Chromsome [1]: (718.133333333)4.64859777487, -80.0508733318, 23501.1053759, 18.1759825255, 1331.71370128, 
Chromsome [2]: (685.4)2.08853142619, 2.966889913, 50461.250097, 4.4318053242, 685.081841046, 
Chromsome [3]: (683.666666667)2.08853142619, 5.68436868249, 40806.8715919, 13.0206850162, -590.445231142, 
Chromsome [4]: (681.933333333)2.08853142619, 86.1533967052, 123084.142045, 27.2261313609, 2753.37612353, 
<------------ GEN 21--------------->
Chromsome [0]: (788.266666667)-12.1402099346, -15.9452965443, 64157.6770285, 24.8829364896, 1376.85833452, 
Chromsome [1]: (704.2)4.64859777487, 65.2892069323, 200884.150737, 3.07133510799, 2505.75449453, 
Chromsome [2]: (704.2)4.64859777487, -80.0508733318, 23501.1053759, 18.1759825255, 630.830741092, 
Chromsome [3]: (647.133333333)2.08853142619, 99.7326084972, 40806.8715919, 19.7315867732, 2267.38542048, 
Chromsome [4]: (643.4)2.08853142619, 2.966889913, 50461.250097, 4.4318053242, 685.081841046, 
<------------ GEN 22--------------->
Chromsome [0]: (779.6)-12.1402099346, -15.9452965443, 64157.6770285, 24.8829364896, 1376.85833452, 
Chromsome [1]: (700.566666667)4.64859777487, -80.0508733318, 117134.174987, 18.1759825255, 876.650011959, 
Chromsome [2]: (700.566666667)4.64859777487, -80.0508733318, 151799.200472, 18.1759825255, 630.830741092, 
Chromsome [3]: (700.5)4.64859777487, 65.2892069323, 159115.849263, 22.3587492957, 2906.35019169, 
Chromsome [4]: (656.4)2.08853142619, 2.966889913, 50461.250097, 4.4318053242, 685.081841046, 
<------------ GEN 23--------------->
Chromsome [0]: (785.666666667)-12.1402099346, -15.9452965443, 64157.6770285, 24.8829364896, 1376.85833452, 
Chromsome [1]: (714.133333333)4.64859777487, -80.0508733318, 117134.174987, 18.1759825255, 925.247195528, 
Chromsome [2]: (714.133333333)4.64859777487, 80.2673915028, 40806.8715919, 19.7315867732, 2979.54228911, 
Chromsome [3]: (672.733333333)4.64859777487, -46.6078057167, 34205.8494161, 24.8829364896, 2505.75449453, 
Chromsome [4]: (672.333333333)2.66740706257, 186.668014403, 64157.6770285, 16.6062846218, 1812.14649763, 
<------------ GEN 24--------------->
Chromsome [0]: (779.866666667)-12.1402099346, -15.9452965443, 64157.6770285, 24.8829364896, 1376.85833452, 
Chromsome [1]: (678.2)2.08853142619, -15.9452965443, -92028.096208, 12.3736769982, 1681.56335744, 
Chromsome [2]: (639.9)1.5510190459, 2.966889913, 166607.69799, 4.4318053242, 2328.00040439, 
Chromsome [3]: (636.366666667)2.08853142619, -97.8902525647, 123566.117913, 17.5686291297, 1376.85833452, 
Chromsome [4]: (635.333333333)2.08853142619, 2.966889913, 4821.51130531, 18.1759825255, 876.650011959, 
<------------ GEN 25--------------->
Chromsome [0]: (795.966666667)-38.0614071392, 83.5100131533, 39282.3400338, 24.8829364896, 1376.85833452, 
Chromsome [1]: (795.966666667)-12.1402099346, -15.9452965443, 64157.6770285, 24.8829364896, 1376.85833452, 
Chromsome [2]: (670.633333333)2.08853142619, -108.235593384, 64157.6770285, 2.08966039885, 1812.14649763, 
Chromsome [3]: (668.433333333)1.5510190459, 2.966889913, 77422.3914189, 4.4318053242, 2328.00040439, 
Chromsome [4]: (664.0)2.08853142619, 2.966889913, 4821.51130531, 6.05827084853, 2889.58320537, 
<------------ GEN 26--------------->
Chromsome [0]: (803.6)-38.0614071392, 83.5100131533, 39282.3400338, 24.8829364896, 1376.85833452, 
Chromsome [1]: (715.2)4.64859777487, 52.5187960604, 78388.4822069, 3.30583000443, 1469.09276391, 
Chromsome [2]: (683.366666667)1.5510190459, 2.966889913, 4821.51130531, 6.05827084853, 2889.58320537, 
Chromsome [3]: (672.3)2.08853142619, 2.966889913, 4821.51130531, 6.05827084853, 1676.0269886, 
Chromsome [4]: (672.3)2.08853142619, 2.966889913, 77422.3914189, 26.1763211548, 2328.00040439, 
<------------ GEN 27--------------->
Chromsome [0]: (777.333333333)-21.3722331113, -71.7644066155, 17820.3117377, 11.6377615103, 1376.85833452, 
Chromsome [1]: (777.333333333)-38.0614071392, 83.5100131533, 39282.3400338, 24.8829364896, 1376.85833452, 
Chromsome [2]: (681.0)4.64859777487, 52.5187960604, 78388.4822069, 3.30583000443, -410.875472016, 
Chromsome [3]: (669.1)0.367758148774, 13.945940483, 108849.626343, 4.87256471323, 2320.76164985, 
Chromsome [4]: (642.833333333)12.3402099346, -15.9452965443, 46123.0005241, 26.4584487652, 1376.85833452, 
<------------ GEN 28--------------->
Chromsome [0]: (773.2)-21.3722331113, -71.7644066155, 17820.3117377, 11.6377615103, 1376.85833452, 
Chromsome [1]: (676.0)4.64859777487, 52.5187960604, 108849.626343, 16.4529414257, 2320.76164985, 
Chromsome [2]: (656.166666667)12.3402099346, -46.1412004463, -94464.5053984, 24.8829364896, 2550.5483668, 
Chromsome [3]: (655.066666667)10.9359664728, -15.9452965443, 107549.586978, 4.4318053242, 1376.85833452, 
Chromsome [4]: (654.533333333)12.3402099346, -15.9452965443, 92028.096208, 18.5516423696, 876.650011959, 
<------------ GEN 29--------------->
Chromsome [0]: (777.566666667)-21.3722331113, -71.7644066155, 17820.3117377, 11.6377615103, 1376.85833452, 
Chromsome [1]: (659.533333333)8.83677171725, 21.1442184163, 212468.655356, 24.8829364896, 1924.33667272, 
Chromsome [2]: (656.466666667)12.6368873252, -24.2951858759, 141653.861962, 24.8829364896, 1376.85833452, 
Chromsome [3]: (643.133333333)12.3402099346, -46.1412004463, 94464.5053984, 21.5541685694, 1514.44938499, 
Chromsome [4]: (634.466666667)2.08853142619, 2.966889913, 114606.549603, 0.915282831361, 2346.85622729, 
<------------ GEN 30--------------->
Chromsome [0]: (771.3)-55.0709873292, 2.966889913, 114606.549603, 0.915282831361, 2346.85622729, 
Chromsome [1]: (771.3)-21.3722331113, -71.7644066155, 17820.3117377, 11.6377615103, 1376.85833452, 
Chromsome [2]: (650.633333333)2.08853142619, 2.966889913, -211429.085598, 11.6377615103, 1376.85833452, 
Chromsome [3]: (641.733333333)8.83677171725, 21.1442184163, 147531.344644, 29.8092837196, 1924.33667272, 
Chromsome [4]: (618.6)12.6368873252, -24.2951858759, 99607.5724693, 24.8829364896, 1376.85833452, 
<------------ GEN 31--------------->
Chromsome [0]: (766.266666667)-38.8055473392, 50.0367324236, 126966.277395, 5.74934951403, 593.994528827, 
Chromsome [1]: (766.266666667)-55.0709873292, 2.966889913, 114606.549603, 0.915282831361, 2346.85622729, 
Chromsome [2]: (655.4)2.08853142619, -82.1097474353, -12056.4869801, 20.3052086465, 963.778780081, 
Chromsome [3]: (630.733333333)12.3402099346, -25.7927313306, 179008.817127, 3.35734791804, 709.293046864, 
Chromsome [4]: (630.366666667)8.83677171725, -53.0313228137, 147531.344644, 11.6377615103, 2751.11130633, 
<------------ GEN 32--------------->
Chromsome [0]: (769.866666667)-103.043433932, 2.25311093709, 48859.1616263, 18.8481708014, 2422.28147031, 
Chromsome [1]: (769.866666667)-0.0641124971594, -68.2400218854, 43076.9097691, 27.0926570709, 963.778780081, 
Chromsome [2]: (769.866666667)-45.1264148939, -82.1097474353, 287660.777446, 24.469954935, 2091.48105521, 
Chromsome [3]: (769.866666667)-38.8055473392, 50.0367324236, 126966.277395, 5.74934951403, 593.994528827, 
Chromsome [4]: (645.9)12.3402099346, 24.7458608884, 30740.8740314, 17.1884376931, 1410.87547202, 
<------------ GEN 33--------------->
Chromsome [0]: (758.733333333)-103.043433932, 2.25311093709, 48859.1616263, 18.8481708014, 2422.28147031, 
Chromsome [1]: (670.833333333)10.8686635999, -25.7927313306, 179008.817127, 20.9117096455, 1376.85833452, 
Chromsome [2]: (669.766666667)12.3402099346, -28.0026150609, 30740.8740314, 1.1453870766, 2751.11130633, 
Chromsome [3]: (669.333333333)8.83677171725, 66.7740082799, -82974.0627321, 8.29888011516, 2037.40424081, 
Chromsome [4]: (634.5)2.08853142619, -0.567859553307, 147531.344644, 17.1884376931, 1410.87547202, 
<------------ GEN 34--------------->
Chromsome [0]: (773.666666667)-103.043433932, 2.25311093709, 48859.1616263, 18.8481708014, 2422.28147031, 
Chromsome [1]: (735.3)2.08853142619, -82.1097474353, 12056.4869801, 0.493364626435, 1648.88260264, 
Chromsome [2]: (699.366666667)4.64859777487, 87.727701651, 45710.6452126, 2.6912608044, 2346.85622729, 
Chromsome [3]: (686.266666667)12.3402099346, -25.7927313306, 179008.817127, 15.1777341246, 1376.85833452, 
Chromsome [4]: (655.9)2.08853142619, -82.1097474353, 12056.4869801, 18.8481708014, 1648.88260264, 
<------------ GEN 35--------------->
Chromsome [0]: (786.533333333)-103.043433932, 2.25311093709, 48859.1616263, 18.8481708014, 2422.28147031, 
Chromsome [1]: (741.733333333)2.08853142619, -82.1097474353, 12056.4869801, 0.493364626435, 2587.40053194, 
Chromsome [2]: (718.3)4.64859777487, 87.727701651, 45710.6452126, 18.8481708014, 1648.88260264, 
Chromsome [3]: (717.866666667)4.8888218388, 66.7740082799, 88094.3228129, 8.29888011516, 2868.18598493, 
Chromsome [4]: (675.6)15.8030006422, -25.7927313306, 48859.1616263, 19.9761157545, 963.778780081, 
<------------ GEN 36--------------->
Chromsome [0]: (791.6)-103.043433932, 2.25311093709, 48859.1616263, 18.8481708014, 2422.28147031, 
Chromsome [1]: (759.1)2.08853142619, -82.1097474353, 12056.4869801, 0.493364626435, 2738.254061, 
Chromsome [2]: (759.1)2.08853142619, -82.1097474353, 12056.4869801, 0.493364626435, 2614.31168079, 
Chromsome [3]: (732.766666667)4.8888218388, 66.7740082799, 3096.03949104, 8.29888011516, 1847.31750441, 
Chromsome [4]: (685.566666667)4.64859777487, 14.213018011, 12056.4869801, 5.60139941513, 1648.88260264, 
<------------ GEN 37--------------->
Chromsome [0]: (791.733333333)-103.043433932, 2.25311093709, 48859.1616263, 18.8481708014, 2422.28147031, 
Chromsome [1]: (754.233333333)4.39317803269, -82.1097474353, 12056.4869801, 19.4416492932, 808.939359857, 
Chromsome [2]: (753.633333333)4.8888218388, 66.7740082799, 3096.03949104, 8.29888011516, 1847.31750441, 
Chromsome [3]: (745.333333333)2.08853142619, 9.09774292001, 12056.4869801, 0.493364626435, 2738.254061, 
Chromsome [4]: (718.833333333)4.64859777487, -2.77962076445, 12056.4869801, 7.51952793498, 2429.03187052, 
<------------ GEN 38--------------->
Chromsome [0]: (787.333333333)-13.4216911214, 34.6571142657, 48859.1616263, 12.6012640354, 2422.28147031, 
Chromsome [1]: (787.333333333)-103.043433932, 2.25311093709, 48859.1616263, 18.8481708014, 2422.28147031, 
Chromsome [2]: (734.933333333)4.39317803269, -82.1097474353, 12056.4869801, 19.4416492932, 954.142136367, 
Chromsome [3]: (734.7)4.8888218388, 66.7740082799, 14080.9322096, 1.1453870766, 1855.10168971, 
Chromsome [4]: (702.466666667)10.0243253365, -44.3473649146, 78520.0754785, 3.2020059827, 2617.16954183, 
<------------ GEN 39--------------->
Chromsome [0]: (799.6)-14.6780713037, 69.2623975593, 108302.88161, 19.4416492932, 808.939359857, 
Chromsome [1]: (799.6)-13.4216911214, 34.6571142657, 48859.1616263, 12.6012640354, 2422.28147031, 
Chromsome [2]: (702.4)4.8888218388, 66.7740082799, 14080.9322096, 17.752178381, 2587.40053194, 
Chromsome [3]: (702.366666667)2.08853142619, 56.8901609211, 12056.4869801, 17.5083681989, 2422.28147031, 
Chromsome [4]: (702.366666667)2.08853142619, -67.6571922254, 14557.7295919, 15.2324479958, 1901.69253284, 
<------------ GEN 40--------------->
Chromsome [0]: (799.366666667)-17.598735242, -56.8332374754, 78520.0754785, 3.2020059827, 2617.16954183, 
Chromsome [1]: (799.366666667)-14.6780713037, 69.2623975593, 108302.88161, 19.4416492932, 808.939359857, 
Chromsome [2]: (712.466666667)4.8888218388, 66.7740082799, 14080.9322096, 17.752178381, 2587.40053194, 
Chromsome [3]: (692.0)2.08853142619, 2.4061899636, 109259.973066, 17.5083681989, 2422.28147031, 
Chromsome [4]: (688.833333333)2.08853142619, -12.2566987369, 48859.1616263, 18.8481708014, 2422.28147031, 
<------------ GEN 41--------------->
Chromsome [0]: (798.766666667)-17.598735242, -56.8332374754, 78520.0754785, 3.2020059827, 2617.16954183, 
Chromsome [1]: (727.766666667)7.87821770124, 57.6955739092, 14080.9322096, 1.1453870766, 928.198450193, 
Chromsome [2]: (703.8)2.08853142619, 2.4061899636, 2167.65455801, 14.08730245, 1250.30877334, 
Chromsome [3]: (701.133333333)2.08853142619, -12.2566987369, 48859.1616263, 18.8481708014, 2422.28147031, 
Chromsome [4]: (701.133333333)2.08853142619, -12.2566987369, 48859.1616263, 18.8481708014, 2422.28147031, 
<------------ GEN 42--------------->
Chromsome [0]: (791.366666667)-17.598735242, -56.8332374754, 78520.0754785, 3.2020059827, 2617.16954183, 
Chromsome [1]: (719.033333333)2.08853142619, -24.8894956258, -72685.3859466, 19.4416492932, 808.939359857, 
Chromsome [2]: (714.933333333)7.87821770124, 57.6955739092, 14080.9322096, 1.1453870766, 928.198450193, 
Chromsome [3]: (703.633333333)2.08853142619, 2.4061899636, 2167.65455801, 14.08730245, 1250.30877334, 
Chromsome [4]: (692.8)2.08853142619, 66.0963392466, 14557.7295919, 15.2324479958, 1376.2050899, 
<------------ GEN 43--------------->
Chromsome [0]: (821.8)-17.598735242, -56.8332374754, 78520.0754785, 3.2020059827, 2617.16954183, 
Chromsome [1]: (788.666666667)2.08853142619, 2.4061899636, 2167.65455801, -5.58090453791, 1250.30877334, 
Chromsome [2]: (755.933333333)2.08853142619, -12.2566987369, 41826.9475909, 6.2285489043, 2619.00978065, 
Chromsome [3]: (747.966666667)2.08853142619, 45.3292098629, 48859.1616263, 28.1839822638, 2918.0325425, 
Chromsome [4]: (746.066666667)2.08853142619, 66.0963392466, 110130.622959, 19.4416492932, 808.939359857, 
<------------ GEN 44--------------->
Chromsome [0]: (810.966666667)-11.9464485177, 26.0273205416, 10535.102094, 19.4416492932, 808.939359857, 
Chromsome [1]: (810.966666667)-25.1319524821, 64.8099301466, 173452.415742, 18.8481708014, 930.967622078, 
Chromsome [2]: (810.966666667)-60.6922138683, 0.570315456286, 128266.484542, 2.53904129839, 2089.16036571, 
Chromsome [3]: (810.966666667)-17.598735242, -56.8332374754, 78520.0754785, 3.2020059827, 2617.16954183, 
Chromsome [4]: (745.3)2.08853142619, 2.4061899636, 2167.65455801, 31.0642478568, 1250.30877334, 
<------------ GEN 45--------------->
Chromsome [0]: (788.033333333)-30.0252869349, 45.3292098629, 3527.77735832, 6.30545771305, 2617.16954183, 
Chromsome [1]: (788.033333333)-11.9464485177, 26.0273205416, 10535.102094, 19.4416492932, 808.939359857, 
Chromsome [2]: (726.633333333)0.518422939482, 0.570315456286, 93460.1900329, 6.2285489043, 1980.24704041, 
Chromsome [3]: (705.1)2.08853142619, 45.3292098629, 48859.1616263, 11.2873498002, 2918.0325425, 
Chromsome [4]: (703.666666667)2.08853142619, 12.7421421957, 54885.1029538, 29.5061700376, 954.142136367, 
<------------ GEN 46--------------->
Chromsome [0]: (811.933333333)-30.0252869349, 45.3292098629, 3527.77735832, 6.30545771305, 2617.16954183, 
Chromsome [1]: (739.166666667)0.518422939482, -44.9547262949, 143045.118892, 9.46010117752, 2422.28147031, 
Chromsome [2]: (722.1)2.08853142619, 45.3292098629, 48859.1616263, 21.6039491371, 2918.0325425, 
Chromsome [3]: (720.433333333)2.08853142619, 66.0963392466, 150372.596973, 19.4416492932, 2627.05526015, 
Chromsome [4]: (720.1)2.08853142619, 29.4366522568, 149461.700415, 12.3027323284, 2694.64933247, 
<------------ GEN 47--------------->
Chromsome [0]: (797.7)-30.0252869349, 45.3292098629, 3527.77735832, 6.30545771305, 2617.16954183, 
Chromsome [1]: (736.3)2.08853142619, -30.11756391, -10536.2397813, 4.97346364192, 2422.28147031, 
Chromsome [2]: (736.233333333)2.08853142619, 41.3658274416, -119408.564348, 19.4416492932, 2627.05526015, 
Chromsome [3]: (721.433333333)0.518422939482, -44.9547262949, 152659.341126, 9.46010117752, 2422.28147031, 
Chromsome [4]: (704.333333333)2.08853142619, 45.3292098629, 48859.1616263, 21.6039491371, 2918.0325425, 
<------------ GEN 48--------------->
Chromsome [0]: (814.4)-30.0252869349, 45.3292098629, 3527.77735832, 6.30545771305, 2617.16954183, 
Chromsome [1]: (744.333333333)0.518422939482, -4.65668488083, 152659.341126, 9.46010117752, 2422.28147031, 
Chromsome [2]: (732.966666667)2.08853142619, 69.2623975593, 114617.621206, 19.7406092149, 1376.2050899, 
Chromsome [3]: (731.0)2.08853142619, 45.3292098629, 48859.1616263, 7.94599308777, -521.844334765, 
Chromsome [4]: (730.333333333)2.08853142619, -85.781593323, 34937.8979576, 1.23028405227, 529.746465087, 
<------------ GEN 49--------------->
Chromsome [0]: (824.9)-1.15288508016, 37.2949053143, -105428.939334, 16.9052932988, 2617.16954183, 
Chromsome [1]: (824.9)-30.0252869349, 45.3292098629, 3527.77735832, 6.30545771305, 2617.16954183, 
Chromsome [2]: (742.166666667)0.518422939482, -4.65668488083, 152659.341126, 9.46010117752, 2422.28147031, 
Chromsome [3]: (737.766666667)2.08853142619, 69.2623975593, 3527.77735832, 6.30545771305, 2617.16954183, 
Chromsome [4]: (733.7)2.08853142619, 45.3292098629, 85926.9210331, 6.30545771305, 2617.16954183, 
<------------ GEN 50--------------->
Chromsome [0]: (816.6)-1.15288508016, 37.2949053143, -105428.939334, 16.9052932988, 2617.16954183, 
Chromsome [1]: (765.3)4.20343017263, -69.842198408, 156090.2938, 12.8108241464, 2330.68461142, 
Chromsome [2]: (764.2)2.08853142619, -12.2154316255, -852.163794321, 13.6392522481, 2547.96540612, 
Chromsome [3]: (746.966666667)0.518422939482, -4.65668488083, 179007.967821, 19.7406092149, 1376.2050899, 
Chromsome [4]: (735.633333333)1.35288508016, 37.2949053143, 105428.939334, 16.9052932988, 2617.16954183, 
<------------ GEN 51--------------->
Chromsome [0]: (796.533333333)-47.9805181821, 37.2949053143, 105428.939334, 24.8125745852, 2617.16954183, 
Chromsome [1]: (796.533333333)-1.15288508016, 37.2949053143, -105428.939334, 16.9052932988, 2617.16954183, 
Chromsome [2]: (734.8)4.20343017263, -69.842198408, 156090.2938, 12.8108241464, 1061.64046691, 
Chromsome [3]: (713.766666667)0.518422939482, -4.65668488083, 179007.967821, 19.7406092149, 1376.2050899, 
Chromsome [4]: (699.033333333)3.09131788182, 1.82178839858, 145737.228033, 19.4416492932, 898.460059709, 
<------------ GEN 52--------------->
Chromsome [0]: (811.833333333)-47.9805181821, 37.2949053143, 105428.939334, 24.8125745852, 2617.16954183, 
Chromsome [1]: (761.133333333)3.6987104071, -88.4524555167, 67285.3863039, 16.9493959825, 1521.84433476, 
Chromsome [2]: (743.866666667)4.20343017263, -69.842198408, 125327.539243, 12.8108241464, 1061.64046691, 
Chromsome [3]: (741.466666667)0.518422939482, -4.65668488083, 179007.967821, 24.8103050174, 2474.64092002, 
Chromsome [4]: (732.033333333)3.09131788182, 122.813968104, 15215.4208216, 14.08730245, 2617.16954183, 
<------------ GEN 53--------------->
Chromsome [0]: (798.7)-47.9805181821, 37.2949053143, 105428.939334, 24.8125745852, 2617.16954183, 
Chromsome [1]: (753.833333333)3.09131788182, 112.838145469, 139356.514785, 14.2213705929, 2061.30672941, 
Chromsome [2]: (746.7)3.6987104071, -88.4524555167, 115426.926505, 10.3659792513, 2617.16954183, 
Chromsome [3]: (734.066666667)0.518422939482, 14.0219951213, 179007.967821, 24.8103050174, 1061.64046691, 
Chromsome [4]: (723.0)4.20343017263, -69.842198408, 125327.539243, 12.8108241464, 2474.64092002, 
<------------ GEN 54--------------->
Chromsome [0]: (811.033333333)-47.9805181821, 37.2949053143, 105428.939334, 24.8125745852, 2617.16954183, 
Chromsome [1]: (755.3)4.03586540954, 21.7498001992, -153790.784953, 6.30545771305, 2967.54263543, 
Chromsome [2]: (745.6)3.6987104071, -88.4524555167, 158632.617153, 1.23028405227, 2054.50144025, 
Chromsome [3]: (742.266666667)0.518422939482, 14.0219951213, 82580.8813712, 24.8103050174, 1061.64046691, 
Chromsome [4]: (737.566666667)1.35288508016, -68.4645321264, 106819.076604, 20.127374702, 2216.81892266, 
<------------ GEN 55--------------->
Chromsome [0]: (823.466666667)-47.9805181821, 37.2949053143, 105428.939334, 24.8125745852, 2617.16954183, 
Chromsome [1]: (739.233333333)1.35288508016, -12.2154316255, 163072.700134, 22.4753047538, 2673.09684131, 
Chromsome [2]: (739.233333333)1.35288508016, 37.2949053143, 105428.939334, 24.8125745852, 2278.58111338, 
Chromsome [3]: (733.9)4.20343017263, -69.842198408, 125327.539243, 12.8108241464, 2617.16954183, 
Chromsome [4]: (730.6)2.08853142619, -12.2154316255, 163072.700134, 22.4753047538, 1061.64046691, 
<------------ GEN 56--------------->
Chromsome [0]: (804.466666667)-16.8824521051, 81.2695085148, 35683.9552296, 22.4753047538, 1061.64046691, 
Chromsome [1]: (804.466666667)-1.23901408891, 37.2949053143, 105428.939334, 12.8108241464, 1061.64046691, 
Chromsome [2]: (804.466666667)-47.9805181821, 37.2949053143, 105428.939334, 24.8125745852, 2617.16954183, 
Chromsome [3]: (720.8)1.35288508016, -12.2154316255, 139356.514785, 14.2213705929, 2061.30672941, 
Chromsome [4]: (720.8)1.35288508016, 37.2949053143, 115426.926505, 10.3659792513, 2617.16954183, 
<------------ GEN 57--------------->
Chromsome [0]: (800.4)-16.8824521051, 81.2695085148, 35683.9552296, 22.4753047538, 1061.64046691, 
Chromsome [1]: (730.033333333)3.09131788182, -88.4524555167, 140864.914229, 1.23028405227, 1980.174719, 
Chromsome [2]: (723.0)4.03586540954, -86.282811137, 105428.939334, 24.8125745852, 2617.16954183, 
Chromsome [3]: (722.933333333)4.03586540954, -77.8048058977, 134195.630006, 5.00701089175, 1696.66996811, 
Chromsome [4]: (707.166666667)1.35288508016, 37.2949053143, 115426.926505, 10.3659792513, 1149.50556239, 
<------------ GEN 58--------------->
Chromsome [0]: (812.766666667)-16.8824521051, 81.2695085148, 35683.9552296, 22.4753047538, 1061.64046691, 
Chromsome [1]: (742.333333333)4.03586540954, -86.282811137, 105160.473945, 24.8125745852, 2617.16954183, 
Chromsome [2]: (718.8)10.5367670827, 28.1247125121, 15446.6923093, 23.1639347635, 2237.34747549, 
Chromsome [3]: (706.966666667)1.35288508016, 53.6217000804, 103952.06752, 24.8125745852, 2617.16954183, 
Chromsome [4]: (706.966666667)1.35288508016, -12.2154316255, 8635.35624677, 13.4533908295, 925.877583786, 
<------------ GEN 59--------------->
Chromsome [0]: (801.433333333)-16.8824521051, 81.2695085148, 35683.9552296, 22.4753047538, 1061.64046691, 
Chromsome [1]: (717.333333333)4.03586540954, -86.282811137, 85965.2253639, 15.6239553457, 1520.37830454, 
Chromsome [2]: (711.333333333)10.5367670827, 28.1247125121, 15446.6923093, 23.1639347635, 2237.34747549, 
Chromsome [3]: (701.833333333)1.35288508016, 53.6217000804, 103952.06752, 24.8125745852, 2617.16954183, 
Chromsome [4]: (699.3)2.08853142619, 21.7498001992, 2459.3134344, 1.84076626349, 692.026927674, 
<------------ GEN 60--------------->
Chromsome [0]: (797.433333333)-16.8824521051, 81.2695085148, 35683.9552296, 22.4753047538, 1061.64046691, 
Chromsome [1]: (717.2)1.35288508016, 179.454118928, 156090.2938, 20.127374702, 1061.64046691, 
Chromsome [2]: (710.366666667)10.6944021627, 37.4076655988, 98453.2745153, 24.8125745852, 2432.82406844, 
Chromsome [3]: (703.533333333)11.3199388492, -35.8625083128, 105428.939334, 19.0526113578, 2076.92975018, 
Chromsome [4]: (700.833333333)15.0385843612, -35.1383854408, 17603.0170779, 14.2877868229, 4989.98544182, 
<------------ GEN 61--------------->
Chromsome [0]: (807.233333333)-14.1410739339, -38.4057628979, 83454.448632, 24.8125745852, 2432.82406844, 
Chromsome [1]: (807.233333333)-16.8824521051, 81.2695085148, 35683.9552296, 22.4753047538, 1061.64046691, 
Chromsome [2]: (732.033333333)4.03586540954, -137.350901197, 75874.3613741, 5.04758222772, 838.784414517, 
Chromsome [3]: (700.066666667)10.6944021627, 37.4076655988, 98453.2745153, 17.3010803291, 1061.64046691, 
Chromsome [4]: (694.333333333)11.3199388492, -35.8625083128, 105428.939334, 19.0526113578, 2812.22060378, 
<------------ GEN 62--------------->
Chromsome [0]: (800.966666667)-14.1410739339, -38.4057628979, 83454.448632, 24.8125745852, 2432.82406844, 
Chromsome [1]: (700.3)12.6191380766, 37.4076655988, 27810.2934572, 17.3010803291, 1061.64046691, 
Chromsome [2]: (697.266666667)14.3410739339, -38.4057628979, 83454.448632, 24.8125745852, 692.026927674, 
Chromsome [3]: (697.1)1.35288508016, 0.545881071839, 68979.524501, 19.0526113578, 2076.92975018, 
Chromsome [4]: (695.633333333)1.35288508016, 73.5635118654, 150477.911291, 24.9105476488, 2237.34747549, 
<------------ GEN 63--------------->
Chromsome [0]: (802.933333333)-14.1410739339, -38.4057628979, 83454.448632, 24.8125745852, 2432.82406844, 
Chromsome [1]: (731.1)0.468917559916, 37.4076655988, 169257.540665, 17.3010803291, 1061.64046691, 
Chromsome [2]: (709.2)1.35288508016, 73.5635118654, 150477.911291, 24.9105476488, 2237.34747549, 
Chromsome [3]: (707.533333333)2.08853142619, -85.1190323161, 8635.35624677, 26.9823700776, 522.381346211, 
Chromsome [4]: (706.866666667)2.08853142619, -33.6116743985, 85965.2253639, 12.2774255356, 1749.01013694, 
<------------ GEN 64--------------->
Chromsome [0]: (799.3)-14.1410739339, -38.4057628979, 83454.448632, 24.8125745852, 2432.82406844, 
Chromsome [1]: (706.4)1.35288508016, 73.5635118654, 150477.911291, 18.9391320217, 2237.34747549, 
Chromsome [2]: (705.4)2.08853142619, 6.27144316447, 173184.242607, 5.04758222772, 516.96546024, 
Chromsome [3]: (704.066666667)2.08853142619, 73.7471216217, 43485.4187584, 25.7101722278, 2237.34747549, 
Chromsome [4]: (704.066666667)2.08853142619, 28.5486852746, 144969.151502, 18.5291042356, 1150.22089028, 
<------------ GEN 65--------------->
Chromsome [0]: (790.366666667)-14.1410739339, -38.4057628979, 83454.448632, 24.8125745852, 2432.82406844, 
Chromsome [1]: (689.433333333)2.08853142619, 6.27144316447, 173184.242607, 5.04758222772, 516.96546024, 
Chromsome [2]: (687.8)2.08853142619, 28.5486852746, 144969.151502, 18.5291042356, 1270.21939145, 
Chromsome [3]: (686.266666667)1.35288508016, 73.5635118654, 150477.911291, 2.00765794764, 1109.84493779, 
Chromsome [4]: (685.466666667)2.08853142619, -85.1190323161, 40908.013832, 26.9823700776, 876.197591, 
<------------ GEN 66--------------->
Chromsome [0]: (776.8)-14.1410739339, -38.4057628979, 83454.448632, 24.8125745852, 2432.82406844, 
Chromsome [1]: (681.033333333)14.6392145171, -14.6520642001, 143615.616126, 7.51075869464, 1140.32241562, 
Chromsome [2]: (673.566666667)19.9074029434, -29.1625073477, 216993.412011, 20.0218178536, 1309.77206057, 
Chromsome [3]: (672.633333333)14.3410739339, -38.4057628979, 284911.390108, 25.7101722278, 2237.34747549, 
Chromsome [4]: (671.333333333)2.08853142619, 28.5486852746, 144969.151502, 24.3076100655, 2544.35535295, 
<------------ GEN 67--------------->
Chromsome [0]: (789.1)-14.1410739339, -38.4057628979, 83454.448632, 24.8125745852, 2432.82406844, 
Chromsome [1]: (689.966666667)14.6392145171, -14.6520642001, 143615.616126, 7.51075869464, 1124.4777513, 
Chromsome [2]: (683.066666667)2.08853142619, 28.5486852746, 178336.51834, 7.60734559721, 2237.34747549, 
Chromsome [3]: (682.9)2.08853142619, -29.1625073477, 143006.587989, 20.0218178536, 1309.77206057, 
Chromsome [4]: (680.066666667)14.3410739339, -38.4057628979, 150477.911291, 20.2696452141, 15.7209419323, 
<------------ GEN 68--------------->
Chromsome [0]: (779.366666667)-51.8596473958, -86.2077111202, 95864.852978, 20.0218178536, 1309.77206057, 
Chromsome [1]: (779.366666667)-14.1410739339, -38.4057628979, 83454.448632, 24.8125745852, 2432.82406844, 
Chromsome [2]: (700.766666667)5.13219097409, 73.3716421505, 83454.448632, 20.3024459207, 2824.07617444, 
Chromsome [3]: (686.5)14.6392145171, -14.6520642001, 143615.616126, 25.7860748972, 1056.63417738, 
Chromsome [4]: (686.3)15.5832186707, 13.7035106331, 103269.586376, 25.7860748972, 4899.30496049, 
<------------ GEN 69--------------->
Chromsome [0]: (812.133333333)-111.417477352, 101.132578608, 69056.6265314, 50.9768626058, 2174.54098652, 
Chromsome [1]: (812.133333333)-104.345745814, -78.8843361878, 143006.587989, 9.50136239947, 1309.77206057, 
Chromsome [2]: (812.133333333)-51.8596473958, -86.2077111202, 95864.852978, 20.0218178536, 1309.77206057, 
Chromsome [3]: (733.933333333)2.08853142619, -61.8244349426, -32332.454635, 0.753570220968, 2580.13430471, 
Chromsome [4]: (712.766666667)14.6392145171, -14.6520642001, 143615.616126, 25.7860748972, 1056.63417738, 
<------------ GEN 70--------------->
Chromsome [0]: (800.966666667)-111.417477352, 101.132578608, 69056.6265314, 50.9768626058, 2174.54098652, 
Chromsome [1]: (725.8)14.6392145171, -14.6520642001, 109577.152674, 25.7860748972, 1056.63417738, 
Chromsome [2]: (715.5)14.3410739339, -38.4057628979, 122076.590313, 27.5005796318, 1044.43431393, 
Chromsome [3]: (710.033333333)2.08853142619, -61.8244349426, 107354.420275, 23.3605028242, 2432.82406844, 
Chromsome [4]: (710.033333333)2.08853142619, -61.8244349426, 32332.454635, 0.753570220968, 876.197591, 
<------------ GEN 71--------------->
Chromsome [0]: (813.2)-48.9354625648, 64.3306473418, 69056.6265314, 9.02313739419, 2174.54098652, 
Chromsome [1]: (813.2)-33.7495410074, 56.9752839965, 95864.852978, 24.3076100655, 2432.82406844, 
Chromsome [2]: (813.2)-6.70112982579, -69.2746144977, 98280.9512154, 18.5291042356, 1270.21939145, 
Chromsome [3]: (813.2)-111.417477352, 101.132578608, 69056.6265314, 50.9768626058, 2174.54098652, 
Chromsome [4]: (721.966666667)2.08853142619, -61.8244349426, 32332.454635, 0.753570220968, 876.197591, 
<------------ GEN 72--------------->
Chromsome [0]: (830.166666667)-48.9354625648, 64.3306473418, 69056.6265314, 9.02313739419, 2174.54098652, 
Chromsome [1]: (771.6)6.90112982579, -69.2746144977, 98280.9512154, 22.9296062072, 984.279058068, 
Chromsome [2]: (762.466666667)2.08853142619, -61.8244349426, 32332.454635, 0.753570220968, 1715.76224559, 
Chromsome [3]: (762.466666667)2.08853142619, -61.8244349426, 32332.454635, 3.13963535031, 2664.83948571, 
Chromsome [4]: (762.466666667)2.08853142619, -61.8244349426, 122076.590313, 27.5005796318, 1044.43431393, 
<------------ GEN 73--------------->
Chromsome [0]: (834.333333333)-76.0626333756, -61.8244349426, 98809.3273698, 19.0526113578, 1892.5520448, 
Chromsome [1]: (834.333333333)-48.9354625648, 64.3306473418, 69056.6265314, 9.02313739419, 2174.54098652, 
Chromsome [2]: (777.766666667)6.90112982579, -40.8195182622, 178059.959848, 0.753570220968, 2580.13430471, 
Chromsome [3]: (775.9)6.90112982579, -69.2746144977, 83425.9966038, 9.02313739419, 44.6466566469, 
Chromsome [4]: (766.766666667)2.08853142619, -61.8244349426, 157683.967551, 27.5005796318, 1715.76224559, 
<------------ GEN 74--------------->
Chromsome [0]: (824.366666667)-76.0626333756, -61.8244349426, 98809.3273698, 19.0526113578, 1892.5520448, 
Chromsome [1]: (753.366666667)6.90112982579, -40.8195182622, 178059.959848, 0.753570220968, 2580.13430471, 
Chromsome [2]: (749.033333333)6.90112982579, 78.189988712, 83425.9966038, -2.74636725923, 1309.77206057, 
Chromsome [3]: (738.333333333)2.08853142619, -86.7032576135, 19575.3798767, 9.02313739419, 931.887951868, 
Chromsome [4]: (736.933333333)2.08853142619, -49.3004260841, 47158.4782548, 12.2834202607, 1131.48637185, 
<------------ GEN 75--------------->
Chromsome [0]: (816.7)-76.0626333756, -61.8244349426, 98809.3273698, 19.0526113578, 1892.5520448, 
Chromsome [1]: (754.033333333)6.90112982579, 35.5752469024, 178059.959848, 0.753570220968, 2580.13430471, 
Chromsome [2]: (753.733333333)6.90112982579, -44.6268780325, 122076.590313, 27.5005796318, 1044.43431393, 
Chromsome [3]: (738.833333333)2.08853142619, -86.7032576135, 176055.379483, 0.753570220968, 2773.91850759, 
Chromsome [4]: (738.833333333)2.08853142619, -61.8244349426, 83425.9966038, 39.1605763689, 1309.77206057, 
<------------ GEN 76--------------->
Chromsome [0]: (810.033333333)-16.5696690131, -61.8244349426, 98809.3273698, 19.0526113578, 1892.5520448, 
Chromsome [1]: (810.033333333)-76.0626333756, -61.8244349426, 98809.3273698, 19.0526113578, 1892.5520448, 
Chromsome [2]: (753.666666667)6.90112982579, 42.4623564858, 122076.590313, 27.5005796318, 794.206146188, 
Chromsome [3]: (753.666666667)6.90112982579, -44.6268780325, 122076.590313, 27.5005796318, 931.887951868, 
Chromsome [4]: (752.566666667)6.90112982579, -61.9278267814, 132402.427851, 0.753570220968, 2580.13430471, 
<------------ GEN 77--------------->
Chromsome [0]: (823.233333333)-15.7099966145, -61.8244349426, 19575.3798767, 9.02313739419, 1044.43431393, 
Chromsome [1]: (823.233333333)-16.5696690131, -61.8244349426, 98809.3273698, 19.0526113578, 1892.5520448, 
Chromsome [2]: (774.9)6.90112982579, 42.4623564858, 122076.590313, 27.5005796318, 2706.11019555, 
Chromsome [3]: (773.833333333)6.90112982579, -61.9278267814, 132402.427851, 0.753570220968, 234.233743615, 
Chromsome [4]: (773.833333333)6.90112982579, -61.9278267814, 97055.7371105, 3.77133414394, 2457.15765028, 
<------------ GEN 78--------------->
Chromsome [0]: (821.366666667)-10.1235743105, -61.9278267814, 97055.7371105, 3.77133414394, 2457.15765028, 
Chromsome [1]: (821.366666667)-15.7099966145, -61.8244349426, 19575.3798767, 9.02313739419, 1044.43431393, 
Chromsome [2]: (759.3)6.90112982579, 42.4623564858, 122076.590313, 27.5005796318, 2706.11019555, 
Chromsome [3]: (727.4)2.08853142619, 69.6859000894, 80639.2543474, 0.205201315514, 1131.48637185, 
Chromsome [4]: (722.966666667)2.08853142619, -17.9509960761, 169548.214721, 0.753570220968, 2773.91850759, 
<------------ GEN 79--------------->
Chromsome [0]: (834.7)-3.17400631132, -14.5976854339, 97055.7371105, 15.487512614, 1047.91987887, 
Chromsome [1]: (834.7)-10.1235743105, -61.9278267814, 97055.7371105, 3.77133414394, 2457.15765028, 
Chromsome [2]: (784.133333333)4.72291734054, 69.6859000894, 111218.881189, 0.205201315514, 2457.15765028, 
Chromsome [3]: (778.433333333)6.90112982579, 67.918852415, 171134.987811, 2.69103824186, 931.887951868, 
Chromsome [4]: (747.533333333)2.08853142619, 69.6859000894, 169548.214721, 0.753570220968, 716.644100895, 
<------------ GEN 80--------------->
Chromsome [0]: (809.366666667)-14.441340844, 75.7457079205, 22098.9963074, 16.3406487404, 1277.97626436, 
Chromsome [1]: (809.366666667)-3.17400631132, -14.5976854339, 97055.7371105, 15.487512614, 1047.91987887, 
Chromsome [2]: (761.933333333)2.08853142619, 69.6859000894, -197684.80206, 0.753570220968, 716.644100895, 
Chromsome [3]: (756.633333333)4.72291734054, 69.6859000894, 111218.881189, 0.205201315514, 2457.15765028, 
Chromsome [4]: (754.466666667)3.37400631132, -88.1690176305, 22098.9963074, 27.0540414808, 2609.19845662, 
<------------ GEN 81--------------->
Chromsome [0]: (799.1)-14.441340844, 75.7457079205, 22098.9963074, 16.3406487404, 1277.97626436, 
Chromsome [1]: (721.566666667)4.72291734054, 69.6859000894, 65668.9813788, 7.68478748012, 729.556566958, 
Chromsome [2]: (715.033333333)3.37400631132, -88.1690176305, 22098.9963074, 27.0540414808, 2609.19845662, 
Chromsome [3]: (677.133333333)2.08853142619, 69.6859000894, 27127.5264719, 0.753570220968, 2004.80066733, 
Chromsome [4]: (677.133333333)2.08853142619, -46.1462169898, 197684.80206, 0.753570220968, 5345.77517095, 
<------------ GEN 82--------------->
Chromsome [0]: (821.366666667)-14.441340844, 75.7457079205, 22098.9963074, 16.3406487404, 1277.97626436, 
Chromsome [1]: (751.633333333)3.37400631132, -88.1690176305, -11036.3220742, 15.3484240988, 1044.43431393, 
Chromsome [2]: (743.7)4.72291734054, 69.6859000894, 27127.5264719, 0.753570220968, 2004.80066733, 
Chromsome [3]: (743.7)4.72291734054, 69.6859000894, 48286.0133679, 20.4374482741, 729.556566958, 
Chromsome [4]: (734.9)6.90112982579, -73.6061335332, 111218.881189, 16.3406487404, 1277.97626436, 
<------------ GEN 83--------------->
Chromsome [0]: (810.8)-14.441340844, 75.7457079205, 22098.9963074, 16.3406487404, 1277.97626436, 
Chromsome [1]: (740.533333333)3.37400631132, -88.1690176305, -57623.7587512, 15.1971736861, 966.21813608, 
Chromsome [2]: (737.5)4.72291734054, 69.6859000894, 56681.000981, 16.3406487404, 650.924912708, 
Chromsome [3]: (737.5)4.72291734054, 71.6794905205, 137468.05515, 0.753570220968, 2004.80066733, 
Chromsome [4]: (728.533333333)3.37400631132, 123.040672402, 97055.7371105, 15.487512614, 796.644976505, 
<------------ GEN 84--------------->
Chromsome [0]: (798.9)-64.6206222562, 21.8434182613, 75318.9184817, 19.0526113578, 2253.793508, 
Chromsome [1]: (798.9)-14.441340844, 75.7457079205, 22098.9963074, 16.3406487404, 1277.97626436, 
Chromsome [2]: (754.733333333)34.3386321666, -31.6483398706, -77903.2612947, -15.0890354137, 654.224829047, 
Chromsome [3]: (715.066666667)4.72291734054, 69.6859000894, 22098.9963074, 20.4374482741, 729.556566958, 
Chromsome [4]: (715.066666667)4.72291734054, 71.6794905205, 137468.05515, 14.5521994146, 1131.48637185, 
<------------ GEN 85--------------->
Chromsome [0]: (797.733333333)-17.0236359586, 69.9619540222, 180312.293807, 0.753570220968, 2004.06123004, 
Chromsome [1]: (797.733333333)-44.1817121966, -323.710765833, 56681.000981, 16.3406487404, 650.924912708, 
Chromsome [2]: (797.733333333)-64.6206222562, 21.8434182613, 75318.9184817, 19.0526113578, 2253.793508, 
Chromsome [3]: (690.0)6.90112982579, 40.2334713386, 22537.8850358, 5.92014102358, 2591.57539247, 
Chromsome [4]: (685.5)6.90112982579, -73.6061335332, 81637.5021315, 21.585852999, 2497.0310571, 
<------------ GEN 86--------------->
Chromsome [0]: (777.766666667)-5.51176864606, 14.3563289997, 1744.85411674, 16.3406487404, 1277.97626436, 
Chromsome [1]: (777.766666667)-17.0236359586, 69.9619540222, 180312.293807, 0.753570220968, 2004.06123004, 
Chromsome [2]: (650.933333333)8.49737747098, 30.6444910184, 80909.0387365, 2.86974098982, 2398.41250407, 
Chromsome [3]: (650.933333333)8.49737747098, 30.6444910184, 80909.0387365, 2.86974098982, 1639.93525466, 
Chromsome [4]: (649.0)7.17446966632, 32.140722068, 163846.356086, 9.02313739419, 2274.78196599, 
<------------ GEN 87--------------->
Chromsome [0]: (776.166666667)-5.51176864606, 14.3563289997, 1744.85411674, 16.3406487404, 1277.97626436, 
Chromsome [1]: (677.8)4.72291734054, 149.760947035, 80909.0387365, 2.86974098982, 2398.41250407, 
Chromsome [2]: (670.666666667)7.54941557045, 33.4734807956, 23765.1486662, 0.753570220968, 1246.34470892, 
Chromsome [3]: (660.5)8.49737747098, 30.6444910184, 12366.4768853, 2.30516402203, 650.924912708, 
Chromsome [4]: (650.5)8.49737747098, -34.6731585685, 80909.0387365, 2.86974098982, 2398.41250407, 
<------------ GEN 88--------------->
Chromsome [0]: (771.333333333)-5.51176864606, 14.3563289997, 1744.85411674, 16.3406487404, 1277.97626436, 
Chromsome [1]: (634.4)7.54941557045, 33.4734807956, 23765.1486662, 0.753570220968, 1246.34470892, 
Chromsome [2]: (625.8)7.17446966632, 32.140722068, 163846.356086, 9.02313739419, 2274.78196599, 
Chromsome [3]: (625.3)8.49737747098, -26.1196121315, 12240.8770005, 0.753570220968, 2004.06123004, 
Chromsome [4]: (621.3)8.49737747098, -46.674629135, 169065.54436, 2.86974098982, 2398.41250407, 
<------------ GEN 89--------------->
Chromsome [0]: (762.766666667)-9.98360182688, -73.326535405, 95187.0320779, 44.79285654, 2398.41250407, 
Chromsome [1]: (762.766666667)-5.51176864606, 14.3563289997, 1744.85411674, 16.3406487404, 1277.97626436, 
Chromsome [2]: (659.7)7.54941557045, 45.0625352609, 23765.1486662, 0.753570220968, 1246.34470892, 
Chromsome [3]: (657.066666667)4.72291734054, 99.9254852749, 159233.473184, 0.753570220968, 1516.40424628, 
Chromsome [4]: (655.6)8.49737747098, -32.796107307, 862.825618155, 4.31009705342, 2409.51370044, 
<------------ GEN 90--------------->
Chromsome [0]: (777.0)-9.98360182688, -73.326535405, 95187.0320779, 44.79285654, 2398.41250407, 
Chromsome [1]: (684.066666667)2.89395209752, -32.796107307, 862.825618155, 26.1710063283, 2409.51370044, 
Chromsome [2]: (645.066666667)4.72291734054, 80.0745147251, 159233.473184, 0.753570220968, 2253.793508, 
Chromsome [3]: (641.033333333)5.71176864606, -87.1043555575, 179687.706193, 5.92014102358, 2267.4850978, 
Chromsome [4]: (638.133333333)3.37400631132, 78.718342623, 105999.484659, 15.487512614, 1755.4324912, 
<------------ GEN 91--------------->
Chromsome [0]: (760.3)-9.98360182688, -73.326535405, 95187.0320779, 44.79285654, 2398.41250407, 
Chromsome [1]: (651.5)2.89395209752, -32.796107307, 862.825618155, 10.4109033826, 2409.51370044, 
Chromsome [2]: (631.633333333)5.71176864606, -70.1815257693, 19575.3798767, 0.596195749435, 2971.37164982, 
Chromsome [3]: (624.733333333)5.71176864606, -87.1043555575, 159233.473184, 0.753570220968, 2253.793508, 
Chromsome [4]: (617.966666667)3.37400631132, 78.718342623, 105999.484659, 13.9957840698, 1650.0132378, 
<------------ GEN 92--------------->
Chromsome [0]: (779.366666667)-9.98360182688, -73.326535405, 95187.0320779, 44.79285654, 2398.41250407, 
Chromsome [1]: (676.2)2.89395209752, -32.796107307, 862.825618155, 10.4109033826, 2409.51370044, 
Chromsome [2]: (649.233333333)5.71176864606, -70.1815257693, 19575.3798767, 0.596195749435, 2971.37164982, 
Chromsome [3]: (643.833333333)5.370402478, -38.6873356658, 163846.356086, 0.380781025156, 2835.36938912, 
Chromsome [4]: (642.333333333)5.71176864606, -87.1043555575, 159233.473184, 0.753570220968, 2101.75911809, 
<------------ GEN 93--------------->
Chromsome [0]: (783.766666667)-9.98360182688, -73.326535405, 95187.0320779, 44.79285654, 2398.41250407, 
Chromsome [1]: (657.266666667)3.37400631132, 78.718342623, 105999.484659, 23.5992919055, 1650.0132378, 
Chromsome [2]: (651.333333333)5.71176864606, -70.1815257693, 19575.3798767, 0.596195749435, 2971.37164982, 
Chromsome [3]: (644.533333333)5.71176864606, -54.3831289621, 169065.54436, 6.58560103131, 2398.41250407, 
Chromsome [4]: (644.1)2.89395209752, -32.796107307, 123286.573871, 26.1710063283, 1755.4324912, 
<------------ GEN 94--------------->
Chromsome [0]: (778.666666667)-21.7228859773, 14.3563289997, 1744.85411674, 13.3835888906, 512.300727738, 
Chromsome [1]: (778.666666667)-8.15310888483, -27.5330475365, 131922.277566, 19.5589273389, 2157.02344449, 
Chromsome [2]: (778.666666667)-9.98360182688, -73.326535405, 95187.0320779, 44.79285654, 2398.41250407, 
Chromsome [3]: (696.966666667)0.76563214435, 24.1364874109, 54933.0201902, 15.20714346, 2835.36938912, 
Chromsome [4]: (661.2)5.71176864606, -70.1815257693, 118706.005871, 0.753570220968, 1673.93167348, 
<------------ GEN 95--------------->
Chromsome [0]: (780.833333333)-21.7228859773, 14.3563289997, 1744.85411674, 13.3835888906, 512.300727738, 
Chromsome [1]: (688.166666667)0.76563214435, 24.1364874109, 54933.0201902, 15.20714346, 681.710174024, 
Chromsome [2]: (648.8)8.49737747098, -47.1957582231, 1744.85411674, 0.10570210018, 512.300727738, 
Chromsome [3]: (645.166666667)5.71176864606, -70.1815257693, 69602.3664515, 0.753570220968, 2729.16768499, 
Chromsome [4]: (640.6)8.35310888483, -27.5330475365, 131922.277566, 19.5589273389, 2157.02344449, 
<------------ GEN 96--------------->
Chromsome [0]: (778.733333333)-21.7228859773, 14.3563289997, 1744.85411674, 13.3835888906, 512.300727738, 
Chromsome [1]: (694.633333333)0.76563214435, 14.2839884436, 159233.473184, 25.3300914755, 681.710174024, 
Chromsome [2]: (651.333333333)4.39182536088, -73.326535405, 14375.9857342, 16.4802857145, 2887.50136324, 
Chromsome [3]: (643.6)8.35310888483, -27.5330475365, 131922.277566, 19.5589273389, 2157.02344449, 
Chromsome [4]: (639.166666667)8.49737747098, -47.1957582231, 221508.507668, 0.10570210018, 699.651795879, 
<------------ GEN 97--------------->
Chromsome [0]: (813.8)-21.7228859773, 14.3563289997, 1744.85411674, 13.3835888906, 512.300727738, 
Chromsome [1]: (731.466666667)0.76563214435, 14.2839884436, 159233.473184, 25.3300914755, 681.710174024, 
Chromsome [2]: (724.766666667)0.76563214435, -18.119018506, 105999.484659, 15.1711408396, 2303.91403041, 
Chromsome [3]: (693.566666667)3.37400631132, 48.5119368327, 12726.1553677, 15.20714346, 681.710174024, 
Chromsome [4]: (645.733333333)8.35310888483, 21.8473193924, 46608.2428469, 22.0649900414, 1745.45845711, 
<------------ GEN 98--------------->
Chromsome [0]: (808.266666667)-21.7228859773, 14.3563289997, 1744.85411674, 13.3835888906, 512.300727738, 
Chromsome [1]: (735.6)0.76563214435, -18.119018506, -104354.961878, 15.1711408396, 1162.20463295, 
Chromsome [2]: (718.3)0.76563214435, 14.2839884436, 159233.473184, 3.39088164544, 681.710174024, 
Chromsome [3]: (680.466666667)3.37400631132, -18.5717568369, 36358.0018019, 16.4802857145, 558.48910932, 
Chromsome [4]: (623.466666667)8.35310888483, 21.8473193924, 41760.7221091, 22.0649900414, 1745.45845711, 
<------------ GEN 99--------------->
Chromsome [0]: (815.933333333)-21.7228859773, 14.3563289997, 1744.85411674, 13.3835888906, 512.300727738, 
Chromsome [1]: (706.933333333)0.76563214435, 14.2839884436, 350030.675475, 13.9957840698, 713.261592465, 
Chromsome [2]: (688.933333333)0.76563214435, -18.119018506, 113108.30398, 15.1711408396, 1162.20463295, 
Chromsome [3]: (657.466666667)3.37400631132, -18.5717568369, 36358.0018019, 12.5327065968, 558.48910932, 
Chromsome [4]: (628.2)8.35310888483, 19.5645078534, 36362.5862576, 8.0992027865, 597.202041408, 
<------------ GEN 100--------------->
Chromsome [0]: (806.533333333)-21.7228859773, 14.3563289997, 1744.85411674, 13.3835888906, 512.300727738, 
Chromsome [1]: (717.866666667)0.76563214435, 14.2839884436, 9969.32452481, 13.9957840698, 2695.45772024, 
Chromsome [2]: (688.466666667)0.76563214435, -18.119018506, 113108.30398, 15.1711408396, 723.562343743, 
Chromsome [3]: (651.133333333)3.37400631132, -18.5717568369, 75267.5325512, 12.5327065968, 610.904551124, 
Chromsome [4]: (631.633333333)8.35310888483, 19.5645078534, 80204.0515524, 23.9890777572, 2813.24754462, 
