<------------ GEN 1--------------->
Chromsome [0]: (802.6)0.831198305815, -46.9492338274, 44854.1511052, 20.1717399042, 856.305753694, 
Chromsome [1]: (789.133333333)3.61268867665, -65.7594610049, 165632.685514, 14.6626740566, 1387.02274425, 
Chromsome [2]: (776.366666667)4.17029208142, 50.2120408132, 24205.6677751, 19.5309626882, 1951.2302072, 
Chromsome [3]: (747.266666667)8.84809835347, 44.7957928986, 157072.094022, 9.9116478912, 1904.79433822, 
Chromsome [4]: (602.3)73.1812426793, -19.4865797274, 10590.8630972, 10.0116925163, 1556.44611453, 
<------------ GEN 2--------------->
Chromsome [0]: (826.8)0.831198305815, -46.9492338274, 44854.1511052, 20.1717399042, 856.305753694, 
Chromsome [1]: (826.433333333)0.831198305815, 81.1843746862, 46094.1805611, 20.1717399042, 1556.44611453, 
Chromsome [2]: (813.866666667)3.61268867665, -65.7594610049, 165632.685514, 20.8763176239, 1611.5346175, 
Chromsome [3]: (780.9)4.17029208142, 50.2120408132, 24205.6677751, 28.7530148651, 1951.2302072, 
Chromsome [4]: (779.7)4.17029208142, 67.9523363596, 43948.1348567, 23.8213490512, 2052.32890724, 
<------------ GEN 3--------------->
Chromsome [0]: (819.933333333)-44.963863258, -31.7827650646, 143218.0575, 20.8763176239, 1611.5346175, 
Chromsome [1]: (807.4)0.831198305815, -21.4598044281, 110978.282865, 10.0991699595, 2481.0129257, 
Chromsome [2]: (800.2)0.831198305815, -46.9492338274, 44854.1511052, 20.1717399042, 856.305753694, 
Chromsome [3]: (800.2)0.831198305815, -46.9492338274, 44854.1511052, 20.1717399042, 856.305753694, 
Chromsome [4]: (799.9)0.831198305815, -58.902994935, 165632.685514, 20.8763176239, 1611.5346175, 
<------------ GEN 4--------------->
Chromsome [0]: (834.4)-44.963863258, -31.7827650646, 143218.0575, 20.8763176239, 1611.5346175, 
Chromsome [1]: (822.3)0.831198305815, -9.63831376163, 24205.6677751, 25.1424673599, 1951.2302072, 
Chromsome [2]: (821.866666667)0.831198305815, -21.4598044281, 110978.282865, 13.0735317623, 2481.0129257, 
Chromsome [3]: (816.1)0.831198305815, 110.662062998, 44854.1511052, 20.1717399042, 856.305753694, 
Chromsome [4]: (815.033333333)0.831198305815, -59.1164651285, 50050.0825429, 11.3363455133, 1919.79363893, 
<------------ GEN 5--------------->
Chromsome [0]: (856.7)-44.963863258, -31.7827650646, 143218.0575, 20.8763176239, 1611.5346175, 
Chromsome [1]: (842.533333333)0.831198305815, -21.4598044281, 110978.282865, 13.0735317623, 2551.03133349, 
Chromsome [2]: (841.133333333)0.831198305815, 69.3379370024, 44854.1511052, 4.21163232386, 856.305753694, 
Chromsome [3]: (840.5)0.831198305815, 43.9309108181, 50050.0825429, 11.3363455133, 2113.1242319, 
Chromsome [4]: (839.033333333)0.831198305815, 50.3529948156, 165632.685514, -20.5271563319, 2534.54759088, 
<------------ GEN 6--------------->
Chromsome [0]: (848.7)-33.7692371033, -9.63831376163, 58382.4132327, 13.723377728, 913.390197506, 
Chromsome [1]: (848.7)-44.963863258, -31.7827650646, 143218.0575, 20.8763176239, 1611.5346175, 
Chromsome [2]: (842.433333333)0.831198305815, 6.99343990642, 44854.1511052, 11.3363455133, 2113.1242319, 
Chromsome [3]: (842.433333333)0.831198305815, 11.526967855, 176530.215758, 8.98316984425, 1919.79363893, 
Chromsome [4]: (837.5)0.831198305815, 43.9309108181, 50050.0825429, 4.21163232386, 856.305753694, 
<------------ GEN 7--------------->
Chromsome [0]: (829.733333333)-33.7692371033, -9.63831376163, 58382.4132327, 13.723377728, 913.390197506, 
Chromsome [1]: (808.6)0.831198305815, 6.99343990642, 44854.1511052, 11.3363455133, 2113.1242319, 
Chromsome [2]: (802.4)0.831198305815, 11.526967855, -138919.782532, 8.98316984425, 943.451742447, 
Chromsome [3]: (801.4)0.831198305815, -45.1503380736, 50050.0825429, 4.21163232386, 2113.1242319, 
Chromsome [4]: (796.166666667)0.831198305815, 85.5763539545, 163281.063528, 5.73797008987, 950.545563504, 
<------------ GEN 8--------------->
Chromsome [0]: (826.466666667)-58.3610305785, -21.4598044281, 174005.052333, 22.9919535452, 1501.54401468, 
Chromsome [1]: (826.466666667)-33.7692371033, -9.63831376163, 58382.4132327, 13.723377728, 913.390197506, 
Chromsome [2]: (785.266666667)0.831198305815, 6.99343990642, 44854.1511052, 11.3363455133, 2113.1242319, 
Chromsome [3]: (780.4)0.831198305815, -45.1503380736, 50050.0825429, 4.21163232386, 2113.1242319, 
Chromsome [4]: (777.333333333)0.831198305815, 11.526967855, 210816.573697, 8.98316984425, 943.451742447, 
<------------ GEN 9--------------->
Chromsome [0]: (797.733333333)-58.3610305785, -21.4598044281, 174005.052333, 22.9919535452, 1501.54401468, 
Chromsome [1]: (757.933333333)0.831198305815, 11.526967855, 39110.5821163, 8.98316984425, 943.451742447, 
Chromsome [2]: (755.7)0.831198305815, 6.99343990642, 44854.1511052, 11.3363455133, 2113.1242319, 
Chromsome [3]: (752.766666667)0.831198305815, -45.1503380736, 16131.7808395, 12.5364615016, 2113.1242319, 
Chromsome [4]: (745.6)3.61268867665, -76.1995705107, 19461.5464599, 18.6862693767, 2480.72181675, 
<------------ GEN 10--------------->
Chromsome [0]: (795.966666667)-58.3610305785, -21.4598044281, 174005.052333, 22.9919535452, 1501.54401468, 
Chromsome [1]: (745.6)0.831198305815, -20.9788730875, 16131.7808395, 37.0491386591, 2113.1242319, 
Chromsome [2]: (741.533333333)0.831198305815, 68.9330315101, 143218.0575, 21.7021391664, 2833.05654764, 
Chromsome [3]: (740.6)0.831198305815, 6.99343990642, 44854.1511052, 25.3933932982, 1597.64386441, 
Chromsome [4]: (735.533333333)0.831198305815, 11.526967855, 101673.029629, 8.98316984425, 2594.99426168, 
<------------ GEN 11--------------->
Chromsome [0]: (826.133333333)-58.3610305785, -21.4598044281, 174005.052333, 22.9919535452, 1501.54401468, 
Chromsome [1]: (774.833333333)0.831198305815, -20.9788730875, 16131.7808395, 11.9465080326, 1597.64386441, 
Chromsome [2]: (769.8)0.831198305815, 68.9330315101, 143218.0575, 21.7021391664, 2833.05654764, 
Chromsome [3]: (768.8)0.831198305815, 11.526967855, 101673.029629, 8.98316984425, 2594.99426168, 
Chromsome [4]: (767.5)0.831198305815, 14.5547789284, 160469.557578, 20.1954354063, 2113.1242319, 
<------------ GEN 12--------------->
Chromsome [0]: (804.3)-58.3610305785, -21.4598044281, 174005.052333, 22.9919535452, 1501.54401468, 
Chromsome [1]: (762.466666667)0.831198305815, 14.5547789284, 17829.2607816, 7.75561211, 1501.54401468, 
Chromsome [2]: (753.266666667)0.831198305815, 11.526967855, 124854.23558, 8.98316984425, 2594.99426168, 
Chromsome [3]: (753.266666667)0.831198305815, 13.399779817, 174005.052333, 5.24848630214, 1596.01859527, 
Chromsome [4]: (753.266666667)0.831198305815, 10.8587625405, 143218.0575, 21.7021391664, 2637.72048271, 
<------------ GEN 13--------------->
Chromsome [0]: (845.3)-58.3610305785, -21.4598044281, 174005.052333, 22.9919535452, 1501.54401468, 
Chromsome [1]: (822.633333333)0.831198305815, 13.399779817, 174005.052333, 16.0367728715, 111.034089884, 
Chromsome [2]: (822.633333333)0.831198305815, 40.0848159067, 132148.243553, 17.5960331431, 1003.6504916, 
Chromsome [3]: (822.633333333)0.831198305815, 11.526967855, 124854.23558, 8.98316984425, 2594.99426168, 
Chromsome [4]: (822.433333333)0.831198305815, 310.917379287, 160469.557578, 18.6292020361, 2481.0129257, 
<------------ GEN 14--------------->
Chromsome [0]: (841.833333333)-30.6930867328, 34.8126691676, 143696.999079, 25.5758038876, 2480.72181675, 
Chromsome [1]: (841.833333333)-58.3610305785, -21.4598044281, 174005.052333, 22.9919535452, 1501.54401468, 
Chromsome [2]: (820.2)0.831198305815, -130.917379287, 124854.23558, 8.98316984425, 2594.99426168, 
Chromsome [3]: (812.5)0.831198305815, 13.399779817, 14497.7432379, 19.0030974888, 1980.58051075, 
Chromsome [4]: (812.1)0.831198305815, 11.526967855, 160469.557578, 5.05812673868, 2481.0129257, 
<------------ GEN 15--------------->
Chromsome [0]: (842.466666667)-34.3671393108, -34.7065839429, 174005.052333, 18.6862693767, 1389.95380269, 
Chromsome [1]: (842.466666667)-30.6930867328, 34.8126691676, 143696.999079, 25.5758038876, 2480.72181675, 
Chromsome [2]: (830.633333333)0.831198305815, -22.5819880542, 1114.03497145, 4.96816014058, 856.305753694, 
Chromsome [3]: (830.033333333)0.831198305815, 13.399779817, 14497.7432379, 24.2079719794, 1018.02889985, 
Chromsome [4]: (827.4)0.831198305815, 44.5811784149, 179811.855126, 7.75561211, 1501.54401468, 
<------------ GEN 16--------------->
Chromsome [0]: (860.066666667)-54.1479945189, -12.1003364932, 174005.052333, 8.43900538608, 1752.90564531, 
Chromsome [1]: (860.066666667)-34.3671393108, -34.7065839429, 174005.052333, 18.6862693767, 1389.95380269, 
Chromsome [2]: (844.133333333)0.831198305815, -22.5819880542, 28329.8129283, 4.96816014058, 856.305753694, 
Chromsome [3]: (837.333333333)0.831198305815, 44.5811784149, 179811.855126, 53.9114310351, 1501.54401468, 
Chromsome [4]: (836.566666667)0.831198305815, -49.0826207128, 86977.1756425, 11.019495387, 1501.54401468, 
<------------ GEN 17--------------->
Chromsome [0]: (804.566666667)-54.1479945189, -12.1003364932, 174005.052333, 8.43900538608, 1752.90564531, 
Chromsome [1]: (779.066666667)0.831198305815, -3.23594110271, 179811.855126, 24.2079719794, 2635.97562791, 
Chromsome [2]: (778.933333333)0.831198305815, 13.399779817, 14497.7432379, 24.2079719794, 1018.02889985, 
Chromsome [3]: (778.433333333)0.831198305815, -49.0826207128, 61859.236008, 8.98316984425, 964.814561643, 
Chromsome [4]: (776.933333333)0.831198305815, -22.5819880542, 196841.154046, 4.96816014058, 856.305753694, 
<------------ GEN 18--------------->
Chromsome [0]: (828.866666667)-54.1479945189, -12.1003364932, 174005.052333, 8.43900538608, 1752.90564531, 
Chromsome [1]: (816.533333333)0.831198305815, -22.5819880542, 163158.845954, 5.05812673868, 1798.99605366, 
Chromsome [2]: (816.466666667)0.831198305815, 194.985026897, 14497.7432379, 24.2079719794, 1018.02889985, 
Chromsome [3]: (815.4)0.831198305815, 42.5798664771, 14497.7432379, 24.2079719794, 1018.02889985, 
Chromsome [4]: (812.7)0.831198305815, 44.5811784149, 152859.93864, 17.5960331431, 1003.6504916, 
<------------ GEN 19--------------->
Chromsome [0]: (818.433333333)-5.12441516066, 42.4761074434, 132266.557129, 29.9868500586, 1014.75547102, 
Chromsome [1]: (818.433333333)-54.1479945189, -12.1003364932, 174005.052333, 8.43900538608, 1752.90564531, 
Chromsome [2]: (802.966666667)0.831198305815, -71.9315062319, 14497.7432379, 24.2079719794, 1018.02889985, 
Chromsome [3]: (799.466666667)0.831198305815, -14.9850268968, 14497.7432379, 24.2079719794, 1633.16463046, 
Chromsome [4]: (799.233333333)0.831198305815, -22.5819880542, 163158.845954, 5.05812673868, 1798.99605366, 
<------------ GEN 20--------------->
Chromsome [0]: (845.066666667)-32.43386405, 6.99343990642, 21072.09419, 6.35979998429, 1018.95296303, 
Chromsome [1]: (845.066666667)-5.12441516066, 42.4761074434, 132266.557129, 29.9868500586, 1014.75547102, 
Chromsome [2]: (828.933333333)0.831198305815, -22.5819880542, -50941.9630215, 25.3832239799, 3117.08879324, 
Chromsome [3]: (821.666666667)0.831198305815, 10.2786415297, 14094.2628498, 24.3125759552, 1528.35325969, 
Chromsome [4]: (821.366666667)0.831198305815, -14.9850268968, 14497.7432379, 24.2079719794, 1633.16463046, 
<------------ GEN 21--------------->
Chromsome [0]: (812.1)-32.43386405, 6.99343990642, 21072.09419, 6.35979998429, 1018.95296303, 
Chromsome [1]: (784.233333333)0.831198305815, 10.2786415297, 14094.2628498, 24.3125759552, 1528.35325969, 
Chromsome [2]: (782.866666667)0.831198305815, 16.1251091485, 132266.557129, 29.9868500586, 715.73039597, 
Chromsome [3]: (782.133333333)0.831198305815, -22.5819880542, 50941.9630215, 25.3832239799, 2882.91120676, 
Chromsome [4]: (782.033333333)0.831198305815, -70.9584534456, 76247.2252314, 0.124712462131, 2735.43223968, 
<------------ GEN 22--------------->
Chromsome [0]: (814.133333333)-32.43386405, 6.99343990642, 21072.09419, 6.35979998429, 1018.95296303, 
Chromsome [1]: (798.4)0.831198305815, -22.5819880542, 163158.845954, 5.05812673868, 863.065595847, 
Chromsome [2]: (798.333333333)0.831198305815, 10.2786415297, 14094.2628498, 24.3125759552, 1528.35325969, 
Chromsome [3]: (791.366666667)0.831198305815, 42.5798664771, 46831.0148191, 28.7947956726, 2518.7658514, 
Chromsome [4]: (791.1)0.831198305815, 42.5798664771, 143717.710641, 28.7947956726, 1614.80111172, 
<------------ GEN 23--------------->
Chromsome [0]: (828.233333333)-32.43386405, 6.99343990642, 21072.09419, 6.35979998429, 1018.95296303, 
Chromsome [1]: (806.166666667)0.831198305815, -22.5819880542, 163158.845954, 22.8894679874, 385.330339263, 
Chromsome [2]: (806.033333333)0.831198305815, 10.2786415297, 14094.2628498, 5.27543226839, 715.73039597, 
Chromsome [3]: (795.6)0.831198305815, 42.5798664771, 46831.0148191, 13.3133172507, 2945.93373455, 
Chromsome [4]: (794.1)0.831198305815, -74.1071310822, 76247.2252314, 26.3603335445, 1798.99605366, 
<------------ GEN 24--------------->
Chromsome [0]: (822.366666667)-32.43386405, 6.99343990642, 21072.09419, 6.35979998429, 1018.95296303, 
Chromsome [1]: (795.9)0.831198305815, 10.2786415297, 202246.64205, 5.27543226839, 1973.32945567, 
Chromsome [2]: (791.9)0.831198305815, -103.2569442, 163158.845954, 22.3980253111, 2906.09903205, 
Chromsome [3]: (788.9)0.831198305815, 42.5798664771, 46831.0148191, 8.84163357539, 1095.43763064, 
Chromsome [4]: (788.5)0.831198305815, -40.5228045572, 347567.712918, 13.3133172507, 2945.93373455, 
<------------ GEN 25--------------->
Chromsome [0]: (815.933333333)-32.43386405, 6.99343990642, 21072.09419, 6.35979998429, 1018.95296303, 
Chromsome [1]: (797.133333333)0.831198305815, -25.805237294, 88678.0755772, 11.1713771661, -921.053639372, 
Chromsome [2]: (795.266666667)0.831198305815, -40.5228045572, 12432.2870821, 13.3133172507, 727.256065659, 
Chromsome [3]: (790.266666667)0.831198305815, 42.5798664771, 46831.0148191, 8.84163357539, 1791.40734813, 
Chromsome [4]: (789.133333333)0.831198305815, -76.7430558003, 87201.9439107, 22.3980253111, 2906.09903205, 
<------------ GEN 26--------------->
Chromsome [0]: (823.1)-32.43386405, 6.99343990642, 21072.09419, 6.35979998429, 1018.95296303, 
Chromsome [1]: (786.033333333)0.831198305815, -25.805237294, 131214.596304, 11.1713771661, 5034.98734993, 
Chromsome [2]: (786.033333333)0.831198305815, -15.8039533533, 157753.35795, 5.27543226839, 1973.32945567, 
Chromsome [3]: (784.766666667)3.18798647521, 11.3349156747, 31712.0933653, 0.83502569963, 1018.95296303, 
Chromsome [4]: (784.166666667)0.831198305815, -40.5228045572, 12432.2870821, 16.3348495188, 1014.75547102, 
<------------ GEN 27--------------->
Chromsome [0]: (819.866666667)-32.43386405, 6.99343990642, 21072.09419, 6.35979998429, 1018.95296303, 
Chromsome [1]: (804.0)0.831198305815, -15.8039533533, 79577.0761051, 5.27543226839, 1973.32945567, 
Chromsome [2]: (804.0)0.831198305815, -25.805237294, 131214.596304, 21.4765889928, 703.984661364, 
Chromsome [3]: (804.0)0.831198305815, -15.8039533533, 157753.35795, 5.27543226839, 1973.32945567, 
Chromsome [4]: (796.3)3.18798647521, 11.3349156747, 31712.0933653, 24.6852778614, 2945.93373455, 
<------------ GEN 28--------------->
Chromsome [0]: (809.566666667)-32.43386405, 6.99343990642, 21072.09419, 6.35979998429, 1018.95296303, 
Chromsome [1]: (793.7)0.831198305815, -25.805237294, 131214.596304, 3.97298752056, 703.984661364, 
Chromsome [2]: (793.7)0.831198305815, -15.8039533533, 135102.483689, 8.84163357539, 1791.40734813, 
Chromsome [3]: (792.766666667)0.831198305815, -59.1754804799, 34746.9778397, 8.84163357539, 1791.40734813, 
Chromsome [4]: (784.533333333)3.18798647521, 118.090200205, 31712.0933653, 11.4616023416, 2234.61289196, 
<------------ GEN 29--------------->
Chromsome [0]: (789.933333333)-32.43386405, 6.99343990642, 21072.09419, 6.35979998429, 1018.95296303, 
Chromsome [1]: (779.8)0.831198305815, -61.8044836566, 21072.09419, 0.83502569963, 1655.41674825, 
Chromsome [2]: (761.266666667)0.831198305815, -25.805237294, 131214.596304, 3.97298752056, 2956.5992627, 
Chromsome [3]: (760.433333333)0.831198305815, 31.7603221384, 34746.9778397, 8.84163357539, 1791.40734813, 
Chromsome [4]: (757.366666667)0.831198305815, 41.541887447, 34180.2918288, 28.7947956726, 1505.67532447, 
<------------ GEN 30--------------->
Chromsome [0]: (803.166666667)-221.00778815, 6.99343990642, 171526.847524, 16.3348495188, 1973.32945567, 
Chromsome [1]: (803.166666667)-32.43386405, 6.99343990642, 21072.09419, 6.35979998429, 1018.95296303, 
Chromsome [2]: (774.9)0.831198305815, -61.8044836566, 21072.09419, 0.83502569963, 1655.41674825, 
Chromsome [3]: (760.366666667)0.831198305815, -25.805237294, 131214.596304, 3.97298752056, 2956.5992627, 
Chromsome [4]: (759.166666667)0.831198305815, 31.7603221384, 34746.9778397, 8.84163357539, 1213.70440709, 
<------------ GEN 31--------------->
Chromsome [0]: (805.833333333)-221.00778815, 6.99343990642, 171526.847524, 16.3348495188, 1973.32945567, 
Chromsome [1]: (790.1)0.831198305815, 5.3537407818, 42413.1109371, 8.84163357539, 1213.70440709, 
Chromsome [2]: (790.066666667)0.831198305815, 10.9610344792, 131214.596304, 3.97298752056, 1973.32945567, 
Chromsome [3]: (789.466666667)0.831198305815, -61.0184855075, 34746.9778397, 2.23032983413, 2521.78283641, 
Chromsome [4]: (787.166666667)0.831198305815, -61.8044836566, 21072.09419, 16.8077392235, 1655.41674825, 
<------------ GEN 32--------------->
Chromsome [0]: (801.033333333)-221.00778815, 6.99343990642, 171526.847524, 16.3348495188, 1973.32945567, 
Chromsome [1]: (747.933333333)0.831198305815, 5.3537407818, 42413.1109371, 8.84163357539, 1213.70440709, 
Chromsome [2]: (747.8)0.831198305815, 10.9610344792, 131214.596304, 17.5489222828, 703.118200463, 
Chromsome [3]: (741.1)0.831198305815, -61.0184855075, 34746.9778397, 28.7947956726, 647.830913861, 
Chromsome [4]: (737.666666667)0.831198305815, -34.434632648, 171526.847524, 16.3348495188, 1973.32945567, 
<------------ GEN 33--------------->
Chromsome [0]: (799.566666667)-21.2077881505, -45.5071528632, 64950.3603441, 3.57555560051, 2937.16749877, 
Chromsome [1]: (799.566666667)-221.00778815, 6.99343990642, 171526.847524, 16.3348495188, 1973.32945567, 
Chromsome [2]: (774.266666667)0.831198305815, 6.99343990642, 109935.844288, 16.3348495188, 1973.32945567, 
Chromsome [3]: (769.733333333)0.831198305815, -61.0184855075, 34746.9778397, 28.7947956726, 647.830913861, 
Chromsome [4]: (747.3)3.18798647521, 14.3000056116, 21072.09419, 6.35979998429, 2496.94427182, 
<------------ GEN 34--------------->
Chromsome [0]: (804.0)-21.2077881505, 5.3537407818, 42413.1109371, 19.0405406048, 1167.97867418, 
Chromsome [1]: (804.0)-21.2077881505, 6.99343990642, 171526.847524, 16.3348495188, 2937.16749877, 
Chromsome [2]: (804.0)-21.2077881505, -45.5071528632, 64950.3603441, 3.57555560051, 2937.16749877, 
Chromsome [3]: (750.366666667)0.831198305815, -61.0184855075, 66423.38893, 28.7947956726, 647.830913861, 
Chromsome [4]: (734.2)5.32441516066, 35.956799714, 42413.1109371, 3.32487973452, 1541.86814356, 
<------------ GEN 35--------------->
Chromsome [0]: (797.566666667)-21.2077881505, 6.99343990642, 171526.847524, 13.9450578743, 1973.32945567, 
Chromsome [1]: (797.566666667)-21.2077881505, 5.3537407818, 42413.1109371, 19.0405406048, 1167.97867418, 
Chromsome [2]: (729.066666667)6.58995499703, -24.0051604121, 129319.578804, 1.15382015768, 2394.34102044, 
Chromsome [3]: (728.8)5.32441516066, -76.6868085558, 50634.7588661, 10.3388612795, 1368.8179314, 
Chromsome [4]: (717.666666667)5.71939458835, -129.132999844, 42607.5281158, 5.2951902465, 2059.89155768, 
<------------ GEN 36--------------->
Chromsome [0]: (793.966666667)-33.0202926367, 70.7358173705, 97850.7494252, 16.3348495188, 2937.16749877, 
Chromsome [1]: (793.966666667)-21.2077881505, 6.99343990642, 171526.847524, 13.9450578743, 1973.32945567, 
Chromsome [2]: (725.7)5.32441516066, -61.0184855075, 148857.361512, 28.7947956726, 85.1818391455, 
Chromsome [3]: (725.7)5.32441516066, -76.6868085558, 50634.7588661, -31.0420805775, 1213.70440709, 
Chromsome [4]: (725.233333333)5.71939458835, -50.8670001562, 42607.5281158, 5.2951902465, 550.975962891, 
<------------ GEN 37--------------->
Chromsome [0]: (811.133333333)-33.0202926367, 70.7358173705, 97850.7494252, 16.3348495188, 2937.16749877, 
Chromsome [1]: (714.866666667)5.32441516066, -61.0184855075, 49511.5610283, 8.84163357539, 1477.46251922, 
Chromsome [2]: (713.4)5.32441516066, -76.6868085558, 50634.7588661, 31.0420805775, 1213.70440709, 
Chromsome [3]: (712.866666667)5.71939458835, -50.8670001562, 42607.5281158, 16.4141876117, 1973.32945567, 
Chromsome [4]: (707.6)4.11353965362, 79.8526624915, 145907.584454, 13.7398154669, 2752.34004691, 
<------------ GEN 38--------------->
Chromsome [0]: (797.3)-61.0151379229, 71.3409874957, 4923.27292087, 3.32487973452, 552.733642654, 
Chromsome [1]: (797.3)-33.0202926367, 70.7358173705, 97850.7494252, 16.3348495188, 2937.16749877, 
Chromsome [2]: (722.966666667)5.32441516066, -76.6868085558, 50634.7588661, 5.39717980837, 1213.70440709, 
Chromsome [3]: (722.2)4.11353965362, 79.8526624915, 145907.584454, 13.7398154669, 2752.34004691, 
Chromsome [4]: (721.1)5.71939458835, -50.8670001562, 42607.5281158, 16.4141876117, 2557.64727226, 
<------------ GEN 39--------------->
Chromsome [0]: (798.033333333)-61.0151379229, 71.3409874957, 4923.27292087, 3.32487973452, 552.733642654, 
Chromsome [1]: (717.666666667)4.11353965362, 79.8526624915, 145907.584454, 13.7398154669, 2752.34004691, 
Chromsome [2]: (717.666666667)4.11353965362, 79.3504960916, 14430.0772494, 2.89819230304, 1677.4580301, 
Chromsome [3]: (715.066666667)5.32441516066, -76.6868085558, 50634.7588661, 5.39717980837, 675.532827552, 
Chromsome [4]: (714.633333333)5.71939458835, -50.8670001562, 42607.5281158, 16.4141876117, 624.393195272, 
<------------ GEN 40--------------->
Chromsome [0]: (791.466666667)-61.0151379229, 71.3409874957, 4923.27292087, 3.32487973452, 552.733642654, 
Chromsome [1]: (707.833333333)4.11353965362, 79.8526624915, 145907.584454, 13.7398154669, 2752.34004691, 
Chromsome [2]: (707.833333333)4.11353965362, 79.8526624915, 148947.725462, 13.7398154669, 1699.04924333, 
Chromsome [3]: (705.033333333)5.32441516066, 39.1862792793, 50634.7588661, 5.39717980837, 675.532827552, 
Chromsome [4]: (704.566666667)5.71939458835, -50.8670001562, 42607.5281158, 16.4141876117, 2121.33977349, 
<------------ GEN 41--------------->
Chromsome [0]: (780.266666667)-53.202683051, -23.4835309653, 63959.1153039, 14.0071133847, 3256.34746921, 
Chromsome [1]: (780.266666667)-61.0151379229, 71.3409874957, 4923.27292087, 3.32487973452, 552.733642654, 
Chromsome [2]: (705.066666667)5.71939458835, -50.8670001562, 42607.5281158, 16.4141876117, 2121.33977349, 
Chromsome [3]: (705.066666667)5.71939458835, -50.8670001562, 42607.5281158, 9.22057991037, 2225.74796303, 
Chromsome [4]: (704.6)5.71939458835, 79.3504960916, 14430.0772494, 2.89819230304, 2394.34102044, 
<------------ GEN 42--------------->
Chromsome [0]: (782.3)-53.202683051, -23.4835309653, 63959.1153039, 14.0071133847, 3256.34746921, 
Chromsome [1]: (708.0)4.11353965362, 79.8526624915, 6947.35793974, 13.7398154669, 1260.95871496, 
Chromsome [2]: (708.0)4.11353965362, 79.8526624915, 47945.7194967, 5.33778520145, 1314.99109008, 
Chromsome [3]: (704.966666667)5.71939458835, -50.8670001562, 140651.736184, 9.22057991037, 2225.74796303, 
Chromsome [4]: (704.966666667)5.71939458835, -45.929833551, 91291.3689881, 22.7143525649, 789.198365696, 
<------------ GEN 43--------------->
Chromsome [0]: (781.4)-53.202683051, -23.4835309653, 63959.1153039, 14.0071133847, 3256.34746921, 
Chromsome [1]: (693.9)4.11353965362, 79.8526624915, 6947.35793974, 13.7398154669, 1260.95871496, 
Chromsome [2]: (690.4)5.71939458835, -50.8670001562, 170825.892024, 9.22057991037, 2225.74796303, 
Chromsome [3]: (690.4)5.71939458835, -49.5169434192, 140651.736184, 9.22057991037, 2225.74796303, 
Chromsome [4]: (664.266666667)11.8824771758, -13.9537089591, 5162.65472521, 4.04797825667, 1330.66934995, 
<------------ GEN 44--------------->
Chromsome [0]: (776.933333333)-53.202683051, -23.4835309653, 63959.1153039, 14.0071133847, 3256.34746921, 
Chromsome [1]: (705.1)3.06539752039, 54.2399553048, -101.604368518, 13.7398154669, 1850.98188473, 
Chromsome [2]: (700.766666667)5.71939458835, -6.8749810627, -19127.3943515, 9.22057991037, 2225.74796303, 
Chromsome [3]: (693.8)4.11353965362, 79.8526624915, 6947.35793974, 16.0611339665, 2382.79257929, 
Chromsome [4]: (679.066666667)5.71939458835, -50.8670001562, 170825.892024, 9.22057991037, 2225.74796303, 
<------------ GEN 45--------------->
Chromsome [0]: (761.6)-53.202683051, -23.4835309653, 63959.1153039, 14.0071133847, 3256.34746921, 
Chromsome [1]: (693.7)3.06539752039, 54.2399553048, 101.604368518, 23.2029638038, 1850.98188473, 
Chromsome [2]: (686.5)4.11353965362, 79.8526624915, 6947.35793974, 16.0611339665, 1330.66934995, 
Chromsome [3]: (669.233333333)5.71939458835, -6.8749810627, 19127.3943515, -22.1665257711, 2743.65253079, 
Chromsome [4]: (627.233333333)5.71939458835, -6.8749810627, 19127.3943515, 9.22057991037, 2225.74796303, 
<------------ GEN 46--------------->
Chromsome [0]: (783.8)-53.202683051, -23.4835309653, 63959.1153039, 14.0071133847, 3256.34746921, 
Chromsome [1]: (726.2)3.06539752039, -196.106371831, 101.604368518, 23.2029638038, 1850.98188473, 
Chromsome [2]: (714.233333333)4.11353965362, 79.8526624915, 6947.35793974, 16.0611339665, 851.066211959, 
Chromsome [3]: (713.0)5.71939458835, -8.34697870022, -37632.543292, 22.7143525649, 5696.60542464, 
Chromsome [4]: (712.066666667)4.09794019391, 72.8381258353, 24210.7324149, 9.87359464768, 833.284134698, 
<------------ GEN 47--------------->
Chromsome [0]: (758.733333333)-53.202683051, -23.4835309653, 63959.1153039, 14.0071133847, 3256.34746921, 
Chromsome [1]: (714.233333333)3.06539752039, 16.1063718307, 101.604368518, 23.2029638038, 2509.83904483, 
Chromsome [2]: (708.566666667)5.71939458835, -50.8670001562, -13297.1011591, 21.8220252714, 2225.74796303, 
Chromsome [3]: (702.166666667)4.11353965362, 77.3264933664, 42607.5281158, 2.73266139891, 858.944329818, 
Chromsome [4]: (671.566666667)14.8473393536, -13.8962184133, 69875.2539085, 27.3145073864, 2073.99925915, 
<------------ GEN 48--------------->
Chromsome [0]: (773.6)-25.3062098286, -10.0310140496, 147475.22698, 27.4000358461, 684.530812358, 
Chromsome [1]: (773.6)-53.202683051, -23.4835309653, 63959.1153039, 14.0071133847, 3256.34746921, 
Chromsome [2]: (711.966666667)5.71939458835, 70.7358173705, 12612.9280339, 11.0742569591, 1462.30542914, 
Chromsome [3]: (704.0)6.50475759351, -29.202556479, 145648.521334, 9.87359464768, 833.284134698, 
Chromsome [4]: (694.6)14.8473393536, -13.8962184133, 69875.2539085, 27.3145073864, 2073.99925915, 
<------------ GEN 49--------------->
Chromsome [0]: (799.3)-25.3062098286, -10.0310140496, 147475.22698, 27.4000358461, 684.530812358, 
Chromsome [1]: (736.4)4.11353965362, 78.7412932804, 93658.7553058, 8.16448018776, 2557.64727226, 
Chromsome [2]: (733.733333333)5.71939458835, 70.7358173705, 12612.9280339, 22.3096021645, 2319.74404352, 
Chromsome [3]: (732.733333333)6.50475759351, -29.202556479, 145648.521334, 9.87359464768, 1946.35759434, 
Chromsome [4]: (732.733333333)6.50475759351, -29.202556479, 145648.521334, 9.87359464768, 833.284134698, 
<------------ GEN 50--------------->
Chromsome [0]: (796.7)-25.3062098286, -10.0310140496, 147475.22698, 27.4000358461, 684.530812358, 
Chromsome [1]: (740.633333333)6.50475759351, -29.202556479, -141077.22013, 9.87359464768, 833.284134698, 
Chromsome [2]: (723.366666667)5.71939458835, 70.7358173705, 156491.964724, 17.1962060635, 1319.47728998, 
Chromsome [3]: (681.366666667)4.11353965362, -0.358481956113, 116821.106556, 20.4873752515, 789.198365696, 
Chromsome [4]: (678.066666667)14.8473393536, -13.8962184133, 69875.2539085, 27.3145073864, 1392.0732103, 
<------------ GEN 51--------------->
Chromsome [0]: (801.966666667)-25.3062098286, -10.0310140496, 147475.22698, 27.4000358461, 684.530812358, 
Chromsome [1]: (756.433333333)0.558629079797, -11.72503674, 69875.2539085, 20.4873752515, 789.198365696, 
Chromsome [2]: (712.066666667)4.11353965362, -99.4647709373, 116821.106556, 37.5846542978, 630.549819498, 
Chromsome [3]: (708.6)5.71939458835, 213.204202907, 121097.558713, 1.57680621409, 1067.07037146, 
Chromsome [4]: (705.566666667)6.50475759351, 62.8106370948, 93658.7553058, 8.16448018776, 2121.527559, 
<------------ GEN 52--------------->
Chromsome [0]: (784.233333333)-25.3062098286, -10.0310140496, 147475.22698, 27.4000358461, 684.530812358, 
Chromsome [1]: (678.266666667)5.71939458835, 62.8106370948, 93658.7553058, 8.16448018776, 1927.9627327, 
Chromsome [2]: (665.433333333)6.50475759351, -33.2042029065, 121097.558713, 18.6998143511, 1067.07037146, 
Chromsome [3]: (657.766666667)14.8473393536, -13.8962184133, 158981.317731, 10.2329553344, 2768.51687075, 
Chromsome [4]: (625.933333333)4.11353965362, -34.1610731653, 116821.106556, 22.4153457022, 2392.54305475, 
<------------ GEN 53--------------->
Chromsome [0]: (773.8)-25.3062098286, -10.0310140496, 147475.22698, 27.4000358461, 684.530812358, 
Chromsome [1]: (659.3)18.8937183116, 109.439582941, -20081.6526459, 9.87359464768, 1946.35759434, 
Chromsome [2]: (657.733333333)5.71939458835, 61.9254658921, 156491.964724, 9.76532683661, 2447.41127478, 
Chromsome [3]: (638.166666667)6.50475759351, -33.2042029065, 121097.558713, 18.6998143511, 1067.07037146, 
Chromsome [4]: (634.0)14.8473393536, -13.8962184133, 158981.317731, 10.2329553344, 2768.51687075, 
<------------ GEN 54--------------->
Chromsome [0]: (790.566666667)-25.3062098286, -10.0310140496, 147475.22698, 27.4000358461, 684.530812358, 
Chromsome [1]: (660.866666667)5.71939458835, -33.2042029065, 150261.154847, -20.443856123, 1067.07037146, 
Chromsome [2]: (660.233333333)5.71939458835, 61.9254658921, 116821.106556, 22.8743631448, 1561.21514785, 
Chromsome [3]: (640.4)6.50475759351, -33.2042029065, 121097.558713, 18.6998143511, 2333.5133497, 
Chromsome [4]: (632.466666667)14.8473393536, -13.8962184133, 158981.317731, 10.2329553344, 2768.51687075, 
<------------ GEN 55--------------->
Chromsome [0]: (805.2)-25.3593635006, 32.8553844016, 1883.04287622, 6.07869909956, 1462.30542914, 
Chromsome [1]: (805.2)-25.3062098286, -10.0310140496, 147475.22698, 27.4000358461, 684.530812358, 
Chromsome [2]: (718.866666667)5.71939458835, 70.5604170585, 116595.875735, 18.5360715206, 1867.06049821, 
Chromsome [3]: (717.666666667)6.50475759351, -33.2042029065, 145570.009769, 18.2131605322, 1859.90719708, 
Chromsome [4]: (710.466666667)14.8473393536, -13.8962184133, 159171.146584, 10.2329553344, 2768.51687075, 
<------------ GEN 56--------------->
Chromsome [0]: (817.3)-25.3593635006, 32.8553844016, 1883.04287622, 6.07869909956, 1462.30542914, 
Chromsome [1]: (706.1)5.71939458835, 70.5604170585, 116595.875735, 18.5360715206, 1867.06049821, 
Chromsome [2]: (706.1)5.71939458835, 70.5604170585, 116595.875735, 18.5360715206, 1867.06049821, 
Chromsome [3]: (704.6)6.50475759351, -33.2042029065, 73804.2868695, 18.2131605322, 526.753956697, 
Chromsome [4]: (695.6)14.8473393536, -13.8962184133, 159171.146584, 10.2329553344, 2768.51687075, 
<------------ GEN 57--------------->
Chromsome [0]: (807.133333333)-6.88475165906, -19.0597282625, 88739.9792597, 11.1079696966, 896.828750012, 
Chromsome [1]: (807.133333333)-25.3593635006, 32.8553844016, 1883.04287622, 6.07869909956, 1462.30542914, 
Chromsome [2]: (727.233333333)1.31516539599, 70.5604170585, 116595.875735, 18.5360715206, 1867.06049821, 
Chromsome [3]: (643.766666667)19.0109982517, -13.8962184133, 84801.5589768, 9.8106783145, 2187.06193209, 
Chromsome [4]: (627.3)15.4798856056, -39.106101253, 86437.2632952, 1.20091896441, 1659.21628874, 
<------------ GEN 58--------------->
Chromsome [0]: (840.0)-4.95812625329, -48.0142834657, 76590.5768656, 9.22057991037, 1067.07037146, 
Chromsome [1]: (840.0)-6.88475165906, -19.0597282625, 88739.9792597, 11.1079696966, 896.828750012, 
Chromsome [2]: (704.333333333)2.33317162735, -81.6307550769, 78140.8806331, 9.8106783145, 2187.06193209, 
Chromsome [3]: (682.4)19.0109982517, -13.8962184133, 147475.22698, 27.4000358461, 2893.60621435, 
Chromsome [4]: (669.933333333)18.8937183116, -33.2042029065, 73804.2868695, 18.2131605322, 1085.05003897, 
<------------ GEN 59--------------->
Chromsome [0]: (803.933333333)-4.95812625329, -48.0142834657, 76590.5768656, 9.22057991037, 1067.07037146, 
Chromsome [1]: (750.566666667)2.05987082401, -56.9944836407, 140183.843292, 6.07869909956, 1659.21628874, 
Chromsome [2]: (663.666666667)5.15812625329, -48.0142834657, 76590.5768656, 1.28372091214, 1255.26169877, 
Chromsome [3]: (650.166666667)8.3500257394, -57.427920117, 163990.372375, 22.8743631448, 1462.30542914, 
Chromsome [4]: (633.766666667)2.33317162735, -81.6307550769, 78140.8806331, 9.8106783145, 2187.06193209, 
<------------ GEN 60--------------->
Chromsome [0]: (795.033333333)-4.95812625329, -48.0142834657, 76590.5768656, 9.22057991037, 1067.07037146, 
Chromsome [1]: (723.633333333)2.05987082401, 86.1945796249, 93658.7553058, 1.37925240346, 1927.9627327, 
Chromsome [2]: (702.866666667)25.5593635006, 10.735488314, 1883.04287622, -9.05945071674, 1462.30542914, 
Chromsome [3]: (664.866666667)5.15812625329, -48.0142834657, 76590.5768656, 19.4040181928, 1802.53319585, 
Chromsome [4]: (664.866666667)5.15812625329, -48.0142834657, 76590.5768656, 26.0873650079, 1867.06049821, 
<------------ GEN 61--------------->
Chromsome [0]: (784.833333333)-4.95812625329, -48.0142834657, 76590.5768656, 9.22057991037, 1067.07037146, 
Chromsome [1]: (721.5)2.05987082401, 86.1945796249, 93658.7553058, 5.66676780404, 1946.35759434, 
Chromsome [2]: (678.533333333)7.08475165906, 40.7510136538, 10409.8072521, 14.0071133847, 1263.67191658, 
Chromsome [3]: (674.266666667)2.33317162735, -81.6307550769, 98647.0523508, 9.8106783145, 2163.65213014, 
Chromsome [4]: (672.5)5.15812625329, -48.0142834657, 76590.5768656, 9.22057991037, 1067.07037146, 
<------------ GEN 62--------------->
Chromsome [0]: (799.633333333)-4.95812625329, -48.0142834657, 76590.5768656, 9.22057991037, 1067.07037146, 
Chromsome [1]: (705.966666667)5.15812625329, 30.9181087636, 586.818876195, 1.28372091214, 1255.26169877, 
Chromsome [2]: (687.133333333)5.15812625329, -48.0142834657, 15227.9965436, 9.22057991037, 2455.41030309, 
Chromsome [3]: (684.7)2.33317162735, -81.6307550769, 131687.869073, 7.91799695673, 1044.28889066, 
Chromsome [4]: (680.133333333)5.15812625329, -48.0142834657, 76590.5768656, 11.8086881553, 1623.88617733, 
<------------ GEN 63--------------->
Chromsome [0]: (810.3)-4.95812625329, -48.0142834657, 76590.5768656, 9.22057991037, 1067.07037146, 
Chromsome [1]: (749.7)2.59265578765, 74.733829731, 1883.04287622, 13.6388971423, 1462.30542914, 
Chromsome [2]: (742.533333333)2.33317162735, 40.9344436684, 131687.869073, 7.91799695673, 1724.74705277, 
Chromsome [3]: (741.166666667)5.15812625329, 30.9181087636, 586.818876195, 1.28372091214, 4149.36468735, 
Chromsome [4]: (729.266666667)5.15812625329, -48.0142834657, -84998.1586253, 19.4040181928, 3337.82731199, 
<------------ GEN 64--------------->
Chromsome [0]: (790.9)-4.95812625329, -48.0142834657, 76590.5768656, 9.22057991037, 1067.07037146, 
Chromsome [1]: (722.766666667)2.33317162735, 40.9344436684, 131687.869073, 7.91799695673, 1067.07037146, 
Chromsome [2]: (709.0)5.15812625329, 30.9181087636, 5105.8689423, 19.5753141404, 1991.80489488, 
Chromsome [3]: (692.266666667)2.59265578765, 22.5893194702, 146171.641921, 16.1625616459, 1802.53319585, 
Chromsome [4]: (692.0)5.15812625329, 56.9616932609, 147475.22698, 13.4898708297, 1016.68658817, 
<------------ GEN 65--------------->
Chromsome [0]: (804.333333333)-4.95812625329, -48.0142834657, 76590.5768656, 9.22057991037, 1067.07037146, 
Chromsome [1]: (743.3)2.33317162735, 40.9344436684, 131687.869073, 7.91799695673, 1067.07037146, 
Chromsome [2]: (737.266666667)5.15812625329, -66.2486952047, -13188.4671718, 9.22057991037, 1067.07037146, 
Chromsome [3]: (711.433333333)5.15812625329, 56.9616932609, 147475.22698, 13.4898708297, 1016.68658817, 
Chromsome [4]: (710.5)5.15812625329, -77.3618608391, 40433.6909186, 39.5554373236, 1724.74705277, 
<------------ GEN 66--------------->
Chromsome [0]: (795.366666667)-9.49839877995, 22.5893194702, 11722.9309402, 16.1625616459, 1802.53319585, 
Chromsome [1]: (795.366666667)-51.1198461006, 56.9616932609, 147475.22698, 13.4898708297, 1016.68658817, 
Chromsome [2]: (795.366666667)-4.95812625329, -48.0142834657, 76590.5768656, 9.22057991037, 1067.07037146, 
Chromsome [3]: (737.333333333)5.15812625329, 78.5003849061, 15892.8760171, 29.0407696275, 2632.10173638, 
Chromsome [4]: (737.333333333)5.15812625329, -48.0142834657, 131687.869073, 7.91799695673, 1067.07037146, 
<------------ GEN 67--------------->
Chromsome [0]: (796.3)-9.49839877995, 22.5893194702, 11722.9309402, 16.1625616459, 1802.53319585, 
Chromsome [1]: (742.2)5.15812625329, 48.1157399287, -13455.4799495, 22.4152769286, 1462.30542914, 
Chromsome [2]: (737.866666667)5.15812625329, -66.2486952047, 13188.4671718, 9.22057991037, 2662.17268801, 
Chromsome [3]: (736.533333333)5.15812625329, -77.3618608391, 40433.6909186, 18.5540646012, 836.342555285, 
Chromsome [4]: (735.966666667)5.15812625329, 48.1157399287, 37866.3411112, 21.5459202529, 1016.68658817, 
<------------ GEN 68--------------->
Chromsome [0]: (793.733333333)-9.49839877995, 22.5893194702, 11722.9309402, 16.1625616459, 1802.53319585, 
Chromsome [1]: (729.033333333)5.15812625329, -66.2486952047, 13188.4671718, 22.4152769286, 1462.30542914, 
Chromsome [2]: (728.6)5.15812625329, 48.1157399287, 69826.4440318, 9.22057991037, 2662.17268801, 
Chromsome [3]: (725.5)5.15812625329, -48.0142834657, 84998.1586253, 19.4040181928, 1067.07037146, 
Chromsome [4]: (725.5)5.15812625329, -77.3618608391, 40433.6909186, 18.5304569226, 1716.95276111, 
<------------ GEN 69--------------->
Chromsome [0]: (823.933333333)-9.49839877995, 22.5893194702, 11722.9309402, 16.1625616459, 1802.53319585, 
Chromsome [1]: (734.5)5.15812625329, -77.3618608391, 13969.6465075, 9.22057991037, 2852.00588486, 
Chromsome [2]: (731.466666667)5.15812625329, 48.1157399287, 37866.3411112, 21.5459202529, 1016.68658817, 
Chromsome [3]: (730.933333333)5.15812625329, -53.0166496886, 149866.819079, 21.7039677629, 2632.10173638, 
Chromsome [4]: (730.766666667)5.15812625329, 73.7482959965, 163611.126923, 16.9348028959, 2836.09897468, 
<------------ GEN 70--------------->
Chromsome [0]: (812.666666667)-9.49839877995, 22.5893194702, 11722.9309402, 16.1625616459, 1802.53319585, 
Chromsome [1]: (748.833333333)5.15812625329, 30.9181087636, -59827.2836534, 4.57048449793, 2233.24895954, 
Chromsome [2]: (733.933333333)5.15812625329, 73.7482959965, 13188.4671718, 18.4549158086, 1462.30542914, 
Chromsome [3]: (733.833333333)5.15812625329, -77.3618608391, 100761.634412, 1.40729076093, 2455.41030309, 
Chromsome [4]: (733.833333333)5.15812625329, -62.5288203049, 37866.3411112, 21.5459202529, 1016.68658817, 
<------------ GEN 71--------------->
Chromsome [0]: (818.733333333)-9.49839877995, 22.5893194702, 11722.9309402, 16.1625616459, 1802.53319585, 
Chromsome [1]: (749.966666667)5.15812625329, -54.7132945567, 70885.9342269, 9.22057991037, 2280.13857748, 
Chromsome [2]: (749.966666667)5.15812625329, 73.7482959965, 143446.133228, 28.4366613875, 1851.33024104, 
Chromsome [3]: (749.966666667)5.15812625329, 180.863763978, 40433.6909186, 18.5304569226, 1199.89152314, 
Chromsome [4]: (749.966666667)5.15812625329, 73.7482959965, 163611.126923, 28.4366613875, 1653.8030024, 
<------------ GEN 72--------------->
Chromsome [0]: (824.166666667)-7.0359654753, -77.3618608391, 100761.634412, 11.7101457672, 2148.09785722, 
Chromsome [1]: (824.166666667)-9.49839877995, 22.5893194702, 11722.9309402, 16.1625616459, 1802.53319585, 
Chromsome [2]: (741.8)9.69839877995, 22.5893194702, 232721.068383, 16.1625616459, 2455.41030309, 
Chromsome [3]: (740.366666667)5.15812625329, -55.6668888037, 28231.8188651, 61.0166390529, 2505.80963918, 
Chromsome [4]: (739.966666667)5.15812625329, -55.7282513846, 34922.8893051, 11.4838531004, 2186.82322808, 
<------------ GEN 73--------------->
Chromsome [0]: (842.233333333)-7.0359654753, -77.3618608391, 100761.634412, 11.7101457672, 2148.09785722, 
Chromsome [1]: (741.766666667)5.15812625329, -62.5288203049, 37866.3411112, 21.5459202529, 3364.31450538, 
Chromsome [2]: (741.766666667)5.15812625329, -55.7282513846, 34922.8893051, 11.7101457672, 889.458174134, 
Chromsome [3]: (741.766666667)5.15812625329, 67.2653543401, 163611.126923, 28.4366613875, 1374.71038924, 
Chromsome [4]: (741.766666667)5.15812625329, 73.7482959965, 78318.0247181, 26.3578994275, 2245.32460688, 
<------------ GEN 74--------------->
Chromsome [0]: (826.433333333)-7.0359654753, -77.3618608391, 100761.634412, 11.7101457672, 2148.09785722, 
Chromsome [1]: (686.333333333)5.15812625329, -63.0579240623, 78318.0247181, 26.3578994275, 2245.32460688, 
Chromsome [2]: (686.333333333)5.15812625329, 81.5522885581, 163611.126923, 26.6416949565, 831.34731075, 
Chromsome [3]: (686.333333333)5.15812625329, -71.337007003, 127086.084589, 6.35764589567, 2007.46973204, 
Chromsome [4]: (683.5)5.95958666018, 27.1087188312, 76590.5768656, 24.1874786636, 2601.15494742, 
<------------ GEN 75--------------->
Chromsome [0]: (808.933333333)-77.2005384779, 22.5893194702, 54875.863004, 19.8610779843, 625.374050326, 
Chromsome [1]: (808.933333333)-7.0359654753, -77.3618608391, 100761.634412, 11.7101457672, 2148.09785722, 
Chromsome [2]: (663.033333333)7.2359654753, 22.5893194702, -107477.783222, 2.21302453144, 2293.54148047, 
Chromsome [3]: (651.333333333)4.07218860343, -77.3618608391, 100761.634412, 25.2318550249, 1449.67519704, 
Chromsome [4]: (648.0)5.15812625329, -71.337007003, 127086.084589, 6.35764589567, 2007.46973204, 
<------------ GEN 76--------------->
Chromsome [0]: (800.733333333)-77.2005384779, 22.5893194702, 54875.863004, 19.8610779843, 625.374050326, 
Chromsome [1]: (659.4)4.07218860343, -77.3618608391, 100761.634412, 25.2318550249, 1449.67519704, 
Chromsome [2]: (652.733333333)5.95958666018, 27.1087188312, 76590.5768656, 24.1874786636, 1737.19650506, 
Chromsome [3]: (649.4)7.2359654753, 22.5893194702, 107477.783222, 2.21302453144, 2293.54148047, 
Chromsome [4]: (645.833333333)77.4005384779, 43.9851831496, -39906.2217109, 5.38352129646, 2392.01122648, 
<------------ GEN 77--------------->
Chromsome [0]: (804.233333333)-77.2005384779, 22.5893194702, 54875.863004, 19.8610779843, 625.374050326, 
Chromsome [1]: (704.5)4.07218860343, -77.3618608391, 100761.634412, 15.0896942872, 2455.41030309, 
Chromsome [2]: (701.066666667)5.95958666018, 27.1087188312, 76590.5768656, 24.1874786636, 1737.19650506, 
Chromsome [3]: (694.8)6.85967885895, 72.7329914079, 40433.6909186, 24.1874786636, 1839.6923981, 
Chromsome [4]: (692.166666667)9.69839877995, 22.5893194702, 107477.783222, 22.6809808576, 2293.54148047, 
<------------ GEN 78--------------->
Chromsome [0]: (796.1)-0.661806811315, -11.9224272756, 40433.6909186, 24.1874786636, 1839.6923981, 
Chromsome [1]: (796.1)-77.2005384779, 22.5893194702, 54875.863004, 19.8610779843, 625.374050326, 
Chromsome [2]: (691.6)4.07218860343, -77.3618608391, 100761.634412, 15.0896942872, 2455.41030309, 
Chromsome [3]: (679.433333333)6.85967885895, 72.7329914079, 107477.783222, 29.7819308747, 2754.75507383, 
Chromsome [4]: (677.366666667)5.95958666018, 22.5893194702, 54875.863004, 19.8610779843, -587.380691749, 
<------------ GEN 79--------------->
Chromsome [0]: (802.466666667)-61.4079692892, 54.8824967356, 129961.835835, 0.723324160292, 2744.33073281, 
Chromsome [1]: (802.466666667)-0.661806811315, -11.9224272756, 40433.6909186, 24.1874786636, 1839.6923981, 
Chromsome [2]: (791.7)0.861806811315, -11.9224272756, 40433.6909186, 24.1874786636, 1839.6923981, 
Chromsome [3]: (716.5)4.07218860343, -77.3618608391, 170090.857585, 15.0896942872, 709.205408861, 
Chromsome [4]: (684.833333333)2.71804794567, -83.8529408407, 112195.512753, 0.297247458543, 2505.80963918, 
<------------ GEN 80--------------->
Chromsome [0]: (815.266666667)-61.4079692892, 54.8824967356, 129961.835835, 0.723324160292, 2744.33073281, 
Chromsome [1]: (793.9)0.861806811315, -11.9224272756, 40433.6909186, 24.1874786636, 1839.6923981, 
Chromsome [2]: (792.033333333)0.861806811315, -11.9224272756, 100761.634412, 6.21665528204, 1754.6433171, 
Chromsome [3]: (725.8)4.07218860343, -77.3618608391, 39906.2217109, 19.8610779843, 1669.02073226, 
Chromsome [4]: (724.133333333)4.07218860343, -77.3618608391, 74602.9082087, 15.0896942872, 2704.96458512, 
<------------ GEN 81--------------->
Chromsome [0]: (822.066666667)-61.4079692892, 54.8824967356, 129961.835835, 0.723324160292, 2744.33073281, 
Chromsome [1]: (785.3)0.861806811315, -11.9224272756, 40433.6909186, 9.01517058228, 1839.6923981, 
Chromsome [2]: (781.866666667)0.861806811315, -11.9224272756, 100761.634412, 6.21665528204, 831.34731075, 
Chromsome [3]: (781.333333333)0.861806811315, -86.129307533, 97729.0788507, 6.21665528204, 1754.6433171, 
Chromsome [4]: (716.1)8.42008593129, 22.5893194702, 164602.409514, 20.8197252378, 2202.86396296, 
<------------ GEN 82--------------->
Chromsome [0]: (807.633333333)-61.4079692892, 54.8824967356, 129961.835835, 0.723324160292, 2744.33073281, 
Chromsome [1]: (788.933333333)0.861806811315, -11.9224272756, 100761.634412, 6.21665528204, 831.34731075, 
Chromsome [2]: (788.933333333)0.861806811315, -15.0499930452, 40433.6909186, 17.2390455976, 2109.76005402, 
Chromsome [3]: (780.966666667)0.861806811315, 65.6552216056, 97729.0788507, 6.21665528204, 1754.6433171, 
Chromsome [4]: (780.9)0.861806811315, -74.3830549765, 97729.0788507, 6.21665528204, 413.393594806, 
<------------ GEN 83--------------->
Chromsome [0]: (817.7)-61.4079692892, 54.8824967356, 129961.835835, 0.723324160292, 2744.33073281, 
Chromsome [1]: (791.433333333)0.861806811315, -15.0499930452, 135621.682163, 14.855557924, 1839.6923981, 
Chromsome [2]: (791.366666667)0.861806811315, 7.36977693162, 97729.0788507, 6.21665528204, 1754.6433171, 
Chromsome [3]: (790.1)0.861806811315, -74.3830549765, 37311.9117058, 6.21665528204, 586.606405194, 
Chromsome [4]: (783.366666667)0.861806811315, -72.7869924383, 140373.071023, 0.723324160292, 2744.33073281, 
<------------ GEN 84--------------->
Chromsome [0]: (809.3)-85.53445807, 54.8824967356, 138165.059337, 20.7387327892, 2744.33073281, 
Chromsome [1]: (809.3)-61.4079692892, 54.8824967356, 129961.835835, 0.723324160292, 2744.33073281, 
Chromsome [2]: (798.366666667)0.861806811315, -72.7869924383, 19224.9820341, 0.723324160292, 2744.33073281, 
Chromsome [3]: (793.666666667)0.861806811315, -15.0499930452, 135621.682163, 14.855557924, 1839.6923981, 
Chromsome [4]: (793.566666667)0.861806811315, 7.36977693162, 97729.0788507, 5.5352916449, 2310.02453528, 
<------------ GEN 85--------------->
Chromsome [0]: (809.133333333)-85.53445807, 54.8824967356, 138165.059337, 20.7387327892, 2744.33073281, 
Chromsome [1]: (801.166666667)0.861806811315, -15.0499930452, 19224.9820341, 2.81749057998, 2744.33073281, 
Chromsome [2]: (789.1)0.861806811315, 71.934339156, 2573.14011962, 3.05216020055, 794.824436393, 
Chromsome [3]: (785.233333333)0.861806811315, 86.6473219547, 97729.0788507, 6.21665528204, 2710.53140117, 
Chromsome [4]: (785.2)0.861806811315, -58.6663290088, 129961.835835, 0.723324160292, 2744.33073281, 
<------------ GEN 86--------------->
Chromsome [0]: (818.633333333)0.861806811315, -58.6663290088, 22285.0843508, 0.723324160292, 1647.80439466, 
Chromsome [1]: (818.5)-85.53445807, 54.8824967356, 138165.059337, 20.7387327892, 2744.33073281, 
Chromsome [2]: (815.566666667)0.861806811315, -72.7869924383, 37311.9117058, 6.21665528204, 1715.32557778, 
Chromsome [3]: (815.566666667)0.861806811315, -58.6663290088, 129961.835835, 0.723324160292, 2744.33073281, 
Chromsome [4]: (815.566666667)0.861806811315, -58.6663290088, 129961.835835, 54.7590098086, 1482.99058346, 
<------------ GEN 87--------------->
Chromsome [0]: (811.866666667)0.861806811315, 228.290881909, 129961.835835, 0.723324160292, 2744.33073281, 
Chromsome [1]: (806.466666667)0.861806811315, -58.6663290088, 22285.0843508, 0.723324160292, 1647.80439466, 
Chromsome [2]: (803.4)0.861806811315, -58.6663290088, 129961.835835, 20.7107778194, 2031.31125609, 
Chromsome [3]: (803.4)0.861806811315, -58.6663290088, 129961.835835, 5.2409901914, 1148.48597162, 
Chromsome [4]: (803.4)0.861806811315, -72.7869924383, 43503.5380642, 6.79827765361, 575.143521444, 
<------------ GEN 88--------------->
Chromsome [0]: (818.166666667)-14.4488007211, -58.6663290088, 129961.835835, 5.2409901914, 2510.24896085, 
Chromsome [1]: (815.833333333)0.861806811315, 228.290881909, 129961.835835, 0.723324160292, 2744.33073281, 
Chromsome [2]: (815.233333333)0.861806811315, -48.2908819094, 129961.835835, 0.723324160292, 2744.33073281, 
Chromsome [3]: (815.233333333)0.861806811315, 54.8824967356, 170492.034122, 10.9117247275, 2463.7298351, 
Chromsome [4]: (815.233333333)0.861806811315, -58.6663290088, 129961.835835, 20.7107778194, 1645.86075479, 
<------------ GEN 89--------------->
Chromsome [0]: (812.3)-53.0685520321, 74.1144126176, 43503.5380642, 6.42572795808, 1249.24096218, 
Chromsome [1]: (812.3)-14.4488007211, -58.6663290088, 129961.835835, 5.2409901914, 2510.24896085, 
Chromsome [2]: (809.366666667)0.861806811315, 59.3830954135, 76896.5782101, 22.8389207396, 2744.33073281, 
Chromsome [3]: (809.366666667)0.861806811315, -58.6663290088, 22285.0843508, 7.19707077504, 1673.91568415, 
Chromsome [4]: (809.366666667)0.861806811315, -83.9221408803, 75278.1671853, 17.2464487032, 2992.41470522, 
<------------ GEN 90--------------->
Chromsome [0]: (813.666666667)-53.0685520321, 74.1144126176, 43503.5380642, 6.42572795808, 1249.24096218, 
Chromsome [1]: (810.766666667)0.861806811315, -5.36416067814, 116666.177261, 20.7150146019, 2493.8990759, 
Chromsome [2]: (810.733333333)0.861806811315, 59.3830954135, 76896.5782101, 15.5188828615, 2957.43268356, 
Chromsome [3]: (810.733333333)0.861806811315, -83.9221408803, 75278.1671853, 17.2464487032, 2992.41470522, 
Chromsome [4]: (810.733333333)0.861806811315, -48.2908819094, 97729.0788507, 10.0444338285, 2607.14223484, 
<------------ GEN 91--------------->
Chromsome [0]: (809.0)-53.0685520321, 74.1144126176, 43503.5380642, 6.42572795808, 1249.24096218, 
Chromsome [1]: (806.1)0.861806811315, -5.36416067814, 116666.177261, 29.4186706997, 2744.33073281, 
Chromsome [2]: (806.1)0.861806811315, -5.36416067814, 116666.177261, 23.9478170575, 2493.8990759, 
Chromsome [3]: (806.066666667)0.861806811315, -47.3050736531, 129961.835835, 2.8270449943, 2673.84276774, 
Chromsome [4]: (806.066666667)0.861806811315, -24.0828624715, 118644.072172, 5.2409901914, 2819.42701842, 
<------------ GEN 92--------------->
Chromsome [0]: (796.866666667)-6.9392418528, -12.0186641853, 291.178840548, 0.723324160292, 1356.7757344, 
Chromsome [1]: (796.866666667)-53.0685520321, 74.1144126176, 43503.5380642, 6.42572795808, 1249.24096218, 
Chromsome [2]: (791.066666667)0.861806811315, -5.36416067814, 116666.177261, 29.256320177, 2493.8990759, 
Chromsome [3]: (791.066666667)0.861806811315, -5.36416067814, 116666.177261, 23.9478170575, 2493.8990759, 
Chromsome [4]: (791.066666667)0.861806811315, -5.36416067814, 116666.177261, 29.4186706997, 2744.33073281, 
<------------ GEN 93--------------->
Chromsome [0]: (788.733333333)-9.1851794103, -5.36416067814, 116666.177261, 29.256320177, 1064.02382459, 
Chromsome [1]: (788.733333333)-6.9392418528, -12.0186641853, 291.178840548, 0.723324160292, 1356.7757344, 
Chromsome [2]: (761.833333333)0.861806811315, -5.36416067814, 116666.177261, 29.4186706997, 2744.33073281, 
Chromsome [3]: (761.7)0.861806811315, -72.7869924383, 64914.4204216, 22.5018904159, 1933.43252786, 
Chromsome [4]: (761.7)0.861806811315, -30.5744398107, 129961.835835, 0.723324160292, 2299.63899675, 
<------------ GEN 94--------------->
Chromsome [0]: (799.033333333)-33.7324835889, -32.7742260861, 129961.835835, 0.723324160292, 2299.63899675, 
Chromsome [1]: (799.033333333)-9.1851794103, -5.36416067814, 116666.177261, 29.256320177, 1064.02382459, 
Chromsome [2]: (782.666666667)0.861806811315, -5.36416067814, 116666.177261, 0.723324160292, 3637.22185037, 
Chromsome [3]: (782.566666667)0.861806811315, -21.988371032, 114259.306432, 7.7659628356, 2773.67948236, 
Chromsome [4]: (782.566666667)0.861806811315, -43.1153943534, 129961.835835, 0.723324160292, 1933.43252786, 
<------------ GEN 95--------------->
Chromsome [0]: (826.933333333)-33.7324835889, -32.7742260861, 129961.835835, 0.723324160292, 2299.63899675, 
Chromsome [1]: (818.8)0.861806811315, -174.815000666, 114259.306432, 7.7659628356, 2773.67948236, 
Chromsome [2]: (813.433333333)0.861806811315, 6.02803270767, 165044.708788, 27.5565153745, 1249.24096218, 
Chromsome [3]: (813.4)0.861806811315, 12.987664884, 46906.8329608, 0.723324160292, 1356.7757344, 
Chromsome [4]: (813.4)0.861806811315, 55.7944330125, 29726.2584994, 1.46555433255, 1830.25823792, 
<------------ GEN 96--------------->
Chromsome [0]: (802.933333333)-33.7324835889, -32.7742260861, 129961.835835, 0.723324160292, 2299.63899675, 
Chromsome [1]: (797.2)0.861806811315, -72.7869924383, 291.178840548, 24.0661474636, 1970.0427367, 
Chromsome [2]: (797.066666667)0.861806811315, -70.0047752789, 89205.3458875, 0.363621851339, 1064.02382459, 
Chromsome [3]: (797.066666667)0.861806811315, -43.1153943534, 55418.4965555, 20.3455355472, 1067.77981885, 
Chromsome [4]: (797.066666667)0.861806811315, -43.1153943534, 129961.835835, 0.723324160292, 1933.43252786, 
<------------ GEN 97--------------->
Chromsome [0]: (800.266666667)-33.7324835889, -32.7742260861, 129961.835835, 0.723324160292, 2299.63899675, 
Chromsome [1]: (794.466666667)0.861806811315, -48.2908819094, 4598.74247426, 6.88083906953, 2773.67948236, 
Chromsome [2]: (794.4)0.861806811315, -82.594848639, 55418.4965555, -16.9281484185, 1067.77981885, 
Chromsome [3]: (794.4)0.861806811315, -48.2908819094, 50753.0121316, 1.74750087264, 1249.24096218, 
Chromsome [4]: (794.4)0.861806811315, 58.9204403404, 165044.708788, 27.5565153745, 525.469662905, 
<------------ GEN 98--------------->
Chromsome [0]: (800.5)-33.7324835889, -32.7742260861, 129961.835835, 0.723324160292, 2299.63899675, 
Chromsome [1]: (795.633333333)0.861806811315, 112.855819944, 64350.5831667, 1.08988793741, 1933.43252786, 
Chromsome [2]: (794.7)0.861806811315, -48.2908819094, 4598.74247426, 8.48213384958, 2773.67948236, 
Chromsome [3]: (794.633333333)0.861806811315, -72.7869924383, 63222.4393251, 6.42572795808, 889.840663543, 
Chromsome [4]: (794.633333333)0.861806811315, -70.0047752789, 86592.2519017, 12.3781698279, 525.469662905, 
<------------ GEN 99--------------->
Chromsome [0]: (788.033333333)-33.7324835889, -32.7742260861, 129961.835835, 0.723324160292, 2299.63899675, 
Chromsome [1]: (785.133333333)0.861806811315, -48.2908819094, 4598.74247426, 29.4186706997, 2832.75972322, 
Chromsome [2]: (785.1)0.861806811315, -10.5963565743, 165044.708788, 9.72884637701, 1647.80439466, 
Chromsome [3]: (785.1)0.861806811315, -72.7869924383, 63222.4393251, 6.42572795808, 2168.73978863, 
Chromsome [4]: (785.1)0.861806811315, -43.4874451715, 165044.708788, 27.5565153745, 525.469662905, 
<------------ GEN 100--------------->
Chromsome [0]: (791.2)-33.7324835889, -32.7742260861, 129961.835835, 0.723324160292, 2299.63899675, 
Chromsome [1]: (760.6)0.861806811315, 8.05652903171, 76982.9838343, 29.5809085314, 800.464072895, 
Chromsome [2]: (760.6)0.861806811315, 8.05652903171, 87729.920521, 11.7661001999, 2773.67948236, 
Chromsome [3]: (759.933333333)1.60316716358, 119.196298866, 4598.74247426, 29.4186706997, 2832.75972322, 
Chromsome [4]: (756.966666667)0.861806811315, -72.7869924383, 63222.4393251, 7.91314004831, 2168.73978863, 
