<------------ GEN 1--------------->
Chromsome [0]: (782.566666667)3.18383958213, -81.3537678159, 159825.498285, 8.58265887703, 1003.9502861, 
Chromsome [1]: (766.9)8.01798430155, -17.9555636396, 173038.070929, 14.2637968854, 2254.81878768, 
Chromsome [2]: (747.533333333)9.40916732567, 17.4573967416, 107461.702241, 2.33370961023, 618.236820865, 
Chromsome [3]: (707.8)13.9973770521, -45.5116779165, 91366.5261198, 0.88183032083, 1854.42466389, 
Chromsome [4]: (700.866666667)20.2319527601, -52.4553957593, 33937.5725229, 19.3083822148, 1455.83707915, 
<------------ GEN 2--------------->
Chromsome [0]: (755.366666667)3.18383958213, -81.3537678159, 159825.498285, 8.58265887703, 1003.9502861, 
Chromsome [1]: (755.366666667)3.18383958213, -81.3537678159, 173038.070929, 14.2637968854, 2254.81878768, 
Chromsome [2]: (755.366666667)3.18383958213, -81.3537678159, 159825.498285, 8.58265887703, 1003.9502861, 
Chromsome [3]: (746.366666667)8.01798430155, -17.9555636396, 159825.498285, 8.58265887703, 1003.9502861, 
Chromsome [4]: (730.366666667)9.40916732567, 17.4573967416, 7764.77894966, 11.8308661978, 1626.01664587, 
<------------ GEN 3--------------->
Chromsome [0]: (787.9)-119.909804461, 4.78527735919, 68871.3919739, 4.10666587256, 2894.03336854, 
Chromsome [1]: (787.9)-21.3828981625, -45.2327182767, 49982.3933692, 8.95520014938, 2450.88067576, 
Chromsome [2]: (737.733333333)3.18383958213, -81.3537678159, 91366.5261198, 0.88183032083, 1854.42466389, 
Chromsome [3]: (737.466666667)3.18383958213, -81.3537678159, 159825.498285, 8.58265887703, 1003.9502861, 
Chromsome [4]: (737.466666667)3.18383958213, -81.3537678159, 159825.498285, 18.5154330508, 1921.22878715, 
<------------ GEN 4--------------->
Chromsome [0]: (792.333333333)-48.0785751181, 37.1119780207, 1194.01598578, 7.15076606025, 2839.38104975, 
Chromsome [1]: (792.333333333)-119.909804461, 4.78527735919, 68871.3919739, 4.10666587256, 2894.03336854, 
Chromsome [2]: (724.466666667)3.18383958213, -81.3537678159, 79493.8804676, 12.1394012135, 1455.83707915, 
Chromsome [3]: (724.3)3.18383958213, -81.3537678159, 159825.498285, 18.5154330508, 1009.49012994, 
Chromsome [4]: (724.3)3.18383958213, -81.3537678159, 159825.498285, 8.58265887703, 1003.9502861, 
<------------ GEN 5--------------->
Chromsome [0]: (805.3)-47.7070028909, 17.4573967416, 7764.77894966, 11.8308661978, 2701.03185051, 
Chromsome [1]: (805.3)-48.0785751181, 37.1119780207, 1194.01598578, 7.15076606025, 2839.38104975, 
Chromsome [2]: (755.033333333)3.18383958213, -81.3537678159, 79493.8804676, 12.1394012135, 4606.62832188, 
Chromsome [3]: (754.966666667)3.18383958213, -81.3537678159, 159825.498285, 8.58265887703, 2870.72219787, 
Chromsome [4]: (754.966666667)3.18383958213, -81.3537678159, 159825.498285, 20.282661286, 1009.49012994, 
<------------ GEN 6--------------->
Chromsome [0]: (795.533333333)-31.5528080694, 4.78527735919, 68871.3919739, 4.10666587256, 1609.84662056, 
Chromsome [1]: (795.533333333)-33.3508843884, -22.7544084762, 79493.8804676, 27.6316135053, 1393.37167812, 
Chromsome [2]: (795.533333333)-47.7070028909, 17.4573967416, 7764.77894966, 11.8308661978, 2701.03185051, 
Chromsome [3]: (752.7)3.18383958213, 80.5651646079, -2320.94907063, 20.2889522043, 968.97147028, 
Chromsome [4]: (750.966666667)3.18383958213, 48.723719458, 1194.01598578, 23.057927485, -883.563209657, 
<------------ GEN 7--------------->
Chromsome [0]: (822.866666667)-31.5528080694, 4.78527735919, 68871.3919739, 4.10666587256, 1609.84662056, 
Chromsome [1]: (783.7)3.18383958213, 80.5651646079, 2320.94907063, 1.87545217777, 876.101026132, 
Chromsome [2]: (776.366666667)3.18383958213, -81.3537678159, 159825.498285, 8.767082729, 1003.9502861, 
Chromsome [3]: (760.366666667)9.40916732567, 17.4573967416, 21782.3775066, 11.8308661978, 1777.84888554, 
Chromsome [4]: (758.866666667)3.18383958213, 35.625043776, 159825.498285, 28.8984423105, 2870.72219787, 
<------------ GEN 8--------------->
Chromsome [0]: (809.366666667)-82.8770898069, -81.3537678159, 133926.79461, 8.58265887703, 1003.9502861, 
Chromsome [1]: (809.366666667)-31.5528080694, 4.78527735919, 68871.3919739, 4.10666587256, 1609.84662056, 
Chromsome [2]: (749.433333333)7.39831568019, 28.5387099477, 1194.01598578, 23.057927485, 2022.17964275, 
Chromsome [3]: (746.0)3.18383958213, -3.37690085468, 159825.498285, 8.767082729, 1003.9502861, 
Chromsome [4]: (745.9)9.40916732567, 34.9289257558, 82059.6204984, 14.5842639347, 2736.36322187, 
<------------ GEN 9--------------->
Chromsome [0]: (801.5)-82.8770898069, -81.3537678159, 133926.79461, 8.58265887703, 1003.9502861, 
Chromsome [1]: (753.033333333)3.18383958213, -44.4655327435, 91366.5261198, 0.88183032083, 1393.37167812, 
Chromsome [2]: (752.833333333)3.18383958213, 37.0242004141, 159497.49029, 25.6994214398, 2548.68932036, 
Chromsome [3]: (748.9)5.40895941321, 80.5651646079, 159497.49029, 8.767082729, 1003.9502861, 
Chromsome [4]: (742.233333333)9.40916732567, 34.9289257558, 82059.6204984, 14.5842639347, 1609.84662056, 
<------------ GEN 10--------------->
Chromsome [0]: (820.733333333)-82.8770898069, -81.3537678159, 133926.79461, 8.58265887703, 1003.9502861, 
Chromsome [1]: (778.533333333)5.40895941321, 80.5651646079, 159497.49029, 8.767082729, 2495.08146373, 
Chromsome [2]: (774.966666667)3.18383958213, -44.4655327435, 91366.5261198, 0.88183032083, 977.728332894, 
Chromsome [3]: (774.8)3.18383958213, 37.0242004141, 159497.49029, 25.6994214398, 2168.76571017, 
Chromsome [4]: (773.4)9.40916732567, 34.9289257558, 82059.6204984, 11.6719348584, 716.598929933, 
<------------ GEN 11--------------->
Chromsome [0]: (828.2)-102.133296903, 37.0242004141, 159497.49029, 25.6994214398, 2168.76571017, 
Chromsome [1]: (828.2)-82.8770898069, -81.3537678159, 133926.79461, 8.58265887703, 1003.9502861, 
Chromsome [2]: (761.266666667)3.18383958213, -67.0472283491, 45782.6378858, 1.87545217777, 1472.57471189, 
Chromsome [3]: (758.4)3.18383958213, -44.4655327435, 94923.9511298, 22.5936020055, 1899.97652991, 
Chromsome [4]: (748.133333333)5.40895941321, 80.5651646079, 159497.49029, 8.767082729, 2495.08146373, 
<------------ GEN 12--------------->
Chromsome [0]: (833.7)-102.133296903, 37.0242004141, 159497.49029, 25.6994214398, 2168.76571017, 
Chromsome [1]: (769.166666667)3.18383958213, -70.0265209097, 45782.6378858, 12.190415452, 1899.97652991, 
Chromsome [2]: (766.2)3.18383958213, -44.4655327435, 94923.9511298, 22.5936020055, 604.038296665, 
Chromsome [3]: (757.333333333)5.40895941321, 80.5651646079, 115508.292182, 24.9008277285, 2675.4079578, 
Chromsome [4]: (757.333333333)5.40895941321, 80.5651646079, 159497.49029, 8.767082729, 2495.08146373, 
<------------ GEN 13--------------->
Chromsome [0]: (846.333333333)-102.133296903, 37.0242004141, 159497.49029, 25.6994214398, 2168.76571017, 
Chromsome [1]: (800.933333333)5.40895941321, 80.5651646079, -91046.3544973, 0.88183032083, 2222.90289348, 
Chromsome [2]: (789.8)3.18383958213, -44.4655327435, 94923.9511298, 22.5936020055, 4856.56368267, 
Chromsome [3]: (789.8)3.18383958213, -70.0265209097, 159497.49029, 12.4940541431, 2168.76571017, 
Chromsome [4]: (772.833333333)5.40895941321, 80.5651646079, 159497.49029, 8.767082729, 2495.08146373, 
<------------ GEN 14--------------->
Chromsome [0]: (845.7)-102.133296903, 37.0242004141, 159497.49029, 25.6994214398, 2168.76571017, 
Chromsome [1]: (767.433333333)3.18383958213, -70.0265209097, 29621.8109028, 27.4055413581, 2669.74680212, 
Chromsome [2]: (759.9)5.40895941321, 72.3874982736, 159497.49029, 8.767082729, 2296.50482061, 
Chromsome [3]: (759.666666667)5.40895941321, 80.5651646079, 91046.3544973, 0.88183032083, 2222.90289348, 
Chromsome [4]: (759.666666667)5.40895941321, 80.5651646079, 135337.703481, 9.92229557597, 1003.9502861, 
<------------ GEN 15--------------->
Chromsome [0]: (831.066666667)-13.3349887508, 36.7390257468, 130381.592942, 1.82143640627, 2956.81705564, 
Chromsome [1]: (831.066666667)-102.133296903, 37.0242004141, 159497.49029, 25.6994214398, 2168.76571017, 
Chromsome [2]: (764.233333333)3.18383958213, -70.0265209097, 29621.8109028, 27.4055413581, 2669.74680212, 
Chromsome [3]: (756.133333333)5.40895941321, -73.5589558832, 141742.772811, 8.767082729, 848.9303679, 
Chromsome [4]: (756.133333333)5.40895941321, -73.5589558832, 115508.292182, 22.5936020055, 1143.43631733, 
<------------ GEN 16--------------->
Chromsome [0]: (848.2)-13.3349887508, 36.7390257468, 130381.592942, 1.82143640627, 2956.81705564, 
Chromsome [1]: (792.0)3.18383958213, -70.0265209097, 29621.8109028, 18.4580026058, 917.183575413, 
Chromsome [2]: (769.9)5.40895941321, -73.5589558832, 115508.292182, 22.5936020055, 1143.43631733, 
Chromsome [3]: (769.9)5.40895941321, -73.5589558832, 115508.292182, 22.5936020055, 1143.43631733, 
Chromsome [4]: (769.9)5.40895941321, -73.5589558832, 141742.772811, 8.767082729, 887.983305003, 
<------------ GEN 17--------------->
Chromsome [0]: (819.733333333)-13.3349887508, 36.7390257468, 130381.592942, 1.82143640627, 2956.81705564, 
Chromsome [1]: (759.733333333)5.40895941321, -75.877901662, 117145.433749, 3.73295833821, 1364.14182217, 
Chromsome [2]: (759.733333333)5.40895941321, -73.5589558832, 141742.772811, 8.767082729, 1143.43631733, 
Chromsome [3]: (759.733333333)5.40895941321, -73.5589558832, 103223.20016, 5.11458106172, 2222.90289348, 
Chromsome [4]: (759.466666667)5.40895941321, 37.0242004141, 94166.3297502, 22.5936020055, 1143.43631733, 
<------------ GEN 18--------------->
Chromsome [0]: (802.433333333)-13.3349887508, 36.7390257468, 130381.592942, 1.82143640627, 2956.81705564, 
Chromsome [1]: (786.766666667)1.03346332597, 56.9107058748, 130381.592942, 1.45389675036, -1190.38328856, 
Chromsome [2]: (763.366666667)4.7886560751, -139.92801187, 79493.8804676, 27.8379848558, 2527.58855623, 
Chromsome [3]: (751.933333333)10.5161020523, -104.474099021, -140470.614409, 2.8180342362, 2168.76571017, 
Chromsome [4]: (749.266666667)5.40895941321, -73.5589558832, 10521.4307293, 22.0816677704, 2669.74680212, 
<------------ GEN 19--------------->
Chromsome [0]: (816.066666667)-13.3349887508, 36.7390257468, 130381.592942, 1.82143640627, 2956.81705564, 
Chromsome [1]: (806.766666667)0.583223188581, 36.7390257468, 115508.292182, 25.0156496339, 2956.81705564, 
Chromsome [2]: (804.4)1.03346332597, 56.9107058748, 130381.592942, 18.0461662653, 1760.44149502, 
Chromsome [3]: (751.533333333)5.40895941321, 37.0242004141, 10330.8874964, 28.138076615, 2956.81705564, 
Chromsome [4]: (748.333333333)5.40895941321, -44.4655327435, 66995.8680347, 17.9835023716, 2190.38328856, 
<------------ GEN 20--------------->
Chromsome [0]: (809.4)-13.3349887508, 36.7390257468, 130381.592942, 1.82143640627, 2956.81705564, 
Chromsome [1]: (792.966666667)0.583223188581, 36.7390257468, 115508.292182, 25.0156496339, 2956.81705564, 
Chromsome [2]: (792.966666667)0.583223188581, 36.7390257468, 115508.292182, 25.0156496339, 2956.81705564, 
Chromsome [3]: (726.266666667)5.40895941321, -29.3086871841, 10330.8874964, 10.2041315961, 1259.83926916, 
Chromsome [4]: (721.333333333)5.40895941321, -75.877901662, 14865.0853597, 28.138076615, 2956.81705564, 
<------------ GEN 21--------------->
Chromsome [0]: (821.133333333)-55.0553175436, -12.3168866359, -74710.578887, 19.7396939279, 2527.58855623, 
Chromsome [1]: (821.133333333)-13.3349887508, 36.7390257468, 130381.592942, 1.82143640627, 2956.81705564, 
Chromsome [2]: (799.6)0.583223188581, 36.7390257468, 115508.292182, 17.9835023716, 2190.38328856, 
Chromsome [3]: (797.266666667)0.583223188581, -72.3949719845, 115508.292182, 25.0156496339, 2956.81705564, 
Chromsome [4]: (764.0)2.21416236264, -22.9735311967, 33143.917038, 11.3245014755, 2956.81705564, 
<------------ GEN 22--------------->
Chromsome [0]: (823.033333333)-55.0553175436, -12.3168866359, -74710.578887, 19.7396939279, 2527.58855623, 
Chromsome [1]: (820.1)0.583223188581, -72.3949719845, 115508.292182, 25.0156496339, 2956.81705564, 
Chromsome [2]: (820.1)0.583223188581, 62.8834950047, 115508.292182, 17.9835023716, 2038.19079392, 
Chromsome [3]: (788.533333333)2.21416236264, 3.21033545099, 130381.592942, 16.8342867052, 2222.90289348, 
Chromsome [4]: (787.733333333)2.21416236264, -22.9735311967, 33143.917038, 10.4588904062, 2956.81705564, 
<------------ GEN 23--------------->
Chromsome [0]: (802.8)-55.0553175436, -12.3168866359, -74710.578887, 19.7396939279, 2527.58855623, 
Chromsome [1]: (780.566666667)0.583223188581, -37.9657870116, 115508.292182, 17.9835023716, 2038.19079392, 
Chromsome [2]: (779.133333333)0.583223188581, -72.3949719845, 115508.292182, 4.28628009032, 2956.81705564, 
Chromsome [3]: (747.6)2.21416236264, 3.21033545099, 166051.842263, 16.8342867052, 1069.99238496, 
Chromsome [4]: (746.466666667)2.21416236264, -15.2686972997, 45967.6575434, 29.4287835433, 2536.85067626, 
<------------ GEN 24--------------->
Chromsome [0]: (812.533333333)-55.0553175436, -12.3168866359, -74710.578887, 19.7396939279, 2527.58855623, 
Chromsome [1]: (791.166666667)0.906931900516, 176.969849785, 42896.911746, 11.3245014755, 2368.83074126, 
Chromsome [2]: (780.166666667)0.583223188581, -37.9657870116, 115508.292182, 17.9835023716, 2431.09496074, 
Chromsome [3]: (778.533333333)0.583223188581, -72.3949719845, 115508.292182, 11.4838974844, 2987.90168509, 
Chromsome [4]: (730.633333333)2.21416236264, 103.631669632, 33187.9519964, 19.3257690879, 2890.92598906, 
<------------ GEN 25--------------->
Chromsome [0]: (837.7)-55.0553175436, -12.3168866359, -74710.578887, 19.7396939279, 2527.58855623, 
Chromsome [1]: (821.933333333)0.906931900516, 3.03015021477, 115508.292182, 20.9479828441, 1259.83926916, 
Chromsome [2]: (820.466666667)0.583223188581, 210.291048415, 115508.292182, 17.9835023716, 860.922483877, 
Chromsome [3]: (820.033333333)0.583223188581, 218.646274347, 115508.292182, 11.4838974844, 2987.90168509, 
Chromsome [4]: (814.033333333)0.583223188581, -72.3949719845, 132163.357057, 11.4838974844, 2987.90168509, 
<------------ GEN 26--------------->
Chromsome [0]: (829.733333333)-55.0553175436, -12.3168866359, -74710.578887, 19.7396939279, 2527.58855623, 
Chromsome [1]: (810.366666667)0.906931900516, 3.03015021477, 42896.911746, 16.5162508114, 2368.83074126, 
Chromsome [2]: (806.733333333)0.583223188581, -38.6462743473, 115508.292182, 0.325228441709, -3538.78090495, 
Chromsome [3]: (806.2)0.583223188581, 87.4170501295, 115508.292182, 23.4399461543, 1486.25225253, 
Chromsome [4]: (806.066666667)0.583223188581, -72.3949719845, 132163.357057, 11.4838974844, 1977.41862426, 
<------------ GEN 27--------------->
Chromsome [0]: (832.133333333)-55.0553175436, -12.3168866359, -74710.578887, 19.7396939279, 2527.58855623, 
Chromsome [1]: (805.833333333)0.583223188581, 21.726382856, 132163.357057, 11.4838974844, 2852.11097133, 
Chromsome [2]: (801.8)0.583223188581, -50.1476880848, 73714.108706, 0.325228441709, 4538.78090495, 
Chromsome [3]: (798.033333333)0.583223188581, 87.4170501295, 115508.292182, 26.0550643071, 1259.83926916, 
Chromsome [4]: (798.0)0.583223188581, -56.712122956, 115508.292182, 18.1761955733, 850.348326334, 
<------------ GEN 28--------------->
Chromsome [0]: (831.133333333)-10.4955823501, -54.4704739652, 229327.929108, 28.4804950994, 1069.99238496, 
Chromsome [1]: (831.133333333)-55.0553175436, -12.3168866359, -74710.578887, 19.7396939279, 2527.58855623, 
Chromsome [2]: (815.4)0.583223188581, 21.726382856, 132163.357057, 11.4838974844, 1101.91963431, 
Chromsome [3]: (815.4)0.583223188581, 18.6067869513, 115028.259368, 9.3214093206, 543.893508218, 
Chromsome [4]: (807.6)0.583223188581, 87.4170501295, 115508.292182, 26.0550643071, 1259.83926916, 
<------------ GEN 29--------------->
Chromsome [0]: (835.666666667)-10.4955823501, -54.4704739652, 229327.929108, 28.4804950994, 1069.99238496, 
Chromsome [1]: (806.9)0.583223188581, 87.4170501295, -200907.19062, 26.0550643071, 1069.99238496, 
Chromsome [2]: (798.933333333)0.583223188581, 18.6067869513, 32239.1227859, 9.3214093206, 1756.11053309, 
Chromsome [3]: (791.1)0.583223188581, -56.712122956, 115508.292182, 7.87845911051, 850.348326334, 
Chromsome [4]: (791.033333333)0.665307786313, -54.4704739652, 157038.621063, 28.4804950994, 1259.83926916, 
<------------ GEN 30--------------->
Chromsome [0]: (817.966666667)-10.4955823501, -54.4704739652, 229327.929108, 28.4804950994, 1069.99238496, 
Chromsome [1]: (808.7)0.583223188581, 18.6067869513, 138006.764102, 19.7396939279, 2527.58855623, 
Chromsome [2]: (804.9)0.583223188581, -56.712122956, 34259.1288412, 25.4680146642, 657.266450853, 
Chromsome [3]: (804.833333333)0.583223188581, 87.4170501295, 157229.145919, 28.4804950994, 1069.99238496, 
Chromsome [4]: (804.7)0.665307786313, -54.4704739652, 157038.621063, 28.4804950994, 1259.83926916, 
<------------ GEN 31--------------->
Chromsome [0]: (831.833333333)-10.4955823501, -54.4704739652, 229327.929108, 28.4804950994, 1069.99238496, 
Chromsome [1]: (822.566666667)0.583223188581, 18.6067869513, 138006.764102, 4.44498201991, 850.348326334, 
Chromsome [2]: (821.733333333)0.583223188581, -56.712122956, 11831.8289248, 25.4680146642, 1181.34011876, 
Chromsome [3]: (818.7)0.583223188581, 87.4170501295, 132163.357057, 20.6995103792, 2147.11882278, 
Chromsome [4]: (818.7)0.583223188581, 87.4170501295, 157229.145919, 28.4804950994, 543.893508218, 
<------------ GEN 32--------------->
Chromsome [0]: (818.133333333)-10.4955823501, -54.4704739652, 229327.929108, 28.4804950994, 1069.99238496, 
Chromsome [1]: (798.3)0.665307786313, 19.6244421541, 164320.579783, 28.4804950994, 2096.52179513, 
Chromsome [2]: (797.466666667)0.583223188581, -56.712122956, 11831.8289248, 25.4680146642, 1181.34011876, 
Chromsome [3]: (794.433333333)0.583223188581, -41.3509305612, 130672.070892, 22.841521891, 1069.99238496, 
Chromsome [4]: (794.433333333)0.583223188581, 87.4170501295, 132163.357057, 20.6995103792, 896.408213566, 
<------------ GEN 33--------------->
Chromsome [0]: (805.6)-35.4579905086, 87.4170501295, 36905.7306045, 16.2488390257, 543.893508218, 
Chromsome [1]: (805.6)-10.4955823501, -54.4704739652, 229327.929108, 28.4804950994, 1069.99238496, 
Chromsome [2]: (782.833333333)0.665307786313, 19.6244421541, 164320.579783, 28.4804950994, 1559.38824334, 
Chromsome [3]: (782.0)0.583223188581, -56.712122956, 11831.8289248, 28.4804950994, 1069.99238496, 
Chromsome [4]: (779.833333333)0.583223188581, -29.3086871841, 63792.9506528, 8.06020705027, 2709.69279266, 
<------------ GEN 34--------------->
Chromsome [0]: (799.0)-44.1549908625, 81.0881924056, 132163.357057, 2.4814166223, 2897.34791901, 
Chromsome [1]: (799.0)-35.4579905086, 87.4170501295, 36905.7306045, 16.2488390257, 543.893508218, 
Chromsome [2]: (786.8)0.665307786313, 19.6244421541, 164320.579783, 28.4804950994, 2354.85415713, 
Chromsome [3]: (783.8)0.583223188581, -29.3086871841, 63792.9506528, 9.3214093206, 850.348326334, 
Chromsome [4]: (782.933333333)0.583223188581, 87.4170501295, 110999.528638, 20.6995103792, 896.408213566, 
<------------ GEN 35--------------->
Chromsome [0]: (799.766666667)-44.1549908625, 81.0881924056, 132163.357057, 2.4814166223, 2897.34791901, 
Chromsome [1]: (794.033333333)0.665307786313, 19.6244421541, -157993.834052, 28.4804950994, 2773.72330585, 
Chromsome [2]: (794.033333333)0.583223188581, -56.712122956, -395417.105183, 25.0014794948, 2527.58855623, 
Chromsome [3]: (793.9)0.583223188581, 83.4650462104, 110999.528638, 9.3214093206, 2859.28233156, 
Chromsome [4]: (793.9)0.583223188581, -29.3086871841, 63792.9506528, 9.3214093206, 1559.38824334, 
<------------ GEN 36--------------->
Chromsome [0]: (804.933333333)-44.1549908625, 81.0881924056, 132163.357057, 2.4814166223, 2897.34791901, 
Chromsome [1]: (791.433333333)0.583223188581, 83.4650462104, 110999.528638, 9.3214093206, 2527.58855623, 
Chromsome [2]: (791.433333333)0.583223188581, -56.712122956, 80440.8581246, 16.2488390257, 543.893508218, 
Chromsome [3]: (791.433333333)0.583223188581, -56.712122956, 395417.105183, 25.0014794948, 2709.69279266, 
Chromsome [4]: (791.433333333)0.583223188581, -56.712122956, 395417.105183, 25.0014794948, 2527.58855623, 
<------------ GEN 37--------------->
Chromsome [0]: (815.433333333)-8.77045778442, -21.7537416872, 66030.5700592, 2.48641251724, 2527.58855623, 
Chromsome [1]: (815.433333333)-44.1549908625, 81.0881924056, 132163.357057, 2.4814166223, 2897.34791901, 
Chromsome [2]: (812.5)0.583223188581, -56.712122956, 49732.3291391, 28.1004313183, 2860.54728965, 
Chromsome [3]: (812.5)0.583223188581, -35.0212070272, 110999.528638, 9.3214093206, 2527.58855623, 
Chromsome [4]: (812.5)0.583223188581, -29.3086871841, 155100.376229, 9.3214093206, 944.604734244, 
<------------ GEN 38--------------->
Chromsome [0]: (803.6)-16.2879686697, -29.3086871841, 155100.376229, 9.3214093206, 944.604734244, 
Chromsome [1]: (803.6)-8.77045778442, -21.7537416872, 66030.5700592, 2.48641251724, 2527.58855623, 
Chromsome [2]: (797.8)0.583223188581, -56.712122956, 6309.3271337, 2.4814166223, 2455.73240915, 
Chromsome [3]: (794.8)0.583223188581, 46.8187406203, 72278.3334469, 9.3214093206, 2527.58855623, 
Chromsome [4]: (794.8)0.583223188581, -85.7301137226, 17166.8147473, 20.6995103792, 543.893508218, 
<------------ GEN 39--------------->
Chromsome [0]: (831.066666667)-16.2879686697, -29.3086871841, 155100.376229, 9.3214093206, 944.604734244, 
Chromsome [1]: (807.0)0.583223188581, 86.157015018, 124259.716291, 21.017898373, 2897.34791901, 
Chromsome [2]: (807.0)0.583223188581, -35.0212070272, 104261.599755, 27.6320504959, 1980.53309194, 
Chromsome [3]: (807.0)0.583223188581, 21.5127401538, 17166.8147473, 16.9749727668, 543.893508218, 
Chromsome [4]: (807.0)0.583223188581, -69.3298099036, 124259.716291, 21.017898373, 1499.61514719, 
<------------ GEN 40--------------->
Chromsome [0]: (831.866666667)-61.5264457841, 3.87096563255, 52413.014094, 16.2488390257, 2713.30740912, 
Chromsome [1]: (831.866666667)-37.7401203416, -38.9202198205, 89661.6237785, 26.4569326753, 2527.58855623, 
Chromsome [2]: (831.866666667)-16.2879686697, -29.3086871841, 155100.376229, 9.3214093206, 944.604734244, 
Chromsome [3]: (818.366666667)0.583223188581, -35.0212070272, 36827.6161532, -7.35849574186, 1980.53309194, 
Chromsome [4]: (818.366666667)0.583223188581, -29.3086871841, 132032.283612, 19.8389520433, 503.680258851, 
<------------ GEN 41--------------->
Chromsome [0]: (818.833333333)-9.71044031247, -56.712122956, 36827.6161532, 7.35849574186, 1980.53309194, 
Chromsome [1]: (818.833333333)-61.5264457841, 3.87096563255, 52413.014094, 16.2488390257, 2713.30740912, 
Chromsome [2]: (797.833333333)0.583223188581, 41.9068944724, 6309.3271337, 2.4814166223, 2455.73240915, 
Chromsome [3]: (795.766666667)0.583223188581, -35.0212070272, 6309.3271337, 2.4814166223, 2455.73240915, 
Chromsome [4]: (794.8)0.665307786313, 6.69061511081, 33343.8807997, 29.6131790158, 543.893508218, 
<------------ GEN 42--------------->
Chromsome [0]: (808.9)-49.5203833813, 21.5127401538, 17166.8147473, 4.22517427375, 543.893508218, 
Chromsome [1]: (808.9)-9.71044031247, -56.712122956, 36827.6161532, 7.35849574186, 1980.53309194, 
Chromsome [2]: (795.433333333)0.665307786313, 6.69061511081, 33343.8807997, 29.6131790158, 1412.94933161, 
Chromsome [3]: (795.4)0.583223188581, 41.9068944724, 52413.014094, 16.2488390257, 2713.30740912, 
Chromsome [4]: (795.4)0.583223188581, -17.2461231114, 42268.2346013, 11.8486468359, 989.583794879, 
<------------ GEN 43--------------->
Chromsome [0]: (815.7)-49.5203833813, 21.5127401538, 17166.8147473, 4.22517427375, 543.893508218, 
Chromsome [1]: (812.8)0.665307786313, 6.69061511081, 33343.8807997, 19.4916296938, 1927.34996951, 
Chromsome [2]: (812.8)0.583223188581, -29.3086871841, 1380.6256302, 9.3214093206, 2051.75373761, 
Chromsome [3]: (812.766666667)0.583223188581, 26.2606917277, 6309.3271337, 25.1614246905, 2455.73240915, 
Chromsome [4]: (812.766666667)0.583223188581, -17.2461231114, 279066.794949, -11.1894755853, 989.583794879, 
<------------ GEN 44--------------->
Chromsome [0]: (808.0)-49.5203833813, 21.5127401538, 17166.8147473, 4.22517427375, 543.893508218, 
Chromsome [1]: (781.833333333)0.583223188581, -17.2461231114, 17166.8147473, 17.7009569871, 1551.7780281, 
Chromsome [2]: (781.6)0.583223188581, -10.3879704578, 119038.787363, 26.7759963919, 1555.50053564, 
Chromsome [3]: (781.566666667)0.583223188581, -17.2461231114, 121223.402781, 11.8486468359, 572.416909361, 
Chromsome [4]: (781.466666667)0.665307786313, 16.3976174604, 1380.6256302, 9.3214093206, 2051.75373761, 
<------------ GEN 45--------------->
Chromsome [0]: (811.333333333)-49.5203833813, 21.5127401538, 17166.8147473, 4.22517427375, 543.893508218, 
Chromsome [1]: (795.666666667)0.665307786313, 10.3499573508, 1380.6256302, 9.3214093206, 2051.75373761, 
Chromsome [2]: (795.5)0.583223188581, -10.3879704578, 36827.6161532, 29.928395658, 1302.55710622, 
Chromsome [3]: (795.266666667)0.583223188581, 26.2606917277, 6309.3271337, 16.4051285976, 2527.58855623, 
Chromsome [4]: (693.766666667)8.16567631063, -29.3086871841, 32751.7698836, 7.7370521838, 2590.65598055, 
<------------ GEN 46--------------->
Chromsome [0]: (797.733333333)-49.5203833813, 21.5127401538, 17166.8147473, 4.22517427375, 543.893508218, 
Chromsome [1]: (760.933333333)0.665307786313, 10.3499573508, 1380.6256302, 9.3214093206, 2527.58855623, 
Chromsome [2]: (760.766666667)0.583223188581, -10.3879704578, 36827.6161532, 29.928395658, 1302.55710622, 
Chromsome [3]: (760.733333333)0.583223188581, 26.2606917277, 93884.7128113, 16.4051285976, 2847.71622051, 
Chromsome [4]: (759.366666667)16.7272664195, -17.2461231114, -19135.3365665, -31.6621263835, 1555.50053564, 
<------------ GEN 47--------------->
Chromsome [0]: (804.766666667)-49.5203833813, 21.5127401538, 17166.8147473, 4.22517427375, 543.893508218, 
Chromsome [1]: (786.033333333)0.665307786313, 10.3499573508, 1380.6256302, 28.0028217512, 2429.62613216, 
Chromsome [2]: (786.033333333)0.665307786313, 10.3499573508, 39405.3144175, 5.3739297256, 1647.89988571, 
Chromsome [3]: (786.033333333)0.583223188581, -10.3879704578, 36827.6161532, 21.6772687622, 1302.55710622, 
Chromsome [4]: (785.133333333)0.583223188581, 26.2606917277, 93884.7128113, 21.3461863487, 989.583794879, 
<------------ GEN 48--------------->
Chromsome [0]: (817.133333333)-49.5203833813, 21.5127401538, 17166.8147473, 4.22517427375, 543.893508218, 
Chromsome [1]: (793.366666667)0.583223188581, -10.3879704578, 36827.6161532, 21.6772687622, 1302.55710622, 
Chromsome [2]: (793.066666667)0.583223188581, -76.8377184292, 17166.8147473, 8.04709607681, 543.893508218, 
Chromsome [3]: (791.733333333)0.665307786313, 10.3499573508, 39405.3144175, 5.3739297256, 1647.89988571, 
Chromsome [4]: (791.733333333)0.665307786313, 10.3499573508, 39405.3144175, 5.3739297256, 1647.89988571, 
<------------ GEN 49--------------->
Chromsome [0]: (816.166666667)0.583223188581, -76.8377184292, 1380.6256302, 1.20507087413, 896.693950661, 
Chromsome [1]: (814.933333333)-49.5203833813, 21.5127401538, 17166.8147473, 4.22517427375, 543.893508218, 
Chromsome [2]: (795.7)0.583223188581, -76.8377184292, 17166.8147473, 5.3739297256, 726.105553428, 
Chromsome [3]: (786.266666667)0.583223188581, -10.3879704578, 36827.6161532, 21.6772687622, 1302.55710622, 
Chromsome [4]: (782.033333333)0.665307786313, 10.3499573508, 39405.3144175, 8.04709607681, 543.893508218, 
<------------ GEN 50--------------->
Chromsome [0]: (815.666666667)0.583223188581, -76.8377184292, 1380.6256302, 1.20507087413, 896.693950661, 
Chromsome [1]: (796.166666667)0.583223188581, -179.659035581, 13573.3023836, 6.02565817699, 841.973297097, 
Chromsome [2]: (794.866666667)0.583223188581, -76.8377184292, 17166.8147473, 5.3739297256, 726.105553428, 
Chromsome [3]: (794.866666667)0.583223188581, -76.8377184292, 17166.8147473, 5.3739297256, 726.105553428, 
Chromsome [4]: (788.1)0.665307786313, 10.3499573508, 39405.3144175, 8.04709607681, 1083.46446017, 
<------------ GEN 51--------------->
Chromsome [0]: (809.2)0.583223188581, -76.8377184292, 1380.6256302, 1.20507087413, 896.693950661, 
Chromsome [1]: (797.233333333)0.583223188581, -76.8377184292, 17166.8147473, 1.20507087413, 896.693950661, 
Chromsome [2]: (793.266666667)0.583223188581, -0.340964419393, 66590.5130883, 24.2131319396, 776.714808885, 
Chromsome [3]: (793.166666667)0.583223188581, -76.8377184292, 1380.6256302, 5.3739297256, 726.105553428, 
Chromsome [4]: (789.033333333)0.665307786313, 10.3499573508, 71058.1289079, 29.803311504, 2877.55831975, 
<------------ GEN 52--------------->
Chromsome [0]: (813.366666667)0.583223188581, -76.8377184292, 1380.6256302, 1.20507087413, 896.693950661, 
Chromsome [1]: (795.1)0.583223188581, -0.340964419393, 66590.5130883, 24.2131319396, 896.693950661, 
Chromsome [2]: (795.1)0.583223188581, -7.29096540281, 89765.7888588, 6.49508720968, 1707.34121877, 
Chromsome [3]: (795.066666667)0.665307786313, 10.3499573508, 71058.1289079, 29.803311504, 896.693950661, 
Chromsome [4]: (795.066666667)0.665307786313, 10.3499573508, 17166.8147473, 5.44483023419, 911.002809349, 
<------------ GEN 53--------------->
Chromsome [0]: (800.133333333)0.583223188581, -76.8377184292, 1380.6256302, 1.20507087413, 896.693950661, 
Chromsome [1]: (797.266666667)0.583223188581, 66.6591951006, 1380.6256302, 1.20507087413, 2872.85221794, 
Chromsome [2]: (782.8)0.583223188581, -7.29096540281, 89765.7888588, 6.49508720968, 1707.34121877, 
Chromsome [3]: (782.8)0.583223188581, 10.3499573508, 71058.1289079, 29.803311504, 896.693950661, 
Chromsome [4]: (782.666666667)0.583223188581, -76.8377184292, 1380.6256302, 11.1878921595, 896.693950661, 
<------------ GEN 54--------------->
Chromsome [0]: (798.266666667)0.583223188581, -76.8377184292, 1380.6256302, 1.20507087413, 896.693950661, 
Chromsome [1]: (798.266666667)0.583223188581, -76.8377184292, 1380.6256302, 1.20507087413, 896.693950661, 
Chromsome [2]: (797.0)0.583223188581, 66.6591951006, 1380.6256302, 1.20507087413, 2872.85221794, 
Chromsome [3]: (786.3)0.583223188581, 66.6591951006, 1380.6256302, 1.27555700078, 543.893508218, 
Chromsome [4]: (779.033333333)0.583223188581, -7.29096540281, 151941.622981, 6.49508720968, 1707.34121877, 
<------------ GEN 55--------------->
Chromsome [0]: (797.566666667)0.583223188581, -73.9137627276, 1380.6256302, 1.20507087413, 2872.85221794, 
Chromsome [1]: (797.566666667)0.583223188581, -76.8377184292, 1380.6256302, 1.20507087413, 896.693950661, 
Chromsome [2]: (788.966666667)0.583223188581, -7.29096540281, 151941.622981, 30.3849915073, 1707.34121877, 
Chromsome [3]: (788.966666667)0.583223188581, 10.3499573508, 71058.1289079, 18.7139101681, 1394.90733381, 
Chromsome [4]: (788.733333333)0.665307786313, 29.1478765028, 39405.3144175, 2.17590494114, 1911.14655469, 
<------------ GEN 56--------------->
Chromsome [0]: (814.1)0.583223188581, -85.3742897284, 6123.40336881, 1.20507087413, 896.693950661, 
Chromsome [1]: (814.0)0.583223188581, -73.9137627276, 1380.6256302, 1.20507087413, 2320.94324588, 
Chromsome [2]: (814.0)0.583223188581, -73.9137627276, 1380.6256302, 1.20507087413, 2872.85221794, 
Chromsome [3]: (798.666666667)0.665307786313, 40.079295683, -126764.097735, 12.1306611013, 2897.7958556, 
Chromsome [4]: (794.733333333)0.583223188581, 10.3499573508, 71058.1289079, 18.7139101681, 3422.75935318, 
<------------ GEN 57--------------->
Chromsome [0]: (806.6)0.583223188581, -85.3742897284, 6123.40336881, 1.20507087413, 896.693950661, 
Chromsome [1]: (806.233333333)0.583223188581, -73.9137627276, 1380.6256302, 1.20507087413, 2872.85221794, 
Chromsome [2]: (806.233333333)0.583223188581, -73.9137627276, 1380.6256302, 1.20507087413, 2320.94324588, 
Chromsome [3]: (799.933333333)0.583223188581, -42.7493871619, 6123.40336881, 4.39278874925, 1042.06454903, 
Chromsome [4]: (795.333333333)0.665307786313, -11.2036195452, 92063.4038224, 14.8863358722, 2865.96291835, 
<------------ GEN 58--------------->
Chromsome [0]: (821.2)-47.2220126068, -11.2036195452, 71058.1289079, 6.25580761958, 650.282012319, 
Chromsome [1]: (821.2)-30.2677375958, -21.7537416872, 190136.999905, 5.36103482688, 1734.07374971, 
Chromsome [2]: (820.566666667)0.583223188581, -85.3742897284, 6123.40336881, 1.20507087413, 896.693950661, 
Chromsome [3]: (820.566666667)0.583223188581, -85.3742897284, 6123.40336881, 1.20507087413, 896.693950661, 
Chromsome [4]: (820.433333333)0.583223188581, -49.9743510409, 1380.6256302, 1.20507087413, 2872.85221794, 
<------------ GEN 59--------------->
Chromsome [0]: (836.566666667)-62.3412512849, -54.5043366135, 71058.1289079, 6.25580761958, 650.282012319, 
Chromsome [1]: (836.566666667)-47.2220126068, -11.2036195452, 71058.1289079, 6.25580761958, 650.282012319, 
Chromsome [2]: (836.0)0.583223188581, -85.3742897284, 6123.40336881, 1.20507087413, 896.693950661, 
Chromsome [3]: (821.233333333)0.583223188581, -45.4616583304, 6123.40336881, 4.39278874925, 1734.07374971, 
Chromsome [4]: (821.233333333)0.583223188581, -45.4616583304, 6123.40336881, 4.39278874925, 1042.06454903, 
<------------ GEN 60--------------->
Chromsome [0]: (832.633333333)-62.3412512849, -54.5043366135, 71058.1289079, 6.25580761958, 650.282012319, 
Chromsome [1]: (815.5)0.583223188581, 66.1384818205, 17166.8147473, 0.746562827892, 1496.81433709, 
Chromsome [2]: (802.2)0.583223188581, -45.4616583304, 6123.40336881, 18.1209673527, 1042.06454903, 
Chromsome [3]: (801.866666667)0.665307786313, 23.3434006436, 14162.3895155, 24.2131319396, 1891.62701975, 
Chromsome [4]: (799.533333333)0.583223188581, 20.8477956159, 76517.0855312, 15.2253458823, 982.897531809, 
<------------ GEN 61--------------->
Chromsome [0]: (834.1)-62.3412512849, -54.5043366135, 71058.1289079, 6.25580761958, 650.282012319, 
Chromsome [1]: (810.933333333)0.583223188581, 20.8477956159, 76517.0855312, 10.9219480449, 1015.77168248, 
Chromsome [2]: (810.533333333)0.583223188581, -45.4616583304, 6123.40336881, 22.3571198219, 969.852700122, 
Chromsome [3]: (810.0)0.665307786313, 23.3434006436, 14162.3895155, 24.2131319396, 1891.62701975, 
Chromsome [4]: (806.433333333)0.583223188581, -3.51195166204, 299824.333239, 20.81981656, 2865.96291835, 
<------------ GEN 62--------------->
Chromsome [0]: (830.2)-53.4743817935, -27.0397493623, 92063.4038224, 12.1292496091, 691.040673831, 
Chromsome [1]: (830.2)-62.3412512849, -54.5043366135, 71058.1289079, 6.25580761958, 650.282012319, 
Chromsome [2]: (793.433333333)0.583223188581, -10.7971820436, 174834.29355, 1.62959486315, 1616.87985659, 
Chromsome [3]: (793.433333333)0.583223188581, -3.51195166204, 60175.6667613, 6.25580761958, 650.282012319, 
Chromsome [4]: (793.4)0.583223188581, 15.0340983769, 61319.9787682, 25.7520207991, 2872.85221794, 
<------------ GEN 63--------------->
Chromsome [0]: (839.366666667)-41.457413536, -3.51195166204, 60175.6667613, 7.0179863167, 650.282012319, 
Chromsome [1]: (839.366666667)-53.4743817935, -27.0397493623, 92063.4038224, 12.1292496091, 691.040673831, 
Chromsome [2]: (823.933333333)0.583223188581, -10.7971820436, 174834.29355, 1.62959486315, 1069.85458732, 
Chromsome [3]: (823.9)0.583223188581, 15.0340983769, 61319.9787682, 25.7520207991, 2872.85221794, 
Chromsome [4]: (823.9)0.583223188581, 20.136112374, 143836.913875, 29.9014123273, 2931.05851374, 
<------------ GEN 64--------------->
Chromsome [0]: (820.6)-41.457413536, -3.51195166204, 60175.6667613, 7.0179863167, 650.282012319, 
Chromsome [1]: (806.0)0.583223188581, -177.140830496, 61319.9787682, 25.7520207991, 2872.85221794, 
Chromsome [2]: (794.133333333)0.665307786313, 23.3434006436, 113532.041459, 24.2131319396, 2050.5017719, 
Chromsome [3]: (794.133333333)0.583223188581, 20.136112374, 143836.913875, 29.9014123273, 2931.05851374, 
Chromsome [4]: (792.133333333)0.583223188581, -27.5425661273, 60175.6667613, 6.25580761958, 966.921305771, 
<------------ GEN 65--------------->
Chromsome [0]: (801.3)-39.2512765998, -4.92303310811, 143836.913875, 1.62959486315, 4304.23812077, 
Chromsome [1]: (801.3)-41.457413536, -3.51195166204, 60175.6667613, 7.0179863167, 650.282012319, 
Chromsome [2]: (786.566666667)0.583223188581, -45.2100589707, 34946.7601642, 1.20507087413, 2718.90983921, 
Chromsome [3]: (785.0)0.583223188581, -123.178545706, 12937.2411006, 12.1292496091, 691.040673831, 
Chromsome [4]: (783.9)0.583223188581, -2.85916950383, 61319.9787682, 25.7520207991, 552.728372726, 
<------------ GEN 66--------------->
Chromsome [0]: (811.633333333)-0.256381295133, -79.7407487178, 123002.561757, 20.4202965991, 2706.61659707, 
Chromsome [1]: (811.633333333)-39.2512765998, -4.92303310811, 143836.913875, 1.62959486315, 4304.23812077, 
Chromsome [2]: (782.366666667)0.583223188581, -114.33316412, 169753.524667, 18.9839744975, 650.282012319, 
Chromsome [3]: (769.133333333)0.583223188581, -2.85916950383, 61319.9787682, 25.7520207991, 2931.05851374, 
Chromsome [4]: (769.133333333)0.583223188581, -2.85916950383, 61319.9787682, 26.7371808619, 2396.07473342, 
<------------ GEN 67--------------->
Chromsome [0]: (799.5)-0.256381295133, -79.7407487178, 123002.561757, 20.4202965991, 2706.61659707, 
Chromsome [1]: (794.766666667)0.456381295133, 135.034163532, 123002.561757, 20.4202965991, 2706.61659707, 
Chromsome [2]: (786.966666667)0.583223188581, -56.8214542945, -14620.5462714, 19.6600152774, 2718.90983921, 
Chromsome [3]: (785.733333333)0.583223188581, -2.85916950383, 148034.995065, 25.7520207991, 2931.05851374, 
Chromsome [4]: (783.4)0.583223188581, 66.7928350457, 169753.524667, 27.7667241496, 3159.20030657, 
<------------ GEN 68--------------->
Chromsome [0]: (813.566666667)-51.3335489072, -50.6635085424, 92063.4038224, 1.79820476431, 1198.85006245, 
Chromsome [1]: (813.566666667)-0.256381295133, -79.7407487178, 123002.561757, 20.4202965991, 2706.61659707, 
Chromsome [2]: (804.966666667)0.583223188581, -2.85916950383, 130284.235856, 27.7667241496, 2840.79969343, 
Chromsome [3]: (804.866666667)0.583223188581, -10.4306719959, 15067.0783849, 22.2469332016, 2931.05851374, 
Chromsome [4]: (804.866666667)0.456381295133, -79.7407487178, 123002.561757, 20.4202965991, 2706.61659707, 
<------------ GEN 69--------------->
Chromsome [0]: (808.166666667)-27.6433149769, 23.3434006436, 113532.041459, 7.0179863167, 1171.34917741, 
Chromsome [1]: (808.166666667)-51.3335489072, -50.6635085424, 92063.4038224, 1.79820476431, 1198.85006245, 
Chromsome [2]: (802.433333333)0.583223188581, -2.85916950383, 130284.235856, 27.7667241496, 2840.79969343, 
Chromsome [3]: (802.366666667)0.456381295133, -79.7407487178, 123002.561757, 20.4202965991, 1695.76187923, 
Chromsome [4]: (802.366666667)0.583223188581, -10.4306719959, 15067.0783849, 22.2469332016, 691.040673831, 
<------------ GEN 70--------------->
Chromsome [0]: (821.366666667)-27.6433149769, 23.3434006436, 113532.041459, 7.0179863167, 1171.34917741, 
Chromsome [1]: (807.966666667)0.583223188581, -2.85916950383, 130284.235856, 27.7667241496, 513.161473354, 
Chromsome [2]: (807.933333333)0.456381295133, -79.7407487178, 123002.561757, 20.4202965991, 1695.76187923, 
Chromsome [3]: (807.933333333)0.456381295133, -79.7407487178, 152045.003173, 20.4202965991, 2706.61659707, 
Chromsome [4]: (807.933333333)0.456381295133, -10.4306719959, 15067.0783849, 22.2469332016, 691.040673831, 
<------------ GEN 71--------------->
Chromsome [0]: (826.633333333)-63.4217354923, -50.5093324862, 50125.4166105, 46.0349326117, 2931.05851374, 
Chromsome [1]: (826.633333333)-27.6433149769, 23.3434006436, 113532.041459, 7.0179863167, 1171.34917741, 
Chromsome [2]: (823.766666667)0.583223188581, -2.85916950383, 149816.242691, 27.7667241496, 513.161473354, 
Chromsome [3]: (823.733333333)0.456381295133, -79.7407487178, 123002.561757, 20.4202965991, 2847.49002575, 
Chromsome [4]: (823.733333333)0.456381295133, -10.4306719959, 15067.0783849, 22.2469332016, 691.040673831, 
<------------ GEN 72--------------->
Chromsome [0]: (831.5)-63.4217354923, -50.5093324862, 50125.4166105, 46.0349326117, 2931.05851374, 
Chromsome [1]: (818.1)0.583223188581, -2.85916950383, 149816.242691, 24.209834456, 596.260323734, 
Chromsome [2]: (818.066666667)0.456381295133, -18.5493122269, 123002.561757, 27.0417457972, 2847.49002575, 
Chromsome [3]: (818.066666667)0.456381295133, -79.7407487178, 123002.561757, 20.4202965991, 821.486070103, 
Chromsome [4]: (818.066666667)0.456381295133, -10.4306719959, 4915.50280132, 28.1242757977, 1690.77433307, 
<------------ GEN 73--------------->
Chromsome [0]: (827.7)-63.4217354923, -50.5093324862, 50125.4166105, 46.0349326117, 2931.05851374, 
Chromsome [1]: (800.9)0.583223188581, -2.85916950383, 87252.9552622, 24.209834456, 596.260323734, 
Chromsome [2]: (800.833333333)0.456381295133, -18.5493122269, 123002.561757, 27.0417457972, 2847.49002575, 
Chromsome [3]: (800.833333333)0.456381295133, -79.7407487178, 123002.561757, 25.3109810051, 2670.94838616, 
Chromsome [4]: (800.833333333)0.456381295133, -18.5493122269, 123002.561757, 23.2268360691, 2847.49002575, 
<------------ GEN 74--------------->
Chromsome [0]: (856.833333333)-75.6893196654, 44.5928709142, 158212.859972, 6.31028448965, 537.22987284, 
Chromsome [1]: (856.833333333)-63.4217354923, -50.5093324862, 50125.4166105, 46.0349326117, 2931.05851374, 
Chromsome [2]: (853.933333333)0.456381295133, -10.4306719959, 38788.7204474, 16.0231002032, 691.040673831, 
Chromsome [3]: (853.933333333)0.456381295133, 57.0905763789, 99181.5326977, 12.574096807, 2684.49780881, 
Chromsome [4]: (853.933333333)0.456381295133, 6.5544050912, 74119.9738876, 23.2170905682, 2706.61659707, 
<------------ GEN 75--------------->
Chromsome [0]: (848.766666667)-75.6893196654, 44.5928709142, 158212.859972, 6.31028448965, 537.22987284, 
Chromsome [1]: (839.666666667)0.583223188581, 44.2083913402, 35475.3037086, 1.46126665028, 1989.87793875, 
Chromsome [2]: (836.5)0.456381295133, 6.5544050912, 74119.9738876, 6.31028448965, 537.22987284, 
Chromsome [3]: (833.9)0.456381295133, -18.5493122269, 139587.068453, 27.0417457972, 2830.82752851, 
Chromsome [4]: (832.533333333)0.456381295133, 53.2629077521, 37091.4860179, 20.4202965991, 635.777945713, 
<------------ GEN 76--------------->
Chromsome [0]: (845.433333333)-75.6893196654, 44.5928709142, 158212.859972, 6.31028448965, 537.22987284, 
Chromsome [1]: (819.066666667)0.456381295133, 6.5544050912, 74119.9738876, 6.31028448965, 537.22987284, 
Chromsome [2]: (816.466666667)0.456381295133, -18.5493122269, 139587.068453, 14.8938364104, 2830.82752851, 
Chromsome [3]: (812.366666667)0.456381295133, 57.0905763789, 43267.2835535, 9.08691176534, 1530.58801056, 
Chromsome [4]: (811.3)0.456381295133, 53.2629077521, 90594.9443931, -19.8437536453, 991.364339188, 
<------------ GEN 77--------------->
Chromsome [0]: (823.933333333)-75.6893196654, 44.5928709142, 158212.859972, 6.31028448965, 537.22987284, 
Chromsome [1]: (802.166666667)0.456381295133, 1.40059609786, 90594.9443931, 12.7714732216, 1124.15556373, 
Chromsome [2]: (802.1)0.456381295133, 6.5544050912, 74119.9738876, 6.31028448965, 537.22987284, 
Chromsome [3]: (799.466666667)0.456381295133, -18.5493122269, 139587.068453, 4.85856872973, 2239.34124499, 
Chromsome [4]: (799.466666667)0.456381295133, -18.5493122269, 139587.068453, 14.8938364104, 2830.82752851, 
<------------ GEN 78--------------->
Chromsome [0]: (827.4)-75.6893196654, 44.5928709142, 158212.859972, 6.31028448965, 537.22987284, 
Chromsome [1]: (824.533333333)0.456381295133, 1.40059609786, 90594.9443931, 12.7714732216, 5454.97134593, 
Chromsome [2]: (824.5)0.456381295133, 6.5544050912, 74119.9738876, 6.31028448965, 537.22987284, 
Chromsome [3]: (824.5)0.583223188581, -11.9167959581, 87252.9552622, 6.56712474239, 654.992489983, 
Chromsome [4]: (824.5)0.456381295133, -5.60100446199, 139587.068453, 1.46126665028, 505.582900331, 
<------------ GEN 79--------------->
Chromsome [0]: (813.366666667)-75.6893196654, 44.5928709142, 158212.859972, 6.31028448965, 537.22987284, 
Chromsome [1]: (807.633333333)0.456381295133, 1.40059609786, 158212.859972, 6.31028448965, 537.22987284, 
Chromsome [2]: (807.566666667)0.583223188581, -7.76597233164, 144159.085218, 1.42952999056, 788.805266479, 
Chromsome [3]: (807.566666667)0.583223188581, -11.9167959581, 87252.9552622, 25.2966063763, 654.992489983, 
Chromsome [4]: (807.566666667)0.583223188581, -11.9167959581, 87252.9552622, 24.7298147293, 654.992489983, 
<------------ GEN 80--------------->
Chromsome [0]: (817.866666667)-75.6893196654, 44.5928709142, 158212.859972, 6.31028448965, 537.22987284, 
Chromsome [1]: (801.533333333)0.456381295133, -10.145797673, 54462.2643236, 6.31028448965, 537.22987284, 
Chromsome [2]: (801.5)0.583223188581, -11.9167959581, 87252.9552622, 24.7298147293, 654.992489983, 
Chromsome [3]: (801.5)0.583223188581, -7.76597233164, 139587.068453, 4.85856872973, 991.364339188, 
Chromsome [4]: (801.433333333)0.583223188581, 82.8911957096, 262139.414662, 25.2966063763, 654.992489983, 
<------------ GEN 81--------------->
Chromsome [0]: (816.566666667)-10.1054006213, 53.1133360515, 158212.859972, 6.31028448965, 537.22987284, 
Chromsome [1]: (816.566666667)-75.6893196654, 44.5928709142, 158212.859972, 6.31028448965, 537.22987284, 
Chromsome [2]: (779.166666667)0.456381295133, -10.145797673, 54462.2643236, 11.9799015274, 1964.18683892, 
Chromsome [3]: (768.8)0.583223188581, -13.8455307504, 99181.5326977, 6.31028448965, 2125.91347606, 
Chromsome [4]: (768.8)0.583223188581, -7.76597233164, 57522.493257, 4.85856872973, 3174.46640585, 
<------------ GEN 82--------------->
Chromsome [0]: (829.233333333)-10.1054006213, 53.1133360515, 158212.859972, 6.31028448965, 537.22987284, 
Chromsome [1]: (826.333333333)0.456381295133, -10.145797673, 129017.102313, 1.42533565585, 2072.93471448, 
Chromsome [2]: (816.066666667)0.583223188581, -13.8455307504, 99181.5326977, 16.6359625315, 1586.07462314, 
Chromsome [3]: (816.066666667)0.583223188581, -13.8455307504, 53603.8152457, 6.31028448965, 2125.91347606, 
Chromsome [4]: (816.033333333)0.583223188581, 41.1583833752, 157456.916534, 10.5567788944, 537.22987284, 
<------------ GEN 83--------------->
Chromsome [0]: (820.733333333)-10.1054006213, 53.1133360515, 158212.859972, 6.31028448965, 537.22987284, 
Chromsome [1]: (799.833333333)4.83471696395, 52.4786003145, 118869.897823, 24.7160770837, 2417.79596659, 
Chromsome [2]: (795.833333333)0.456381295133, -10.145797673, 129017.102313, 2.71665441276, 2072.93471448, 
Chromsome [3]: (787.8)4.83471696395, 41.1583833752, 102054.076132, 35.2545929823, 1964.18683892, 
Chromsome [4]: (785.066666667)0.583223188581, -13.8455307504, 261363.733073, 11.8537205161, 578.3868286, 
<------------ GEN 84--------------->
Chromsome [0]: (824.0)-10.1054006213, 53.1133360515, 158212.859972, 6.31028448965, 537.22987284, 
Chromsome [1]: (810.566666667)0.456381295133, -10.145797673, 175996.163274, 6.31028448965, 2125.91347606, 
Chromsome [2]: (803.933333333)0.583223188581, 36.9070815887, 61895.8045608, 27.0127147545, 2630.91770131, 
Chromsome [3]: (803.933333333)0.583223188581, 28.6701166594, 109338.268119, 26.5601069071, 1148.23732822, 
Chromsome [4]: (786.4)4.83471696395, -95.5569221652, 157626.907916, 6.31028448965, 2125.91347606, 
<------------ GEN 85--------------->
Chromsome [0]: (805.066666667)-38.4076324446, 44.5928709142, 32341.4939633, 12.4623925586, 1356.82667804, 
Chromsome [1]: (805.066666667)-10.1054006213, 53.1133360515, 158212.859972, 6.31028448965, 537.22987284, 
Chromsome [2]: (799.266666667)0.456381295133, -10.145797673, 175996.163274, 6.31028448965, 2125.91347606, 
Chromsome [3]: (787.566666667)0.583223188581, 36.9070815887, 61895.8045608, 16.9710629729, 2125.91347606, 
Chromsome [4]: (787.566666667)0.583223188581, 52.4786003145, 50533.896868, 31.6524715726, 3059.88266219, 
<------------ GEN 86--------------->
Chromsome [0]: (801.0)-38.4076324446, 44.5928709142, 32341.4939633, 12.4623925586, 1356.82667804, 
Chromsome [1]: (774.133333333)0.456381295133, 51.3385729246, 175996.163274, 29.7588058232, 980.900090888, 
Chromsome [2]: (762.2)0.583223188581, 28.6701166594, 109338.268119, 26.5601069071, 1148.23732822, 
Chromsome [3]: (762.2)0.583223188581, 52.4786003145, 125304.262824, 13.7111733947, 654.992489983, 
Chromsome [4]: (758.0)0.583223188581, 80.0919578786, 61895.8045608, 3.44992200272, 2692.47989493, 
<------------ GEN 87--------------->
Chromsome [0]: (808.133333333)-111.015259721, 25.6822581662, 90653.4511493, -4.46056232738, 916.091862199, 
Chromsome [1]: (808.133333333)-38.4076324446, 44.5928709142, 32341.4939633, 12.4623925586, 1356.82667804, 
Chromsome [2]: (794.7)0.456381295133, 49.5599261931, 175996.163274, 29.7588058232, 980.900090888, 
Chromsome [3]: (788.733333333)0.583223188581, 40.442622474, 109338.268119, 26.5601069071, 1148.23732822, 
Chromsome [4]: (788.733333333)0.583223188581, 28.6701166594, 109338.268119, 26.5601069071, 2634.98722089, 
<------------ GEN 88--------------->
Chromsome [0]: (795.4)-111.015259721, 25.6822581662, 90653.4511493, -4.46056232738, 916.091862199, 
Chromsome [1]: (789.6)0.456381295133, 36.9070815887, 146737.009644, 27.0127147545, 1777.78922069, 
Chromsome [2]: (783.5)0.583223188581, 73.9507578147, 61895.8045608, 21.9736605874, 2692.47989493, 
Chromsome [3]: (783.4)0.583223188581, 40.442622474, 68465.9997381, 25.2147892001, 1067.15255876, 
Chromsome [4]: (783.4)0.583223188581, 41.2619419622, 148903.348938, 23.2685221225, 930.620648102, 
<------------ GEN 89--------------->
Chromsome [0]: (823.0)-111.015259721, 25.6822581662, 90653.4511493, -4.46056232738, 916.091862199, 
Chromsome [1]: (798.866666667)0.583223188581, 1.31790117559, 101946.669957, 12.4623925586, 1356.82667804, 
Chromsome [2]: (798.8)0.456381295133, 36.9070815887, 146737.009644, 27.0127147545, 1777.78922069, 
Chromsome [3]: (798.7)0.583223188581, 28.6701166594, 109338.268119, 3.60175247357, 2607.4741112, 
Chromsome [4]: (798.7)0.583223188581, 73.9507578147, 61895.8045608, 21.9736605874, 1886.74418284, 
<------------ GEN 90--------------->
Chromsome [0]: (825.133333333)-12.5606744946, 28.6701166594, 109338.268119, 5.83905019128, 2607.4741112, 
Chromsome [1]: (825.133333333)-21.1263846315, 29.325031431, 129958.882284, 6.31028448965, 2214.68635949, 
Chromsome [2]: (825.133333333)-142.682038588, 7.77679621837, 90653.4511493, 4.46056232738, 1668.78699807, 
Chromsome [3]: (825.133333333)-111.015259721, 25.6822581662, 90653.4511493, -4.46056232738, 916.091862199, 
Chromsome [4]: (809.0)0.456381295133, 36.9070815887, 2442.10819585, 4.48383159297, 1148.23732822, 
<------------ GEN 91--------------->
Chromsome [0]: (837.533333333)-10.1248365308, 36.9070815887, 90653.4511493, 4.46056232738, 916.091862199, 
Chromsome [1]: (837.533333333)-12.5606744946, 28.6701166594, 109338.268119, 5.83905019128, 2607.4741112, 
Chromsome [2]: (826.233333333)0.456381295133, -200.074711348, 46177.7292703, 4.48383159297, 1989.38264277, 
Chromsome [3]: (814.666666667)0.456381295133, 36.9070815887, 2442.10819585, 4.46056232738, 699.689870385, 
Chromsome [4]: (814.5)0.583223188581, 73.9507578147, 109338.268119, 5.83905019128, 2791.39897102, 
<------------ GEN 92--------------->
Chromsome [0]: (826.2)-10.1248365308, 36.9070815887, 90653.4511493, 4.46056232738, 916.091862199, 
Chromsome [1]: (809.866666667)0.456381295133, 36.9070815887, 90653.4511493, 21.9515213907, 916.091862199, 
Chromsome [2]: (809.866666667)0.456381295133, 20.0747113478, 137804.330978, 26.4535962211, 1777.78922069, 
Chromsome [3]: (809.866666667)0.456381295133, 20.0747113478, 46177.7292703, 47.8577241618, -488.219191925, 
Chromsome [4]: (809.766666667)0.583223188581, 25.6822581662, 61895.8045608, 1.85877513654, 1506.69835011, 
<------------ GEN 93--------------->
Chromsome [0]: (825.8)-25.5924639744, -12.0893462792, 90653.4511493, 11.7749587382, 1329.01982484, 
Chromsome [1]: (825.8)-10.1248365308, 36.9070815887, 90653.4511493, 4.46056232738, 916.091862199, 
Chromsome [2]: (822.9)0.456381295133, -29.6330194636, 90653.4511493, 21.9515213907, 1506.69835011, 
Chromsome [3]: (822.9)0.456381295133, -27.5205207426, 137804.330978, 26.4535962211, 1777.78922069, 
Chromsome [4]: (822.9)0.456381295133, 20.0747113478, 46177.7292703, 18.9497488711, 2403.25711498, 
<------------ GEN 94--------------->
Chromsome [0]: (837.466666667)-25.5924639744, -12.0893462792, 90653.4511493, 11.7749587382, 1329.01982484, 
Chromsome [1]: (827.966666667)0.456381295133, -6.48523309502, -35510.0585685, 21.9515213907, 1506.69835011, 
Chromsome [2]: (824.033333333)0.456381295133, -27.5205207426, 137804.330978, 4.32399101906, 1989.38264277, 
Chromsome [3]: (823.966666667)0.583223188581, 36.9070815887, 90653.4511493, 67.436112628, 916.091862199, 
Chromsome [4]: (822.9)4.83471696395, 63.0047922156, 117456.872048, 12.2537133897, 2443.79568904, 
<------------ GEN 95--------------->
Chromsome [0]: (859.1)-45.3131475404, 0.570015650625, 61895.8045608, 26.4535962211, 1639.83967047, 
Chromsome [1]: (859.1)-25.5924639744, -12.0893462792, 90653.4511493, 11.7749587382, 1329.01982484, 
Chromsome [2]: (849.833333333)0.456381295133, -6.48523309502, 35510.0585685, 21.9515213907, 1506.69835011, 
Chromsome [3]: (849.766666667)0.583223188581, -27.5205207426, 137804.330978, 4.32399101906, 1989.38264277, 
Chromsome [4]: (849.033333333)0.456381295133, 36.9070815887, 90653.4511493, -7.436112628, 916.091862199, 
<------------ GEN 96--------------->
Chromsome [0]: (853.5)-45.3131475404, 0.570015650625, 61895.8045608, 26.4535962211, 1639.83967047, 
Chromsome [1]: (838.8)4.83471696395, -64.5995407953, 175682.036992, 2.86994917706, 2405.74047609, 
Chromsome [2]: (838.8)4.83471696395, 63.0047922156, 175682.036992, 2.86994917706, 2406.17701297, 
Chromsome [3]: (838.8)4.83471696395, -84.1370243969, 175682.036992, 25.0929946302, 588.585533079, 
Chromsome [4]: (829.533333333)0.456381295133, 36.9070815887, 90653.4511493, 7.436112628, 585.220350924, 
<------------ GEN 97--------------->
Chromsome [0]: (842.833333333)-45.3131475404, 0.570015650625, 61895.8045608, 26.4535962211, 1639.83967047, 
Chromsome [1]: (829.4)0.456381295133, 63.0047922156, 117456.872048, 13.9486595759, 2726.80385826, 
Chromsome [2]: (829.4)0.456381295133, 36.9070815887, 9407.3084829, 7.436112628, 814.502658349, 
Chromsome [3]: (829.4)0.456381295133, -6.48523309502, 35510.0585685, 16.6021269128, 2405.74047609, 
Chromsome [4]: (829.333333333)0.583223188581, -27.5205207426, 137804.330978, 27.5549410005, 1989.38264277, 
<------------ GEN 98--------------->
Chromsome [0]: (839.633333333)-45.3131475404, 0.570015650625, 61895.8045608, 26.4535962211, 1639.83967047, 
Chromsome [1]: (826.2)0.456381295133, 6.5174780106, 117456.872048, 13.9486595759, 2406.17701297, 
Chromsome [2]: (826.2)0.583223188581, 5.10793541489, 175682.036992, 25.0929946302, 588.585533079, 
Chromsome [3]: (826.2)0.456381295133, 36.9070815887, 257936.725935, 7.436112628, 814.502658349, 
Chromsome [4]: (826.2)0.456381295133, -6.48523309502, 35510.0585685, 16.6021269128, 2405.74047609, 
<------------ GEN 99--------------->
Chromsome [0]: (848.533333333)-45.3131475404, 0.570015650625, 61895.8045608, 26.4535962211, 1639.83967047, 
Chromsome [1]: (845.633333333)0.456381295133, -20.5835414198, 96115.3859371, 21.9515213907, 1280.80724633, 
Chromsome [2]: (845.633333333)0.456381295133, 6.5174780106, 143424.54452, 5.83905019128, 1531.03125626, 
Chromsome [3]: (845.633333333)0.456381295133, 37.6530383124, 167918.627286, 7.436112628, 1809.49083141, 
Chromsome [4]: (829.6)4.83471696395, -89.5965418794, 83596.9035219, 8.54838255382, 1499.05908612, 
<------------ GEN 100--------------->
Chromsome [0]: (853.133333333)-45.3131475404, 0.570015650625, 61895.8045608, 26.4535962211, 1639.83967047, 
Chromsome [1]: (839.7)0.456381295133, -20.5835414198, 96115.3859371, 21.9515213907, 1280.80724633, 
Chromsome [2]: (839.7)0.456381295133, -20.5835414198, 96115.3859371, 21.9515213907, 1280.80724633, 
Chromsome [3]: (839.7)0.456381295133, 6.5174780106, 143424.54452, 5.83905019128, 1531.03125626, 
Chromsome [4]: (831.133333333)4.83471696395, -55.0125149959, 83596.9035219, 2.86994917706, 2667.5251166, 
