<------------ GEN 1--------------->
Chromsome [0]: (811.333333333)1.400353242, -60.530912045, 38368.0060324, 10.5990863384, 652.048048257, 
Chromsome [1]: (796.733333333)2.06628252061, 9.69977087114, 67998.7618202, 3.35974677204, 2499.86059375, 
Chromsome [2]: (736.6)10.1290708724, -76.4540785538, 144976.621762, 11.8518326381, 2977.14288448, 
Chromsome [3]: (728.666666667)15.0436709033, -0.227715920077, 46785.6016242, 6.23703833811, 595.056393977, 
Chromsome [4]: (728.066666667)18.0895346161, 84.3977989566, 15263.0515725, 1.89775686392, 1622.49398778, 
<------------ GEN 2--------------->
Chromsome [0]: (785.2)1.400353242, -60.530912045, 38368.0060324, 4.67581507663, 802.024458915, 
Chromsome [1]: (783.466666667)1.400353242, -60.530912045, 38368.0060324, 10.5990863384, 652.048048257, 
Chromsome [2]: (781.933333333)2.06628252061, 9.69977087114, 139197.926966, 10.8571734903, 2228.13903198, 
Chromsome [3]: (767.3)3.56561556986, -60.530912045, 38368.0060324, 10.5990863384, 652.048048257, 
Chromsome [4]: (762.0)7.93032675892, 28.7186613689, 81435.7697942, 0.346124310945, 584.591460574, 
<------------ GEN 3--------------->
Chromsome [0]: (829.933333333)-4.86724925227, -45.4986450854, 38368.0060324, 4.67581507663, 802.024458915, 
Chromsome [1]: (792.966666667)1.400353242, -60.530912045, 38368.0060324, 4.67581507663, 802.024458915, 
Chromsome [2]: (786.266666667)1.400353242, 333.814148684, 38368.0060324, 10.5990863384, 652.048048257, 
Chromsome [3]: (781.1)3.56561556986, -60.530912045, 38368.0060324, 1.33367085914, 3263.3801334, 
Chromsome [4]: (779.166666667)2.06628252061, 73.0058304588, 86685.8261981, 6.22615878219, 1938.24047405, 
<------------ GEN 4--------------->
Chromsome [0]: (819.8)-9.12983482572, 12.1842148366, 37127.736267, 29.8080580805, 693.15575069, 
Chromsome [1]: (819.8)-4.86724925227, -45.4986450854, 38368.0060324, 4.67581507663, 802.024458915, 
Chromsome [2]: (789.933333333)1.400353242, -153.814148684, 38368.0060324, 10.5990863384, 652.048048257, 
Chromsome [3]: (787.266666667)1.400353242, -60.530912045, 38368.0060324, 4.67581507663, 5677.84480464, 
Chromsome [4]: (779.933333333)3.56561556986, -82.2382595444, 38368.0060324, 1.33367085914, 2736.6198666, 
<------------ GEN 5--------------->
Chromsome [0]: (815.6)-9.12983482572, 12.1842148366, 37127.736267, 29.8080580805, 693.15575069, 
Chromsome [1]: (791.933333333)1.400353242, -80.0440647552, 15263.0515725, 16.3339714238, 1351.22298265, 
Chromsome [2]: (788.466666667)5.06724925227, -45.4986450854, 116318.204601, 26.0747265473, 640.746293317, 
Chromsome [3]: (788.166666667)1.400353242, 61.2177689771, 139197.926966, 10.8571734903, 1865.55013481, 
Chromsome [4]: (786.533333333)2.06628252061, 73.0058304588, 86054.3942407, 20.7914287289, 2033.99827955, 
<------------ GEN 6--------------->
Chromsome [0]: (825.033333333)-9.12983482572, 12.1842148366, 37127.736267, 29.8080580805, 693.15575069, 
Chromsome [1]: (802.633333333)1.400353242, 61.2177689771, -139653.643761, 10.8571734903, 693.15575069, 
Chromsome [2]: (801.6)1.400353242, -80.0440647552, 15263.0515725, 4.62647529123, 1443.12684459, 
Chromsome [3]: (799.866666667)2.06628252061, 73.0058304588, 86054.3942407, 20.7914287289, 802.024458915, 
Chromsome [4]: (797.933333333)5.06724925227, -45.4986450854, 108105.019992, 14.6852836079, 2735.95891558, 
<------------ GEN 7--------------->
Chromsome [0]: (820.633333333)-9.12983482572, 12.1842148366, 37127.736267, 29.8080580805, 693.15575069, 
Chromsome [1]: (798.633333333)5.06724925227, -45.4986450854, 108105.019992, 14.6852836079, 2735.95891558, 
Chromsome [2]: (790.1)2.06628252061, 73.0058304588, 86054.3942407, 20.7914287289, 802.024458915, 
Chromsome [3]: (789.233333333)1.400353242, 61.2177689771, 139653.643761, 10.8571734903, 2822.15151648, 
Chromsome [4]: (787.166666667)1.400353242, 29.5701248025, 63206.8282471, 0.364395646894, 2542.795077, 
<------------ GEN 8--------------->
Chromsome [0]: (818.166666667)-60.4568126238, -71.2356891208, 63206.8282471, 15.1556615129, 2038.59368533, 
Chromsome [1]: (818.166666667)-9.12983482572, 12.1842148366, 37127.736267, 29.8080580805, 693.15575069, 
Chromsome [2]: (799.666666667)5.06724925227, -45.4986450854, 108105.019992, 19.1663945046, 584.591460574, 
Chromsome [3]: (792.133333333)2.06628252061, 73.0058304588, 126286.583186, 0.415744869369, 640.746293317, 
Chromsome [4]: (791.066666667)1.400353242, 61.2177689771, 116380.994122, 28.7809683827, 2658.23170235, 
<------------ GEN 9--------------->
Chromsome [0]: (812.5)-72.5765898565, 28.7186613689, 126286.583186, 0.415744869369, 640.746293317, 
Chromsome [1]: (812.5)-60.4568126238, -71.2356891208, 63206.8282471, 15.1556615129, 2038.59368533, 
Chromsome [2]: (775.933333333)1.400353242, 28.7186613689, 22435.772129, 15.974857838, 2677.43688064, 
Chromsome [3]: (768.6)1.400353242, 60.354243084, 108105.019992, 19.1663945046, 584.591460574, 
Chromsome [4]: (764.1)1.400353242, -69.802283945, 126286.583186, 0.415744869369, 640.746293317, 
<------------ GEN 10--------------->
Chromsome [0]: (820.8)-3.91517271222, 53.832605858, 72139.0833853, 7.92399588358, 1589.12326733, 
Chromsome [1]: (820.8)-72.5765898565, 28.7186613689, 126286.583186, 0.415744869369, 640.746293317, 
Chromsome [2]: (776.066666667)1.400353242, 28.7186613689, 22435.772129, 15.974857838, 2677.43688064, 
Chromsome [3]: (775.466666667)2.06628252061, -22.5519629791, 5579.51592216, 10.8571734903, 652.048048257, 
Chromsome [4]: (772.4)1.400353242, 60.354243084, 108105.019992, 19.1663945046, 584.591460574, 
<------------ GEN 11--------------->
Chromsome [0]: (832.633333333)-3.91517271222, 53.832605858, 72139.0833853, 7.92399588358, 1589.12326733, 
Chromsome [1]: (783.233333333)1.400353242, 28.7186613689, 22435.772129, 15.974857838, 2735.95891558, 
Chromsome [2]: (781.833333333)1.400353242, 28.7186613689, 126286.583186, 15.6587546296, 640.746293317, 
Chromsome [3]: (775.133333333)1.400353242, 60.354243084, 108105.019992, 19.1663945046, 584.591460574, 
Chromsome [4]: (775.133333333)1.400353242, 60.354243084, 138290.197633, 19.1663945046, 584.591460574, 
<------------ GEN 12--------------->
Chromsome [0]: (819.7)-3.91517271222, 53.832605858, 72139.0833853, 7.92399588358, 1589.12326733, 
Chromsome [1]: (770.8)1.400353242, 28.7186613689, 22435.772129, 15.974857838, 2735.95891558, 
Chromsome [2]: (770.8)1.400353242, 28.7186613689, 22435.772129, 14.1214514871, 802.024458915, 
Chromsome [3]: (770.033333333)1.400353242, 28.7186613689, 126286.583186, 15.6587546296, 1446.03690036, 
Chromsome [4]: (763.033333333)1.400353242, -0.84385502852, 138290.197633, 19.1663945046, 584.591460574, 
<------------ GEN 13--------------->
Chromsome [0]: (827.666666667)-3.91517271222, 53.832605858, 72139.0833853, 7.92399588358, 1589.12326733, 
Chromsome [1]: (801.9)1.400353242, 179.51793112, 30651.1188146, 19.1663945046, 629.607311377, 
Chromsome [2]: (801.166666667)1.400353242, -158.074004395, 36920.4585402, 15.1556615129, 2350.19703079, 
Chromsome [3]: (792.333333333)1.400353242, 28.7186613689, 126286.583186, 15.6587546296, 1446.03690036, 
Chromsome [4]: (791.666666667)1.400353242, 28.7186613689, 22435.772129, 15.974857838, 2735.95891558, 
<------------ GEN 14--------------->
Chromsome [0]: (827.566666667)-3.91517271222, 53.832605858, 72139.0833853, 7.92399588358, 1589.12326733, 
Chromsome [1]: (787.533333333)1.400353242, 178.025348128, 36920.4585402, 15.1556615129, 3435.55378568, 
Chromsome [2]: (782.733333333)4.11517271222, 53.832605858, 5579.51592216, 24.0093995365, 2522.11220585, 
Chromsome [3]: (777.9)1.400353242, 28.7186613689, 22435.772129, 15.974857838, 2735.95891558, 
Chromsome [4]: (777.033333333)1.400353242, -0.84385502852, 142141.967094, 19.1663945046, 1006.81260284, 
<------------ GEN 15--------------->
Chromsome [0]: (821.433333333)-1.67201077481, 34.5761218676, 120083.75138, 15.9101516162, 2134.39650852, 
Chromsome [1]: (821.433333333)-3.91517271222, 53.832605858, 72139.0833853, 7.92399588358, 1589.12326733, 
Chromsome [2]: (777.966666667)4.86265130051, -81.1085723903, 83118.4815035, 24.0093995365, 640.746293317, 
Chromsome [3]: (775.633333333)1.400353242, -0.84385502852, 72139.0833853, 7.92399588358, 1643.79201912, 
Chromsome [4]: (774.866666667)1.400353242, -0.84385502852, 142141.967094, 19.1663945046, 1821.72953065, 
<------------ GEN 16--------------->
Chromsome [0]: (808.566666667)-1.67201077481, 34.5761218676, 120083.75138, 15.9101516162, 2134.39650852, 
Chromsome [1]: (782.066666667)4.86265130051, -81.1085723903, 83118.4815035, 24.0093995365, 640.746293317, 
Chromsome [2]: (763.9)4.11517271222, 0.482068880147, 30651.1188146, 13.0756740665, 565.3096062, 
Chromsome [3]: (758.366666667)1.87201077481, 34.5761218676, 126286.583186, 24.5196863293, 790.16282799, 
Chromsome [4]: (754.966666667)1.400353242, 1.97465187235, 36920.4585402, 15.1556615129, 2564.44621432, 
<------------ GEN 17--------------->
Chromsome [0]: (828.3)-1.67201077481, 34.5761218676, 120083.75138, 15.9101516162, 2134.39650852, 
Chromsome [1]: (814.7)4.86265130051, -81.1085723903, 83118.4815035, 24.0093995365, 640.746293317, 
Chromsome [2]: (802.133333333)4.11517271222, 0.482068880147, 30651.1188146, 13.0756740665, 565.3096062, 
Chromsome [3]: (799.8)1.82351837518, -0.84385502852, 72139.0833853, 7.92399588358, 1006.81260284, 
Chromsome [4]: (797.733333333)4.11517271222, 14.5199881613, 72139.0833853, 7.92399588358, 2106.72835043, 
<------------ GEN 18--------------->
Chromsome [0]: (836.0)-1.67201077481, 34.5761218676, 120083.75138, 15.9101516162, 2134.39650852, 
Chromsome [1]: (825.233333333)3.58340323185, 267.380667347, 5081.93147391, 25.2462918229, 2564.44621432, 
Chromsome [2]: (824.033333333)4.41662094068, -29.3100351577, 2011.57313452, 15.5891058449, 1589.12326733, 
Chromsome [3]: (821.366666667)4.86265130051, -65.4279269107, -196000.786484, 11.4603781143, 745.756793544, 
Chromsome [4]: (821.366666667)1.87201077481, -39.1005972113, -30473.030288, 8.91380557319, 1643.79201912, 
<------------ GEN 19--------------->
Chromsome [0]: (819.1)-1.67201077481, 34.5761218676, 120083.75138, 15.9101516162, 2134.39650852, 
Chromsome [1]: (803.033333333)4.11517271222, -86.4412422628, 120083.75138, 15.9101516162, 2134.39650852, 
Chromsome [2]: (803.033333333)4.11517271222, -88.9487560725, 72139.0833853, 15.6587546296, 2163.45635585, 
Chromsome [3]: (801.833333333)4.41662094068, -29.3100351577, 2011.57313452, 15.5891058449, 1589.12326733, 
Chromsome [4]: (788.0)1.82351837518, -0.84385502852, 72139.0833853, 15.1098017315, 2178.63610934, 
<------------ GEN 20--------------->
Chromsome [0]: (798.933333333)-1.67201077481, 34.5761218676, 120083.75138, 15.9101516162, 2134.39650852, 
Chromsome [1]: (771.733333333)4.11517271222, -65.4279269107, 163999.213516, 11.4603781143, 745.756793544, 
Chromsome [2]: (758.666666667)1.82351837518, -0.84385502852, 53551.7215025, 19.1663945046, 1821.72953065, 
Chromsome [3]: (757.666666667)4.11517271222, 0.482068880147, 83118.4815035, 24.0093995365, 1108.18985745, 
Chromsome [4]: (753.333333333)1.87201077481, 0.482068880147, 72139.0833853, 12.488380207, 2669.65357164, 
<------------ GEN 21--------------->
Chromsome [0]: (809.5)-79.3386802657, -76.498865214, 126286.583186, 7.12467846885, 2926.51778029, 
Chromsome [1]: (809.5)-1.67201077481, 34.5761218676, 120083.75138, 15.9101516162, 2134.39650852, 
Chromsome [2]: (782.6)1.82351837518, -0.84385502852, -1036.97309721, 19.1663945046, 1821.72953065, 
Chromsome [3]: (773.833333333)4.11517271222, -65.4279269107, 163999.213516, 15.9101516162, 2608.04539743, 
Chromsome [4]: (773.833333333)4.11517271222, -65.4279269107, 33459.1913133, 3.86312230459, 2163.45635585, 
<------------ GEN 22--------------->
Chromsome [0]: (802.333333333)-79.3386802657, -76.498865214, 126286.583186, 7.12467846885, 2926.51778029, 
Chromsome [1]: (772.9)1.82351837518, -0.84385502852, 1036.97309721, 12.4568223648, 2906.30907551, 
Chromsome [2]: (751.766666667)4.11517271222, -72.7505763995, 90869.3795872, 15.9101516162, 1304.4991719, 
Chromsome [3]: (750.9)4.11517271222, 70.6882198465, 163999.213516, 3.86312230459, 2163.45635585, 
Chromsome [4]: (750.3)1.87201077481, 0.482068880147, 72139.0833853, 8.91380557319, 629.607311377, 
<------------ GEN 23--------------->
Chromsome [0]: (815.066666667)-79.3386802657, -76.498865214, 126286.583186, 7.12467846885, 2926.51778029, 
Chromsome [1]: (789.833333333)1.82351837518, -0.84385502852, 1036.97309721, 15.9101516162, 2134.39650852, 
Chromsome [2]: (775.133333333)1.87201077481, -23.2222747683, 120449.99502, 15.9101516162, 1817.58742741, 
Chromsome [3]: (775.0)1.82351837518, 50.3293397046, 1036.97309721, 12.4568223648, 2906.30907551, 
Chromsome [4]: (772.766666667)4.11517271222, -85.6015900919, 72139.0833853, 15.6587546296, 1454.28800582, 
<------------ GEN 24--------------->
Chromsome [0]: (819.233333333)-79.3386802657, -76.498865214, 126286.583186, 7.12467846885, 2926.51778029, 
Chromsome [1]: (794.366666667)1.82351837518, -0.84385502852, 120449.99502, 15.9101516162, 1817.58742741, 
Chromsome [2]: (789.066666667)1.87201077481, -18.795243891, 67331.54366, 7.32473710642, 745.756793544, 
Chromsome [3]: (788.966666667)1.87201077481, -23.2222747683, 1036.97309721, 15.9101516162, 2134.39650852, 
Chromsome [4]: (788.833333333)1.87201077481, -235.331352299, 1036.97309721, 5.54829139847, 2906.30907551, 
<------------ GEN 25--------------->
Chromsome [0]: (824.733333333)-52.873197244, 11.0462006638, 20783.1181057, 13.138444583, 1454.28800582, 
Chromsome [1]: (824.733333333)-5.42942337355, 9.00848588257, 21164.2482323, 8.91380557319, 1058.90009449, 
Chromsome [2]: (824.733333333)-79.3386802657, -76.498865214, 126286.583186, 7.12467846885, 2926.51778029, 
Chromsome [3]: (794.766666667)1.82351837518, -0.84385502852, 161124.88933, 15.9101516162, 2981.51079552, 
Chromsome [4]: (792.966666667)4.11517271222, -85.6015900919, 171009.700171, 55.528893318, 1666.55287715, 
<------------ GEN 26--------------->
Chromsome [0]: (846.633333333)-52.873197244, 11.0462006638, 20783.1181057, 13.138444583, 1454.28800582, 
Chromsome [1]: (826.6)1.82351837518, 55.3313522985, 6382.19448393, 5.54829139847, 2906.30907551, 
Chromsome [2]: (823.6)4.11517271222, -79.3320232186, 78375.1178259, 0.689482443707, 2166.55202002, 
Chromsome [3]: (823.433333333)1.400353242, 53.4372024827, 167201.293492, 24.5738162328, 2765.87781811, 
Chromsome [4]: (823.433333333)1.400353242, 53.4372024827, 167201.293492, 24.0401239028, 1553.63825112, 
<------------ GEN 27--------------->
Chromsome [0]: (852.9)-52.873197244, 11.0462006638, 20783.1181057, 13.138444583, 1454.28800582, 
Chromsome [1]: (833.8)1.400353242, -17.8640355501, 126286.583186, 1.20121216811, 2926.51778029, 
Chromsome [2]: (832.8)1.82351837518, 55.3313522985, 6382.19448393, 10.7087727853, 1872.29748446, 
Chromsome [3]: (831.866666667)5.62942337355, 29.19260568, 10549.4978287, 15.6587546296, 1454.28800582, 
Chromsome [4]: (829.8)4.11517271222, -79.3320232186, 78375.1178259, 28.4901190972, 2304.55167902, 
<------------ GEN 28--------------->
Chromsome [0]: (841.7)-52.873197244, 11.0462006638, 20783.1181057, 13.138444583, 1454.28800582, 
Chromsome [1]: (839.066666667)1.82351837518, 55.3313522985, 6382.19448393, -36.1523863135, 2102.37795821, 
Chromsome [2]: (828.166666667)1.400353242, -49.7615029296, 126286.583186, 1.20121216811, 682.685061814, 
Chromsome [3]: (828.166666667)1.400353242, 53.4372024827, 167201.293492, 24.0401239028, 1553.63825112, 
Chromsome [4]: (828.166666667)1.400353242, 53.4372024827, 167201.293492, 24.0401239028, 2622.08146812, 
<------------ GEN 29--------------->
Chromsome [0]: (856.4)-52.873197244, 11.0462006638, 20783.1181057, 13.138444583, 1454.28800582, 
Chromsome [1]: (851.9)5.62942337355, 29.19260568, 10549.4978287, 3.96891216494, 1145.33410021, 
Chromsome [2]: (851.9)5.62942337355, 29.19260568, 10549.4978287, 15.6587546296, 1454.28800582, 
Chromsome [3]: (839.7)4.11517271222, -76.498865214, 167201.293492, 15.4664096438, -893.931306969, 
Chromsome [4]: (839.7)4.11517271222, -76.498865214, 177360.579053, 6.0817349592, 646.269735189, 
<------------ GEN 30--------------->
Chromsome [0]: (843.933333333)-52.873197244, 11.0462006638, 20783.1181057, 13.138444583, 1454.28800582, 
Chromsome [1]: (825.6)4.11517271222, -79.3320232186, 78375.1178259, 20.4507014289, 1454.28800582, 
Chromsome [2]: (823.6)4.11517271222, -292.921189209, 126286.583186, 15.5766397787, 2926.51778029, 
Chromsome [3]: (815.833333333)5.62942337355, 29.19260568, 10549.4978287, 21.8711215695, 2713.49176587, 
Chromsome [4]: (812.133333333)5.62942337355, 53.4372024827, 177360.579053, 10.1987191762, 1836.96269957, 
<------------ GEN 31--------------->
Chromsome [0]: (851.433333333)-87.9097211238, 71.5299639011, 126286.583186, 15.5766397787, 2926.51778029, 
Chromsome [1]: (851.433333333)-47.102085413, 53.4372024827, 78368.785198, 29.2945520584, 1145.33410021, 
Chromsome [2]: (851.433333333)-52.873197244, 11.0462006638, 20783.1181057, 13.138444583, 1454.28800582, 
Chromsome [3]: (824.166666667)4.11517271222, -79.3320232186, 78375.1178259, 20.4507014289, 1454.28800582, 
Chromsome [4]: (824.166666667)4.11517271222, -79.3320232186, 78375.1178259, 20.4507014289, 1513.793928, 
<------------ GEN 32--------------->
Chromsome [0]: (857.033333333)-87.9097211238, 71.5299639011, 126286.583186, 15.5766397787, 2926.51778029, 
Chromsome [1]: (839.4)4.11517271222, -79.3320232186, 15692.1080175, 4.04035771386, 1540.9272838, 
Chromsome [2]: (825.833333333)5.62942337355, -66.6000485458, 177360.579053, 71.3825707735, 1836.96269957, 
Chromsome [3]: (825.766666667)5.62942337355, 29.19260568, 10549.4978287, 28.0880510342, 2169.70556367, 
Chromsome [4]: (823.133333333)1.82351837518, 11.0462006638, 20783.1181057, 28.0880510342, 2676.70037639, 
<------------ GEN 33--------------->
Chromsome [0]: (824.133333333)-87.9097211238, 71.5299639011, 126286.583186, 15.5766397787, 2926.51778029, 
Chromsome [1]: (812.333333333)5.62942337355, 29.19260568, 20783.1181057, 28.0880510342, 2676.70037639, 
Chromsome [2]: (812.333333333)5.62942337355, 29.19260568, 81508.48427, 10.7614624789, 1016.36374974, 
Chromsome [3]: (795.333333333)4.11517271222, -79.3320232186, 15692.1080175, 26.7397592284, 1454.28800582, 
Chromsome [4]: (793.7)5.62942337355, -183.584338301, 177360.579053, -11.3825707735, 2102.37795821, 
<------------ GEN 34--------------->
Chromsome [0]: (819.733333333)-87.9097211238, 71.5299639011, 126286.583186, 15.5766397787, 2926.51778029, 
Chromsome [1]: (781.566666667)4.11517271222, -79.3320232186, 15692.1080175, 26.7397592284, 1454.28800582, 
Chromsome [2]: (773.466666667)1.82351837518, 11.0462006638, 20783.1181057, 0.0531352999238, 1454.28800582, 
Chromsome [3]: (773.466666667)1.82351837518, 223.566423343, 170042.583311, 33.0515296653, 1540.9272838, 
Chromsome [4]: (771.066666667)0.690212090304, -65.2843747859, 128201.617387, 23.8476136865, 1603.86794837, 
<------------ GEN 35--------------->
Chromsome [0]: (818.466666667)-87.9097211238, 71.5299639011, 126286.583186, 15.5766397787, 2926.51778029, 
Chromsome [1]: (775.666666667)4.11517271222, -75.4570552854, 20783.1181057, 6.25866714014, 2369.38720681, 
Chromsome [2]: (764.966666667)1.82351837518, 11.0462006638, 20783.1181057, 0.0531352999238, 1454.28800582, 
Chromsome [3]: (762.566666667)0.690212090304, -65.2843747859, 128201.617387, 23.8476136865, 773.573211576, 
Chromsome [4]: (761.466666667)1.82351837518, -4.99410079203, 170042.583311, 2.96945402344, 905.069587463, 
<------------ GEN 36--------------->
Chromsome [0]: (828.633333333)-87.9097211238, 71.5299639011, 126286.583186, 15.5766397787, 2926.51778029, 
Chromsome [1]: (791.9)4.11517271222, -75.4570552854, 20783.1181057, 5.29988585099, 2261.663437, 
Chromsome [2]: (791.066666667)5.62942337355, 54.6912382928, 159602.299765, 4.91574344691, 1454.28800582, 
Chromsome [3]: (791.066666667)5.62942337355, -31.8819521726, 177360.579053, 16.8544841153, 2974.22196289, 
Chromsome [4]: (788.133333333)1.82351837518, 11.0462006638, 20783.1181057, 0.0531352999238, 1454.28800582, 
<------------ GEN 37--------------->
Chromsome [0]: (826.033333333)-26.659953271, -78.1633995296, 156530.12171, 21.8711215695, 2676.70037639, 
Chromsome [1]: (826.033333333)-87.9097211238, 71.5299639011, 126286.583186, 15.5766397787, 2926.51778029, 
Chromsome [2]: (807.4)2.43443670303, 18.5331362492, 1881.01833538, 0.0531352999238, 1454.28800582, 
Chromsome [3]: (786.0)5.62942337355, 32.5195018502, 177360.579053, 16.8544841153, 2203.26576542, 
Chromsome [4]: (782.066666667)1.82351837518, 134.314323194, 20783.1181057, 29.4373590323, 2984.76137111, 
<------------ GEN 38--------------->
Chromsome [0]: (814.766666667)-26.659953271, -78.1633995296, 156530.12171, 21.8711215695, 2676.70037639, 
Chromsome [1]: (772.2)3.05514953015, 10.5720208151, -337779.024438, 14.2299338107, 2203.26576542, 
Chromsome [2]: (769.166666667)5.62942337355, -50.8833519861, 170042.583311, 8.75328976366, 905.069587463, 
Chromsome [3]: (768.566666667)5.90423058339, 50.8950396276, 126286.583186, 15.5766397787, 2159.113265, 
Chromsome [4]: (759.866666667)0.690212090304, -65.2843747859, 81508.48427, 19.4502116978, 968.205136515, 
<------------ GEN 39--------------->
Chromsome [0]: (828.266666667)-26.659953271, -78.1633995296, 156530.12171, 21.8711215695, 2676.70037639, 
Chromsome [1]: (775.5)1.82351837518, -4.99410079203, 81508.48427, 27.8258992635, 972.132181505, 
Chromsome [2]: (774.766666667)1.82351837518, 29.4208541505, 170042.583311, 20.2354148145, 791.124602827, 
Chromsome [3]: (774.766666667)1.82351837518, 29.19260568, 126286.583186, 29.4373590323, 2926.51778029, 
Chromsome [4]: (774.766666667)1.82351837518, -79.3051283915, 81508.48427, 19.3500195186, 2169.70556367, 
<------------ GEN 40--------------->
Chromsome [0]: (822.3)-26.659953271, -78.1633995296, 156530.12171, 21.8711215695, 2676.70037639, 
Chromsome [1]: (750.366666667)5.62942337355, -50.8833519861, 170042.583311, 22.9248891023, 2926.51778029, 
Chromsome [2]: (750.366666667)5.62942337355, -50.8833519861, 170042.583311, 8.75328976366, 1125.12085718, 
Chromsome [3]: (749.633333333)5.90423058339, 46.0341251038, 120388.78841, 7.50582925758, 2676.70037639, 
Chromsome [4]: (745.233333333)1.82351837518, -11.714140324, 126286.583186, 29.4373590323, 791.124602827, 
<------------ GEN 41--------------->
Chromsome [0]: (798.4)-26.659953271, -78.1633995296, 156530.12171, 21.8711215695, 2676.70037639, 
Chromsome [1]: (734.966666667)1.82351837518, -11.714140324, 126286.583186, 29.4373590323, 924.315417118, 
Chromsome [2]: (734.766666667)1.82351837518, -54.9698698873, 20783.1181057, 22.2009285864, 968.205136515, 
Chromsome [3]: (734.766666667)1.82351837518, -63.7164512427, 66182.5760768, 31.5364548087, 2203.26576542, 
Chromsome [4]: (734.766666667)1.82351837518, -63.7164512427, 81508.48427, 19.3500195186, 2984.76137111, 
<------------ GEN 42--------------->
Chromsome [0]: (802.666666667)-26.659953271, -78.1633995296, 156530.12171, 21.8711215695, 2676.70037639, 
Chromsome [1]: (737.4)1.82351837518, -11.714140324, 126286.583186, 29.4373590323, 1344.23439699, 
Chromsome [2]: (736.5)1.82351837518, -54.9698698873, 20783.1181057, 22.2009285864, 1321.34317231, 
Chromsome [3]: (735.433333333)2.00901142562, -50.8833519861, 31187.0340601, 21.8711215695, 2676.70037639, 
Chromsome [4]: (733.5)1.82351837518, -63.7164512427, 81508.48427, 10.994442509, 2984.76137111, 
<------------ GEN 43--------------->
Chromsome [0]: (795.166666667)-27.5827843727, -60.1971863431, 97746.9327034, 5.43938600397, 915.624915272, 
Chromsome [1]: (795.166666667)-60.5647301379, 10.5720208151, 130825.049552, 19.0890091284, 2159.113265, 
Chromsome [2]: (795.166666667)-26.659953271, -78.1633995296, 156530.12171, 21.8711215695, 2676.70037639, 
Chromsome [3]: (741.5)1.82351837518, -11.714140324, 126286.583186, -14.5444867003, 1344.23439699, 
Chromsome [4]: (741.5)1.82351837518, -11.714140324, 126286.583186, 20.7369234472, 2676.70037639, 
<------------ GEN 44--------------->
Chromsome [0]: (809.533333333)-27.5827843727, -60.1971863431, 97746.9327034, 5.43938600397, 915.624915272, 
Chromsome [1]: (745.933333333)1.82351837518, -11.714140324, 126286.583186, 20.7369234472, 2676.70037639, 
Chromsome [2]: (741.6)1.82351837518, -63.7164512427, 66182.5760768, 21.4822571251, 1344.23439699, 
Chromsome [3]: (741.433333333)1.82351837518, -65.9189170316, 126286.583186, 14.5444867003, 1344.23439699, 
Chromsome [4]: (741.433333333)1.82351837518, -63.7164512427, 81508.48427, 1.30336985491, 2169.70556367, 
<------------ GEN 45--------------->
Chromsome [0]: (824.766666667)-27.5827843727, -60.1971863431, 97746.9327034, 5.43938600397, 915.624915272, 
Chromsome [1]: (758.133333333)1.82351837518, 50.0553911311, 52487.249882, 6.65411203003, 1239.10613685, 
Chromsome [2]: (757.4)1.82351837518, -63.7164512427, 165336.574443, 21.4822571251, 1344.23439699, 
Chromsome [3]: (757.4)1.82351837518, -63.7164512427, 110507.589639, 0.435773545563, 721.519979303, 
Chromsome [4]: (757.4)1.82351837518, -55.7329786074, 162959.821833, 21.8711215695, 1879.84588961, 
<------------ GEN 46--------------->
Chromsome [0]: (819.533333333)-63.4089444895, 29.19260568, 122911.934625, 0.610914957718, 2130.2709128, 
Chromsome [1]: (819.533333333)-27.5827843727, -60.1971863431, 97746.9327034, 5.43938600397, 915.624915272, 
Chromsome [2]: (783.166666667)2.00901142562, -2.25999932725, 75124.1238565, 12.4326597862, 1920.602555, 
Chromsome [3]: (775.0)1.82351837518, 50.0553911311, 52487.249882, 6.65411203003, 1239.10613685, 
Chromsome [4]: (774.066666667)1.79380232023, -35.4261368532, 136963.734325, 17.333431986, 2141.16357653, 
<------------ GEN 47--------------->
Chromsome [0]: (828.833333333)-63.4089444895, 29.19260568, 122911.934625, 0.610914957718, 2130.2709128, 
Chromsome [1]: (804.0)1.82351837518, -42.1425157381, -207212.015342, 21.8711215695, 1306.13458684, 
Chromsome [2]: (795.966666667)2.00901142562, -2.25999932725, 75124.1238565, 12.4326597862, 1920.602555, 
Chromsome [3]: (795.966666667)2.00901142562, -2.25999932725, 151678.863899, 12.4326597862, 1920.602555, 
Chromsome [4]: (795.033333333)1.82351837518, -20.3146725226, 110507.589639, 13.4612810556, 1879.84588961, 
<------------ GEN 48--------------->
Chromsome [0]: (822.766666667)-63.4089444895, 29.19260568, 122911.934625, 0.610914957718, 2130.2709128, 
Chromsome [1]: (793.966666667)1.82351837518, 83.3580349025, -13593.7823674, 4.5993000635, 1898.23262647, 
Chromsome [2]: (783.866666667)1.82351837518, -20.3146725226, 110507.589639, 13.4612810556, 2670.05690579, 
Chromsome [3]: (781.2)1.82351837518, 50.0553911311, 52487.249882, 54.8475710063, 1239.10613685, 
Chromsome [4]: (781.066666667)1.82351837518, -89.7835177759, 31190.6059468, 19.8934628319, 5255.2905679, 
<------------ GEN 49--------------->
Chromsome [0]: (817.333333333)-63.4089444895, 29.19260568, 122911.934625, 0.610914957718, 2130.2709128, 
Chromsome [1]: (772.8)1.82351837518, -14.5541701649, 31190.6059468, 19.8934628319, 2130.2709128, 
Chromsome [2]: (772.433333333)1.82351837518, 70.5910058414, 122911.934625, 17.301652151, 1811.30105103, 
Chromsome [3]: (771.466666667)1.82351837518, 83.3580349025, 96303.8187547, 4.5993000635, 1898.23262647, 
Chromsome [4]: (768.066666667)1.82351837518, -42.1425157381, 152787.984658, 16.2422305812, 1306.13458684, 
<------------ GEN 50--------------->
Chromsome [0]: (823.866666667)-63.4089444895, 29.19260568, 122911.934625, 0.610914957718, 2130.2709128, 
Chromsome [1]: (771.266666667)1.82351837518, 70.5910058414, 122911.934625, -7.76550721488, 1263.31516353, 
Chromsome [2]: (771.266666667)1.82351837518, 70.5910058414, 93343.2816748, 17.301652151, 1195.62077256, 
Chromsome [3]: (769.166666667)1.82351837518, -35.4261368532, 45968.823375, 1.67053440524, 1920.602555, 
Chromsome [4]: (767.1)1.82351837518, -42.1425157381, 168510.280502, 16.2422305812, 1306.13458684, 
<------------ GEN 51--------------->
Chromsome [0]: (842.533333333)-18.8331846512, 86.7777298809, -22588.2547609, 5.15242899375, 1229.70309662, 
Chromsome [1]: (842.533333333)-11.0103961578, 29.19260568, 122911.934625, 0.610914957718, 2324.69046698, 
Chromsome [2]: (842.533333333)-63.4089444895, 29.19260568, 122911.934625, 0.610914957718, 2130.2709128, 
Chromsome [3]: (789.566666667)1.82351837518, 70.5910058414, 151678.863899, 3.78422630149, 1920.602555, 
Chromsome [4]: (789.566666667)1.82351837518, 70.5910058414, 93343.2816748, 17.301652151, 1195.62077256, 
<------------ GEN 52--------------->
Chromsome [0]: (846.233333333)-18.8331846512, 86.7777298809, -22588.2547609, 5.15242899375, 1229.70309662, 
Chromsome [1]: (811.6)1.82351837518, -53.0961883886, 2122.75882098, 12.457008515, 2837.84806768, 
Chromsome [2]: (807.466666667)1.82351837518, -18.8752875454, 22588.2547609, 5.15242899375, 1229.70309662, 
Chromsome [3]: (807.4)1.82351837518, 70.5910058414, 151678.863899, 16.541395102, 2050.11672467, 
Chromsome [4]: (807.4)1.82351837518, 70.5910058414, 122911.934625, 28.244894496, 1493.10817049, 
<------------ GEN 53--------------->
Chromsome [0]: (842.566666667)-18.8331846512, 86.7777298809, -22588.2547609, 5.15242899375, 1229.70309662, 
Chromsome [1]: (825.166666667)1.82351837518, 70.5910058414, 151678.863899, 16.541395102, 2050.11672467, 
Chromsome [2]: (825.166666667)1.82351837518, 70.5910058414, 122911.934625, 28.244894496, 1493.10817049, 
Chromsome [3]: (825.166666667)1.82351837518, 54.9446797639, 143873.595029, 20.6802522463, 1704.96764544, 
Chromsome [4]: (800.866666667)3.43435151674, 29.19260568, -11154.0371791, 13.2441574945, 2224.35357527, 
<------------ GEN 54--------------->
Chromsome [0]: (850.833333333)-5.70624179319, 86.7777298809, -21878.799563, 20.6802522463, 1704.96764544, 
Chromsome [1]: (850.833333333)-98.1015428026, 7.11240125894, 65494.9130211, 1.33219255734, 1898.23262647, 
Chromsome [2]: (850.833333333)-18.8331846512, 86.7777298809, -22588.2547609, 5.15242899375, 1229.70309662, 
Chromsome [3]: (826.1)1.82351837518, 54.9446797639, 143873.595029, 3.71126191089, 105.927786346, 
Chromsome [4]: (826.1)1.82351837518, 70.5910058414, 122911.934625, 15.4657688549, 1493.10817049, 
<------------ GEN 55--------------->
Chromsome [0]: (841.933333333)-45.1607470157, -88.7869629974, 22588.2547609, 2.47744320142, 2324.69046698, 
Chromsome [1]: (841.933333333)-11.6008122063, 54.9446797639, 143873.595029, 20.6802522463, 1704.96764544, 
Chromsome [2]: (841.933333333)-20.3951773474, -86.8858369256, 65494.9130211, 1.33219255734, 1898.23262647, 
Chromsome [3]: (841.933333333)-5.70624179319, 86.7777298809, -21878.799563, 20.6802522463, 1704.96764544, 
Chromsome [4]: (836.3)1.82351837518, -141.701497256, 122911.934625, 15.4657688549, 1493.10817049, 
<------------ GEN 56--------------->
Chromsome [0]: (827.266666667)-45.1607470157, -88.7869629974, 22588.2547609, 2.47744320142, 2324.69046698, 
Chromsome [1]: (822.2)1.82351837518, 120.384005682, 143873.595029, 3.71126191089, 3764.29069289, 
Chromsome [2]: (820.733333333)2.38493667802, -49.1141295064, 22588.2547609, 20.5490044349, 1453.55211858, 
Chromsome [3]: (761.066666667)5.90624179319, 86.7777298809, 81508.48427, 1.84004960893, 855.268185381, 
Chromsome [4]: (761.066666667)5.90624179319, 86.7777298809, 42056.1893785, 20.6802522463, 2354.89568849, 
<------------ GEN 57--------------->
Chromsome [0]: (799.866666667)-50.5785253708, 54.9446797639, 144536.17635, 21.929948921, 1882.03752746, 
Chromsome [1]: (799.866666667)-26.4945086468, 57.7793319706, 9965.42183455, 13.3153323927, 1346.24537494, 
Chromsome [2]: (799.866666667)-45.1607470157, -88.7869629974, 22588.2547609, 2.47744320142, 2324.69046698, 
Chromsome [3]: (774.5)2.38493667802, -18.242234004, 22588.2547609, 20.5490044349, 1453.55211858, 
Chromsome [4]: (772.133333333)1.82351837518, 59.6159943176, 143873.595029, 3.71126191089, 2354.89568849, 
<------------ GEN 58--------------->
Chromsome [0]: (814.566666667)-50.5785253708, 54.9446797639, 144536.17635, 21.929948921, 1882.03752746, 
Chromsome [1]: (801.033333333)1.08424475034, -38.2985027441, 97931.0656869, 8.95405620396, 1493.10817049, 
Chromsome [2]: (800.566666667)1.82351837518, 59.6159943176, 143873.595029, 3.71126191089, 2354.89568849, 
Chromsome [3]: (800.433333333)2.38493667802, -18.242234004, 22588.2547609, 20.5490044349, 1453.55211858, 
Chromsome [4]: (800.433333333)2.38493667802, -49.1141295064, 100142.129432, 20.5490044349, 1308.5583505, 
<------------ GEN 59--------------->
Chromsome [0]: (792.033333333)-1.34592327225, 86.7777298809, 142816.168614, 1.84004960893, 855.268185381, 
Chromsome [1]: (792.033333333)-50.5785253708, 54.9446797639, 144536.17635, 21.929948921, 1882.03752746, 
Chromsome [2]: (781.033333333)1.82351837518, 59.6159943176, 143873.595029, 3.71126191089, 2354.89568849, 
Chromsome [3]: (781.033333333)1.82351837518, 59.6159943176, 143873.595029, 3.71126191089, 2354.89568849, 
Chromsome [4]: (780.833333333)2.38493667802, -50.1051761178, 100142.129432, 20.5490044349, 1308.5583505, 
<------------ GEN 60--------------->
Chromsome [0]: (810.1)-1.34592327225, 86.7777298809, 142816.168614, 1.84004960893, 855.268185381, 
Chromsome [1]: (803.9)1.82351837518, 59.6159943176, -2841.25604973, 3.71126191089, 2354.89568849, 
Chromsome [2]: (803.633333333)1.54592327225, 86.7777298809, 164888.883067, 18.5108979436, 1428.80701678, 
Chromsome [3]: (803.366666667)1.82351837518, 59.6159943176, 143873.595029, 3.71126191089, 2354.89568849, 
Chromsome [4]: (803.233333333)2.38493667802, -50.1051761178, 100142.129432, 20.5490044349, 1308.5583505, 
<------------ GEN 61--------------->
Chromsome [0]: (817.333333333)-43.7695067645, 0.978743302805, 142816.168614, 1.84004960893, 1800.71041079, 
Chromsome [1]: (817.333333333)-1.34592327225, 86.7777298809, 142816.168614, 1.84004960893, 855.268185381, 
Chromsome [2]: (807.7)0.789356034944, 86.7777298809, 142816.168614, 9.57243608422, 855.268185381, 
Chromsome [3]: (804.333333333)1.54592327225, -15.2449596054, 143873.595029, 3.71126191089, 2354.89568849, 
Chromsome [4]: (804.133333333)1.82351837518, 48.2870897316, 126422.599207, 7.79319065472, 855.268185381, 
<------------ GEN 62--------------->
Chromsome [0]: (834.866666667)-43.7695067645, 0.978743302805, 142816.168614, 1.84004960893, 1800.71041079, 
Chromsome [1]: (823.866666667)0.789356034944, 86.7777298809, 142816.168614, 9.57243608422, 1754.2969361, 
Chromsome [2]: (821.966666667)2.38493667802, 3.52209523934, 89847.1791884, 3.71126191089, 2354.89568849, 
Chromsome [3]: (821.9)1.54592327225, 86.7777298809, 142816.168614, 36.6731856445, 1428.80701678, 
Chromsome [4]: (821.833333333)1.54592327225, -15.2449596054, 100142.129432, -12.9778495123, 1308.5583505, 
<------------ GEN 63--------------->
Chromsome [0]: (805.766666667)-43.7695067645, 0.978743302805, 142816.168614, 1.84004960893, 1800.71041079, 
Chromsome [1]: (795.233333333)0.789356034944, 86.7777298809, 77702.3734598, 9.57243608422, 1754.2969361, 
Chromsome [2]: (793.333333333)1.54592327225, 86.7777298809, 142816.168614, 14.86164262, 2929.23722846, 
Chromsome [3]: (793.0)2.38493667802, 3.52209523934, 89847.1791884, 16.541395102, 1113.83963161, 
Chromsome [4]: (791.333333333)0.789356034944, -44.3613595072, 100142.129432, 20.5490044349, 1308.5583505, 
<------------ GEN 64--------------->
Chromsome [0]: (807.6)-43.7695067645, 0.978743302805, 142816.168614, 1.84004960893, 1800.71041079, 
Chromsome [1]: (786.366666667)0.789356034944, 21.0920120631, 50805.6982307, 9.57243608422, 1754.2969361, 
Chromsome [2]: (782.366666667)0.789356034944, -40.7076592827, 100142.129432, 0.744648125859, 1521.14764899, 
Chromsome [3]: (782.033333333)2.38493667802, 3.52209523934, 89847.1791884, 13.4612810556, 1346.24537494, 
Chromsome [4]: (781.9)1.54592327225, 86.7777298809, 142816.168614, 14.86164262, 2929.23722846, 
<------------ GEN 65--------------->
Chromsome [0]: (821.833333333)-43.7695067645, 0.978743302805, 142816.168614, 1.84004960893, 1800.71041079, 
Chromsome [1]: (788.166666667)1.54592327225, -32.9630627585, -17599.920142, 2.65074617821, 1582.17291127, 
Chromsome [2]: (776.533333333)0.789356034944, 21.0920120631, 38060.0602824, 9.57243608422, 1754.2969361, 
Chromsome [3]: (768.533333333)0.789356034944, -40.7076592827, 100142.129432, 0.744648125859, 1521.14764899, 
Chromsome [4]: (768.166666667)2.38493667802, 3.52209523934, 89847.1791884, 13.4612810556, 620.843093584, 
<------------ GEN 66--------------->
Chromsome [0]: (801.833333333)-43.7695067645, 0.978743302805, 142816.168614, 1.84004960893, 1800.71041079, 
Chromsome [1]: (774.766666667)0.789356034944, 21.0920120631, 38060.0602824, 14.86164262, 2929.23722846, 
Chromsome [2]: (774.666666667)0.789356034944, -124.217145668, 2363.23241892, 9.57243608422, 1754.2969361, 
Chromsome [3]: (766.766666667)0.789356034944, -40.7076592827, 100142.129432, 0.744648125859, 1521.14764899, 
Chromsome [4]: (766.4)2.38493667802, 3.52209523934, 170692.399477, 42.145185618, 620.843093584, 
<------------ GEN 67--------------->
Chromsome [0]: (793.866666667)-58.5699420556, 26.2871199247, 19803.3967975, 7.14323260664, 2308.25733499, 
Chromsome [1]: (793.866666667)-43.7695067645, 0.978743302805, 142816.168614, 1.84004960893, 1800.71041079, 
Chromsome [2]: (756.3)2.38493667802, -241.120275047, 113384.026441, 26.5298704852, 2209.07394024, 
Chromsome [3]: (753.966666667)0.789356034944, -55.7828543323, 121840.261049, 9.57243608422, 1754.2969361, 
Chromsome [4]: (753.933333333)0.789356034944, -31.3063394741, 171029.358643, 0.744648125859, 1521.14764899, 
<------------ GEN 68--------------->
Chromsome [0]: (790.1)-58.5699420556, 26.2871199247, 19803.3967975, 7.14323260664, 2308.25733499, 
Chromsome [1]: (771.033333333)5.42868391936, 36.8872833119, 88132.8018134, 21.8851193664, 1206.15844915, 
Chromsome [2]: (756.433333333)7.67951740399, 41.5751940741, 11645.8812144, 1.84004960893, 2209.07394024, 
Chromsome [3]: (756.4)2.38493667802, 163.483815628, 113384.026441, 16.9555608001, 1754.2969361, 
Chromsome [4]: (750.333333333)0.789356034944, 81.0827129923, 74279.9887525, 20.5490044349, 1754.2969361, 
<------------ GEN 69--------------->
Chromsome [0]: (802.6)-58.5699420556, 26.2871199247, 19803.3967975, 7.14323260664, 2308.25733499, 
Chromsome [1]: (761.3)7.67951740399, 41.5751940741, 11645.8812144, 1.84004960893, 2209.07394024, 
Chromsome [2]: (754.9)0.789356034944, 81.0827129923, 74279.9887525, 20.5490044349, 707.416403292, 
Chromsome [3]: (754.9)0.789356034944, 81.0827129923, 160563.462763, -26.1155089035, 2410.19678969, 
Chromsome [4]: (754.9)0.789356034944, 81.0827129923, 74279.9887525, 10.6438682873, 2539.18264588, 
<------------ GEN 70--------------->
Chromsome [0]: (803.033333333)-62.6898654659, -84.4090885519, 57248.6297523, 19.7863438696, 2929.23722846, 
Chromsome [1]: (803.033333333)-58.5699420556, 26.2871199247, 19803.3967975, 7.14323260664, 2308.25733499, 
Chromsome [2]: (783.566666667)2.38493667802, -113.524744742, 3635.36488457, 9.43184141934, 2472.94505227, 
Chromsome [3]: (778.3)5.26171755444, 50.8213830426, 43009.2281649, 18.0875696117, 1615.52911562, 
Chromsome [4]: (775.6)0.789356034944, 26.2871199247, 19803.3967975, 28.2018143781, 2308.25733499, 
<------------ GEN 71--------------->
Chromsome [0]: (828.1)-111.862666645, 41.5751940741, 11645.8812144, 13.1291191775, 686.624542834, 
Chromsome [1]: (828.1)-62.6898654659, -84.4090885519, 57248.6297523, 19.7863438696, 2929.23722846, 
Chromsome [2]: (796.166666667)5.26171755444, 50.8213830426, 18710.1154385, 19.0614346774, 1615.52911562, 
Chromsome [3]: (794.6)5.26171755444, 50.8213830426, 43009.2281649, 18.0875696117, 1615.52911562, 
Chromsome [4]: (780.433333333)0.789356034944, 45.6885800912, 74279.9887525, 18.2610972975, 2314.38009354, 
<------------ GEN 72--------------->
Chromsome [0]: (823.066666667)-111.862666645, 41.5751940741, 11645.8812144, 13.1291191775, 686.624542834, 
Chromsome [1]: (791.866666667)5.26171755444, 50.8213830426, 142816.168614, 1.84004960893, 1786.56858547, 
Chromsome [2]: (788.5)7.83928346141, 50.8213830426, 18710.1154385, 19.0614346774, 1615.52911562, 
Chromsome [3]: (786.233333333)2.38493667802, 57.5559176677, 2751.04050978, 5.79785777562, 2811.64514628, 
Chromsome [4]: (785.933333333)7.67951740399, 50.8213830426, 43009.2281649, 7.93179713289, 1752.41910565, 
<------------ GEN 73--------------->
Chromsome [0]: (826.266666667)-15.4886196095, 57.5559176677, 2751.04050978, 5.79785777562, 2811.64514628, 
Chromsome [1]: (826.266666667)-111.862666645, 41.5751940741, 11645.8812144, 13.1291191775, 686.624542834, 
Chromsome [2]: (762.633333333)7.67951740399, 28.6392754672, 118993.042006, 17.854814382, 670.104693831, 
Chromsome [3]: (761.833333333)7.67951740399, 50.8213830426, 37574.2864994, 13.3279890375, 1062.83508105, 
Chromsome [4]: (761.666666667)7.67951740399, -54.3814633796, 40351.9353235, 11.3883954178, 2877.47909998, 
<------------ GEN 74--------------->
Chromsome [0]: (833.233333333)-15.4886196095, 57.5559176677, 2751.04050978, 5.79785777562, 2811.64514628, 
Chromsome [1]: (799.566666667)0.789356034944, -56.943413566, 15806.107351, 29.4248314315, 1018.27594681, 
Chromsome [2]: (794.833333333)0.789356034944, 45.3214822446, 19803.3967975, 12.7679067098, 2294.52878257, 
Chromsome [3]: (788.4)7.67951740399, 28.6392754672, 118993.042006, 9.16824598985, 1490.32860277, 
Chromsome [4]: (787.6)7.67951740399, 50.8213830426, 37574.2864994, 13.3279890375, 1752.41910565, 
<------------ GEN 75--------------->
Chromsome [0]: (818.4)-64.9288600614, -20.7199913632, 112952.738735, 22.8915214131, 1328.82898564, 
Chromsome [1]: (818.4)-15.4886196095, 57.5559176677, 2751.04050978, 5.79785777562, 2811.64514628, 
Chromsome [2]: (776.666666667)0.789356034944, 45.3214822446, 19803.3967975, 18.0875696117, 705.01726691, 
Chromsome [3]: (767.933333333)7.67951740399, -56.943413566, 15806.107351, 29.4248314315, 1018.27594681, 
Chromsome [4]: (765.1)7.67951740399, 50.8213830426, 37574.2864994, 13.3279890375, 1752.41910565, 
<------------ GEN 76--------------->
Chromsome [0]: (802.666666667)-64.9288600614, -20.7199913632, 112952.738735, 22.8915214131, 1328.82898564, 
Chromsome [1]: (764.966666667)0.789356034944, 45.3214822446, 19803.3967975, 18.0875696117, 705.01726691, 
Chromsome [2]: (764.966666667)0.789356034944, 45.3214822446, 19803.3967975, 18.0875696117, 705.01726691, 
Chromsome [3]: (748.666666667)7.67951740399, -63.523029207, 15806.107351, 29.4248314315, 2530.82012004, 
Chromsome [4]: (746.933333333)5.56689114967, 36.0557350066, 167132.838909, 9.57243608422, 3399.25769522, 
<------------ GEN 77--------------->
Chromsome [0]: (800.166666667)-64.9288600614, -20.7199913632, 112952.738735, 22.8915214131, 1328.82898564, 
Chromsome [1]: (762.3)0.789356034944, 45.3214822446, 19803.3967975, 18.0875696117, 705.01726691, 
Chromsome [2]: (748.366666667)4.94194430358, 68.4427408518, 112952.738735, 7.04081309238, 2332.59551364, 
Chromsome [3]: (747.2)7.67951740399, -63.523029207, 15806.107351, 28.4799720038, 2240.06455058, 
Chromsome [4]: (746.833333333)5.56689114967, 36.0557350066, 167132.838909, 9.57243608422, 1635.20370278, 
<------------ GEN 78--------------->
Chromsome [0]: (778.9)-64.9288600614, -20.7199913632, 112952.738735, 22.8915214131, 1328.82898564, 
Chromsome [1]: (751.766666667)3.25364670636, -80.0491430641, 2751.04050978, 4.4585259216, 2556.08597343, 
Chromsome [2]: (749.433333333)0.789356034944, 45.3214822446, 19803.3967975, 18.2011260342, 1105.56950356, 
Chromsome [3]: (748.133333333)4.94194430358, 68.4427408518, 71135.636187, 7.04081309238, 2054.96965335, 
Chromsome [4]: (744.566666667)7.67951740399, -63.523029207, 15806.107351, 28.4799720038, 2240.06455058, 
<------------ GEN 79--------------->
Chromsome [0]: (825.6)-64.9288600614, -20.7199913632, 112952.738735, 22.8915214131, 1328.82898564, 
Chromsome [1]: (801.833333333)0.789356034944, 45.3214822446, 19803.3967975, 18.2011260342, 1105.56950356, 
Chromsome [2]: (787.0)3.25364670636, -80.0491430641, 2751.04050978, 4.4585259216, 1089.57547628, 
Chromsome [3]: (783.366666667)4.94194430358, 68.4427408518, 71135.636187, 7.04081309238, 1151.85069384, 
Chromsome [4]: (775.666666667)1.20512156621, -7.87018823361, 80197.1512267, 6.06617531973, 2294.52878257, 
<------------ GEN 80--------------->
Chromsome [0]: (808.533333333)-70.6170453248, -20.7199913632, 112952.738735, 10.6494096257, 1328.82898564, 
Chromsome [1]: (808.533333333)-64.9288600614, -20.7199913632, 112952.738735, 22.8915214131, 1328.82898564, 
Chromsome [2]: (775.133333333)0.789356034944, 45.3214822446, 141988.746687, 18.2011260342, 1705.92820519, 
Chromsome [3]: (763.0)3.25364670636, -80.0491430641, 2751.04050978, 22.8915214131, 1328.82898564, 
Chromsome [4]: (759.4)4.94194430358, 68.4427408518, 71135.636187, 7.04081309238, 1151.85069384, 
<------------ GEN 81--------------->
Chromsome [0]: (801.2)-70.6170453248, -20.7199913632, 112952.738735, 10.6494096257, 1328.82898564, 
Chromsome [1]: (762.866666667)3.25364670636, -80.0491430641, 2751.04050978, 10.4200149493, 1516.90918148, 
Chromsome [2]: (759.1)4.94194430358, 68.4427408518, 71135.636187, 28.4799720038, 937.501077444, 
Chromsome [3]: (758.433333333)1.20512156621, -21.7278990956, 80197.1512267, 6.06617531973, 2294.52878257, 
Chromsome [4]: (756.933333333)2.38493667802, 52.3573205988, -74149.3520686, 9.02306171909, 2580.04560721, 
<------------ GEN 82--------------->
Chromsome [0]: (805.133333333)-70.6170453248, -20.7199913632, 112952.738735, 10.6494096257, 1328.82898564, 
Chromsome [1]: (761.066666667)1.20512156621, -161.080645715, 80197.1512267, 19.562130453, 1457.41004314, 
Chromsome [2]: (760.633333333)3.25364670636, -80.0491430641, 2751.04050978, 23.2644069622, 1516.90918148, 
Chromsome [3]: (760.633333333)3.25364670636, -80.0491430641, 2751.04050978, 10.4200149493, 1623.39027079, 
Chromsome [4]: (752.7)4.94194430358, 68.4427408518, 71135.636187, 28.4799720038, 937.501077444, 
<------------ GEN 83--------------->
Chromsome [0]: (810.5)-125.418417053, -63.523029207, 23417.5581996, 7.04081309238, 1151.85069384, 
Chromsome [1]: (810.5)-70.6170453248, -20.7199913632, 112952.738735, 10.6494096257, 1328.82898564, 
Chromsome [2]: (772.066666667)3.25364670636, -80.0491430641, 2751.04050978, 24.5577139474, 1838.50449064, 
Chromsome [3]: (772.066666667)3.25364670636, -80.0491430641, 2751.04050978, 23.2644069622, 1516.90918148, 
Chromsome [4]: (766.166666667)7.67951740399, 24.2899273322, 76886.5110506, 24.5577139474, 1838.50449064, 
<------------ GEN 84--------------->
Chromsome [0]: (797.6)-125.418417053, -63.523029207, 23417.5581996, 7.04081309238, 1151.85069384, 
Chromsome [1]: (756.133333333)3.25364670636, 45.2506653061, 2751.04050978, 24.5577139474, 1151.85069384, 
Chromsome [2]: (749.766666667)7.67951740399, 24.2899273322, 76886.5110506, 24.5577139474, 1838.50449064, 
Chromsome [3]: (749.766666667)7.67951740399, 24.2899273322, 92123.5137314, 24.5577139474, 1838.50449064, 
Chromsome [4]: (749.6)7.67951740399, 24.5593344564, 78867.6188855, 23.2644069622, 1329.96749373, 
<------------ GEN 85--------------->
Chromsome [0]: (783.533333333)-125.418417053, -63.523029207, 23417.5581996, 7.04081309238, 1151.85069384, 
Chromsome [1]: (721.366666667)3.25364670636, 45.2506653061, 2751.04050978, 4.93027911074, 1328.82898564, 
Chromsome [2]: (716.366666667)3.14187535986, 3.75452184974, -2213.60653422, 28.6160800329, 2918.53752814, 
Chromsome [3]: (716.3)7.67951740399, 24.5593344564, 78867.6188855, 10.5374552728, 1516.90918148, 
Chromsome [4]: (716.3)7.67951740399, 24.2899273322, 92123.5137314, 24.5577139474, 1838.50449064, 
<------------ GEN 86--------------->
Chromsome [0]: (784.2)-2.7906003118, -63.523029207, 166260.67435, 10.6494096257, 1151.85069384, 
Chromsome [1]: (784.2)-125.418417053, -63.523029207, 23417.5581996, 7.04081309238, 1151.85069384, 
Chromsome [2]: (716.333333333)20.8446091067, 75.8258980319, -48983.0940088, 3.8262674047, 842.506400183, 
Chromsome [3]: (715.533333333)7.67951740399, 24.5593344564, 78867.6188855, 19.0455701126, 1516.90918148, 
Chromsome [4]: (715.166666667)7.67951740399, -27.7716579228, 160633.656476, -8.70310573316, 1565.74306925, 
<------------ GEN 87--------------->
Chromsome [0]: (787.566666667)-2.7906003118, -63.523029207, 166260.67435, 10.6494096257, 1151.85069384, 
Chromsome [1]: (692.533333333)7.67951740399, 24.5593344564, 78867.6188855, 19.0455701126, 1516.90918148, 
Chromsome [2]: (692.066666667)7.67951740399, -27.7716579228, 160633.656476, 8.70310573316, 1565.74306925, 
Chromsome [3]: (690.6)0.530119836687, 62.4359323424, 59624.6345984, 12.232758862, 2792.1458054, 
Chromsome [4]: (689.266666667)8.03019933085, -19.1479188629, 27172.737271, 0.240300099631, 2039.14306823, 
<------------ GEN 88--------------->
Chromsome [0]: (765.7)-2.7906003118, -63.523029207, 166260.67435, 10.6494096257, 1151.85069384, 
Chromsome [1]: (673.6)8.03019933085, -19.1479188629, 27172.737271, 0.240300099631, 2917.86003641, 
Chromsome [2]: (639.1)16.7278723093, -27.7716579228, 160633.656476, 4.75398993843, 1565.74306925, 
Chromsome [3]: (629.566666667)2.9906003118, 81.541107933, 140340.223127, 29.7792042498, 2453.93402148, 
Chromsome [4]: (629.566666667)2.9906003118, -63.523029207, 166260.67435, 10.6494096257, 1516.90918148, 
<------------ GEN 89--------------->
Chromsome [0]: (768.466666667)-2.7906003118, -63.523029207, 166260.67435, 10.6494096257, 1151.85069384, 
Chromsome [1]: (738.1)0.2804434065, 62.4359323424, 175003.916296, 56.3145573145, 2792.1458054, 
Chromsome [2]: (706.766666667)2.38493667802, 138.039553857, 10269.8277117, 9.95094876557, 2973.95782885, 
Chromsome [3]: (665.966666667)3.89889379972, 2.32671424782, 59624.6345984, 13.3880997889, 1485.82156896, 
Chromsome [4]: (663.166666667)2.38493667802, 12.4876179372, 17853.3163576, 7.04081309238, 2635.85405921, 
<------------ GEN 90--------------->
Chromsome [0]: (759.466666667)-63.6058969388, 45.2506653061, 2751.04050978, 16.5780258538, 1838.50449064, 
Chromsome [1]: (759.466666667)-2.7906003118, -63.523029207, 166260.67435, 10.6494096257, 1151.85069384, 
Chromsome [2]: (715.166666667)0.2804434065, 62.4359323424, 175003.916296, 3.8262674047, 2996.65896087, 
Chromsome [3]: (677.433333333)2.38493667802, -171.775141641, 10269.8277117, 9.95094876557, 2973.95782885, 
Chromsome [4]: (658.866666667)4.6193772882, 62.1776818378, 33902.0334609, 4.75398993843, 1565.74306925, 
<------------ GEN 91--------------->
Chromsome [0]: (780.266666667)-4.69160685527, 34.5959435429, 73378.2421724, 1.28434137024, 2917.86003641, 
Chromsome [1]: (780.266666667)-19.7804579603, -18.1651803725, 21050.6366823, 10.6494096257, 1516.90918148, 
Chromsome [2]: (780.266666667)-63.6058969388, 45.2506653061, 2751.04050978, 16.5780258538, 1838.50449064, 
Chromsome [3]: (732.866666667)0.2804434065, 62.4359323424, 175003.916296, 3.8262674047, 1699.14962995, 
Chromsome [4]: (693.833333333)2.9906003118, -63.523029207, -28888.6309554, 29.6322386233, 2075.01086857, 
<------------ GEN 92--------------->
Chromsome [0]: (797.066666667)-4.69160685527, 34.5959435429, 73378.2421724, 1.28434137024, 2917.86003641, 
Chromsome [1]: (759.266666667)0.2804434065, 62.4359323424, 40768.7424446, 27.3026824925, 1378.02442573, 
Chromsome [2]: (697.066666667)4.89160685527, -74.4588245351, 101926.893444, 6.56903457893, 1151.85069384, 
Chromsome [3]: (688.133333333)4.6193772882, 62.1776818378, 176213.461743, 0.315719970956, 1335.69825186, 
Chromsome [4]: (688.133333333)4.6193772882, 62.1776818378, 26827.7913469, 21.0775420573, 2856.08112526, 
<------------ GEN 93--------------->
Chromsome [0]: (807.933333333)-70.4021054892, 23.3044258173, 104211.210885, 14.588029589, 1151.85069384, 
Chromsome [1]: (807.933333333)-4.69160685527, 34.5959435429, 73378.2421724, 1.28434137024, 2917.86003641, 
Chromsome [2]: (726.733333333)2.9906003118, 91.3853755506, 52072.2137971, 13.3880997889, 560.214049599, 
Chromsome [3]: (722.966666667)4.6193772882, -66.3135946853, 119397.449907, 25.7628467632, 724.126294868, 
Chromsome [4]: (722.466666667)4.89160685527, -74.4588245351, 127891.736918, 15.0505510538, 1151.85069384, 
<------------ GEN 94--------------->
Chromsome [0]: (799.666666667)-70.4021054892, 23.3044258173, 104211.210885, 14.588029589, 1151.85069384, 
Chromsome [1]: (715.4)7.67951740399, -24.8014526597, 104211.210885, 14.588029589, 1843.76426424, 
Chromsome [2]: (696.8)13.1990007227, -64.2155822507, -98630.1639555, 8.12440557932, 752.716827751, 
Chromsome [3]: (690.366666667)2.38493667802, -1.27590407529, 140340.223127, 4.90015683027, 2092.21965831, 
Chromsome [4]: (688.366666667)2.9906003118, -3.24016542869, 102539.123206, 7.04081309238, 2039.14306823, 
<------------ GEN 95--------------->
Chromsome [0]: (826.033333333)-43.5193831885, 58.3181788253, 98630.1639555, 8.12440557932, 752.716827751, 
Chromsome [1]: (826.033333333)-70.4021054892, 23.3044258173, 104211.210885, 14.588029589, 1151.85069384, 
Chromsome [2]: (720.233333333)2.38493667802, -1.27590407529, 140340.223127, 44.6854103069, 2092.21965831, 
Chromsome [3]: (718.4)2.9906003118, -3.24016542869, 102539.123206, 1.28434137024, 1006.02005676, 
Chromsome [4]: (716.2)2.38493667802, -63.523029207, 123470.634058, 1.98589795072, 743.851581334, 
<------------ GEN 96--------------->
Chromsome [0]: (820.833333333)-68.7427802487, -11.3997359742, 73378.2421724, 29.6322386233, 2075.01086857, 
Chromsome [1]: (820.833333333)-43.5193831885, 58.3181788253, 98630.1639555, 8.12440557932, 752.716827751, 
Chromsome [2]: (688.3)2.9906003118, -3.24016542869, 102539.123206, 1.28434137024, 1006.02005676, 
Chromsome [3]: (685.5)2.38493667802, 78.2941299374, 76230.1154373, 1.28434137024, 2917.86003641, 
Chromsome [4]: (685.5)2.38493667802, -63.8744258087, 91521.4724466, 38.2344767092, 2996.65896087, 
<------------ GEN 97--------------->
Chromsome [0]: (804.333333333)-68.7427802487, -11.3997359742, 73378.2421724, 29.6322386233, 2075.01086857, 
Chromsome [1]: (687.266666667)5.57282627991, -28.4472454387, 52072.2137971, 8.12440557932, 752.716827751, 
Chromsome [2]: (646.5)2.38493667802, 78.2941299374, 76230.1154373, 2.38069802279, 2917.86003641, 
Chromsome [3]: (646.5)2.38493667802, -63.8744258087, 91521.4724466, 21.7655232908, 2996.65896087, 
Chromsome [4]: (646.5)2.38493667802, 78.2941299374, 76230.1154373, 3.32162227126, 1403.172076, 
<------------ GEN 98--------------->
Chromsome [0]: (808.033333333)-68.7427802487, -11.3997359742, 73378.2421724, 29.6322386233, 2075.01086857, 
Chromsome [1]: (694.2)5.57282627991, -28.4472454387, 52072.2137971, 8.12440557932, 2403.15387462, 
Chromsome [2]: (671.233333333)2.38493667802, 78.2941299374, 131891.52747, 2.38069802279, 2917.86003641, 
Chromsome [3]: (671.233333333)2.38493667802, -11.3997359742, 73378.2421724, 8.13837075921, 2092.21965831, 
Chromsome [4]: (671.233333333)2.38493667802, -63.8744258087, 91521.4724466, 21.7655232908, 2996.65896087, 
<------------ GEN 99--------------->
Chromsome [0]: (780.0)-68.7427802487, -11.3997359742, 73378.2421724, 29.6322386233, 2075.01086857, 
Chromsome [1]: (674.066666667)55.3693488684, 23.3044258173, -8756.52064589, 4.4626853042, 2507.11818738, 
Chromsome [2]: (665.866666667)3.73898136518, -3.24016542869, 59385.6500146, 1.98589795072, -947.745377671, 
Chromsome [3]: (663.466666667)2.38493667802, 62.6959713589, 91521.4724466, 21.7655232908, 2996.65896087, 
Chromsome [4]: (663.466666667)2.38493667802, 78.2941299374, 131891.52747, 2.38069802279, 2917.86003641, 
<------------ GEN 100--------------->
Chromsome [0]: (776.533333333)-68.7427802487, -11.3997359742, 73378.2421724, 29.6322386233, 2075.01086857, 
Chromsome [1]: (650.466666667)3.73898136518, -3.24016542869, 59385.6500146, 1.98589795072, 2880.99929582, 
Chromsome [2]: (647.766666667)2.38493667802, 78.2941299374, 131891.52747, 2.38069802279, 2917.86003641, 
Chromsome [3]: (647.766666667)2.38493667802, -75.0403457284, 73378.2421724, 8.12440557932, 2403.15387462, 
Chromsome [4]: (647.766666667)2.38493667802, -11.3997359742, 34266.8855339, 29.6322386233, 2075.01086857, 
