<------------ GEN 1--------------->
Chromsome [0]: (785.433333333)7.04617019123, -30.4460366387, 107659.980321, 17.9305578698, 1238.33389715, 
Chromsome [1]: (774.6)15.110792335, -40.1952423626, 47457.319824, 13.2107064207, 909.392153279, 
Chromsome [2]: (764.533333333)12.287210544, -49.8397477075, 30207.2373837, 0.741140765954, 2110.97801042, 
Chromsome [3]: (762.566666667)23.2643578198, 17.2804182466, 153301.873097, 15.7032284533, 557.307708584, 
Chromsome [4]: (757.3)18.9929855508, -52.9986938272, 115093.114076, 14.1655484816, 738.152378366, 
<------------ GEN 2--------------->
Chromsome [0]: (809.866666667)1.91918277285, -21.5520513722, 23168.6585494, 8.14721082828, 623.388276111, 
Chromsome [1]: (764.533333333)7.04617019123, -30.4460366387, 107659.980321, 17.9305578698, 1238.33389715, 
Chromsome [2]: (764.533333333)7.04617019123, -30.4460366387, 107659.980321, 17.9305578698, 1238.33389715, 
Chromsome [3]: (757.366666667)13.8247188871, 17.2804182466, 153301.873097, 14.3172215731, 557.307708584, 
Chromsome [4]: (755.166666667)15.110792335, 20.2667643749, 47457.319824, 13.2107064207, 799.583606763, 
<------------ GEN 3--------------->
Chromsome [0]: (800.1)1.91918277285, -21.5520513722, 23168.6585494, 8.14721082828, 623.388276111, 
Chromsome [1]: (793.933333333)1.91918277285, -21.5520513722, 129544.780732, 19.9857047326, 2848.83396787, 
Chromsome [2]: (731.566666667)13.8247188871, 17.2804182466, 153301.873097, 14.3172215731, 2094.78955445, 
Chromsome [3]: (728.5)6.0412561904, 44.6853021771, 129544.780732, 19.9857047326, 904.021061639, 
Chromsome [4]: (720.266666667)7.04617019123, -30.4460366387, 107659.980321, 17.9305578698, 621.611333639, 
<------------ GEN 4--------------->
Chromsome [0]: (826.933333333)-48.4514702471, 87.8309622709, 78950.1672652, 17.9305578698, 1238.33389715, 
Chromsome [1]: (793.5)1.91918277285, -21.5520513722, 23168.6585494, 8.14721082828, 623.388276111, 
Chromsome [2]: (790.7)1.91918277285, 11.2071852109, 55800.675014, 16.6402274275, 1353.96829152, 
Chromsome [3]: (785.0)1.91918277285, -21.5520513722, 129544.780732, 9.25055875869, 2110.97801042, 
Chromsome [4]: (785.0)1.91918277285, -21.5520513722, 129544.780732, 19.9857047326, 1761.67577447, 
<------------ GEN 5--------------->
Chromsome [0]: (806.633333333)-48.4514702471, 87.8309622709, 78950.1672652, 17.9305578698, 1238.33389715, 
Chromsome [1]: (762.033333333)1.91918277285, 49.5983332184, 55800.675014, 16.6402274275, -367.322823361, 
Chromsome [2]: (759.866666667)1.91918277285, -21.5520513722, 23168.6585494, 26.0867510002, 2649.90155273, 
Chromsome [3]: (759.533333333)1.91918277285, 11.2071852109, 55800.675014, 16.6402274275, 1353.96829152, 
Chromsome [4]: (753.6)1.91918277285, -21.5520513722, 129544.780732, 9.25055875869, 2110.97801042, 
<------------ GEN 6--------------->
Chromsome [0]: (822.233333333)-5.72598645223, -29.0157406682, 16540.402142, 19.9857047326, 2565.67846289, 
Chromsome [1]: (822.233333333)-26.9473428827, -15.9566397053, 2156.1199329, 16.7953933047, 2706.97502405, 
Chromsome [2]: (822.233333333)-48.4514702471, 87.8309622709, 78950.1672652, 17.9305578698, 1238.33389715, 
Chromsome [3]: (757.3)1.91918277285, -13.6277254314, 51786.943315, 3.66470401888, 904.021061639, 
Chromsome [4]: (756.966666667)1.91918277285, -35.1740198398, 23473.5105298, 8.14721082828, 766.168256526, 
<------------ GEN 7--------------->
Chromsome [0]: (816.233333333)-13.0883220198, 87.8309622709, 22065.6408716, 17.9305578698, 1238.33389715, 
Chromsome [1]: (816.233333333)-5.72598645223, -29.0157406682, 16540.402142, 19.9857047326, 2565.67846289, 
Chromsome [2]: (781.833333333)1.91918277285, 11.2071852109, 55800.675014, 16.6402274275, 2589.91275333, 
Chromsome [3]: (775.933333333)1.91918277285, -35.1740198398, 23473.5105298, 12.6082359218, 1216.10774299, 
Chromsome [4]: (774.166666667)1.91918277285, -13.6277254314, 178952.438301, 17.9305578698, 2962.90765875, 
<------------ GEN 8--------------->
Chromsome [0]: (821.5)-13.0883220198, 87.8309622709, 22065.6408716, 17.9305578698, 1238.33389715, 
Chromsome [1]: (763.266666667)1.91918277285, -35.1740198398, -82326.5978897, 12.6082359218, 1772.38298372, 
Chromsome [2]: (759.433333333)1.91918277285, 155.090692383, 55800.675014, 9.21086926845, 1353.96829152, 
Chromsome [3]: (759.166666667)1.91918277285, 11.2071852109, 117765.394035, 16.6402274275, 2589.91275333, 
Chromsome [4]: (752.1)1.91918277285, -21.5520513722, 25892.9073894, 23.0057552059, 1761.67577447, 
<------------ GEN 9--------------->
Chromsome [0]: (815.366666667)-43.9349873574, 44.6853021771, 85593.727124, 17.9305578698, 904.021061639, 
Chromsome [1]: (815.366666667)-13.0883220198, 87.8309622709, 22065.6408716, 17.9305578698, 1238.33389715, 
Chromsome [2]: (743.9)1.91918277285, 11.2071852109, 117765.394035, -11.1634694439, 2589.91275333, 
Chromsome [3]: (743.733333333)1.91918277285, 24.9093076173, 55800.675014, 9.21086926845, 2706.97502405, 
Chromsome [4]: (741.6)1.91918277285, -4.40499667867, 178952.438301, 16.6402274275, 821.180772354, 
<------------ GEN 10--------------->
Chromsome [0]: (810.366666667)-43.9349873574, 44.6853021771, 85593.727124, 17.9305578698, 904.021061639, 
Chromsome [1]: (740.833333333)1.91918277285, -5.53938164774, -52087.6318204, 4.68186049405, 1238.33389715, 
Chromsome [2]: (728.366666667)1.91918277285, 24.9093076173, 55800.675014, 10.6973679701, 2706.97502405, 
Chromsome [3]: (721.733333333)1.91918277285, -4.40499667867, 124589.462516, 25.0993788186, 2989.88646663, 
Chromsome [4]: (721.466666667)1.91918277285, -21.5520513722, 28318.0708315, 16.6402274275, 1353.96829152, 
<------------ GEN 11--------------->
Chromsome [0]: (803.333333333)-43.9349873574, 44.6853021771, 85593.727124, 17.9305578698, 904.021061639, 
Chromsome [1]: (742.033333333)1.91918277285, -87.7901893585, -96583.7357251, 29.0025429162, 2494.86723951, 
Chromsome [2]: (738.2)1.91918277285, 24.9093076173, 55800.675014, 10.6973679701, 2706.97502405, 
Chromsome [3]: (737.133333333)1.91918277285, 21.3287395939, 537.636265271, 28.503465322, 610.128676419, 
Chromsome [4]: (736.9)1.91918277285, 15.9786315273, 6462.0497935, 17.9305578698, 2473.23212202, 
<------------ GEN 12--------------->
Chromsome [0]: (805.333333333)-43.9349873574, 44.6853021771, 85593.727124, 17.9305578698, 904.021061639, 
Chromsome [1]: (746.133333333)1.91918277285, 15.9786315273, 6462.0497935, 16.6402274275, 1353.96829152, 
Chromsome [2]: (745.5)1.91918277285, 21.3287395939, 537.636265271, 28.503465322, 610.128676419, 
Chromsome [3]: (745.266666667)1.91918277285, 24.9093076173, 55800.675014, 7.70734766311, 2706.97502405, 
Chromsome [4]: (732.0)1.91918277285, 70.4533217508, 28318.0708315, 16.6402274275, 4092.97231751, 
<------------ GEN 13--------------->
Chromsome [0]: (808.966666667)-43.9349873574, 44.6853021771, 85593.727124, 17.9305578698, 904.021061639, 
Chromsome [1]: (753.0)1.91918277285, 15.9786315273, 6462.0497935, 16.6402274275, 3545.62167972, 
Chromsome [2]: (752.1)1.91918277285, 21.3287395939, 537.636265271, 28.503465322, 2213.49001198, 
Chromsome [3]: (745.1)1.91918277285, 11.2071852109, 71802.9975096, 20.3899692981, 2248.60951285, 
Chromsome [4]: (745.033333333)1.91918277285, 21.3287395939, 58725.9569726, 28.503465322, 1361.97771902, 
<------------ GEN 14--------------->
Chromsome [0]: (803.366666667)-43.9349873574, 44.6853021771, 85593.727124, 17.9305578698, 904.021061639, 
Chromsome [1]: (759.0)1.91918277285, 15.9786315273, 6462.0497935, 16.6402274275, 2454.37832028, 
Chromsome [2]: (757.366666667)1.91918277285, 10.2007561681, 74315.1132646, 21.2915954682, 1950.2871235, 
Chromsome [3]: (757.333333333)1.91918277285, 11.2071852109, 71802.9975096, 20.3899692981, 2248.60951285, 
Chromsome [4]: (757.266666667)1.91918277285, 21.3287395939, 58725.9569726, 28.503465322, 6227.5669889, 
<------------ GEN 15--------------->
Chromsome [0]: (814.266666667)-43.9349873574, 44.6853021771, 85593.727124, 17.9305578698, 904.021061639, 
Chromsome [1]: (774.033333333)1.91918277285, -183.124264557, 6462.0497935, 16.6402274275, 2454.37832028, 
Chromsome [2]: (772.633333333)1.91918277285, 10.2007561681, 22065.6408716, 27.6417940641, 576.203193887, 
Chromsome [3]: (770.166666667)1.91918277285, 11.2071852109, 71802.9975096, 24.0181273543, 1931.85072017, 
Chromsome [4]: (767.333333333)1.91918277285, -114.659381649, 172728.383314, 7.70734766311, 2338.76524116, 
<------------ GEN 16--------------->
Chromsome [0]: (825.233333333)-45.796101267, -142.041422796, 137169.44724, 29.3080048571, 1402.54319152, 
Chromsome [1]: (825.233333333)-43.9349873574, 44.6853021771, 85593.727124, 17.9305578698, 904.021061639, 
Chromsome [2]: (784.5)1.91918277285, 10.2007561681, 22065.6408716, 27.6417940641, 1963.65387124, 
Chromsome [3]: (781.633333333)1.7122837229, 69.8656120939, 155093.28392, 17.9305578698, 803.975431756, 
Chromsome [4]: (779.033333333)1.91918277285, -47.0563752441, 28318.0708315, 20.9279691948, 2473.23212202, 
<------------ GEN 17--------------->
Chromsome [0]: (804.4)-19.8421507635, -9.82662250638, 28318.0708315, 18.0151536065, 2473.23212202, 
Chromsome [1]: (804.4)-45.796101267, -142.041422796, 137169.44724, 29.3080048571, 1402.54319152, 
Chromsome [2]: (773.0)1.91918277285, -37.6582426347, 22065.6408716, 5.73758848379, 1963.65387124, 
Chromsome [3]: (771.2)1.91918277285, 41.592928954, 147304.1531, 28.503465322, 877.505457799, 
Chromsome [4]: (768.3)1.91918277285, 10.2007561681, 23064.6614787, 27.6813753768, 2285.04159083, 
<------------ GEN 18--------------->
Chromsome [0]: (843.966666667)-19.8421507635, -9.82662250638, 28318.0708315, 18.0151536065, 2473.23212202, 
Chromsome [1]: (814.833333333)1.91918277285, -37.6582426347, 22065.6408716, 5.73758848379, 1402.54319152, 
Chromsome [2]: (807.666666667)1.7122837229, 84.2021158943, -57086.228649, 28.456462361, 598.875309615, 
Chromsome [3]: (806.633333333)1.91918277285, 10.2007561681, 233204.544023, 17.9305578698, 904.021061639, 
Chromsome [4]: (805.233333333)1.91918277285, -20.9888620895, 22065.6408716, 17.9305578698, 904.021061639, 
<------------ GEN 19--------------->
Chromsome [0]: (839.633333333)-17.0286336597, -42.116771219, 172728.383314, 29.4498663418, 904.021061639, 
Chromsome [1]: (839.633333333)-19.8421507635, -9.82662250638, 28318.0708315, 18.0151536065, 2473.23212202, 
Chromsome [2]: (817.966666667)1.91918277285, -28.6549661724, 22065.6408716, 0.56181683838, 904.021061639, 
Chromsome [3]: (809.3)1.91918277285, -37.6582426347, 22065.6408716, 5.73758848379, 308.345525815, 
Chromsome [4]: (803.266666667)1.7122837229, 84.2021158943, 57086.228649, 5.78125137924, 2191.75725613, 
<------------ GEN 20--------------->
Chromsome [0]: (818.3)-37.7239506197, -37.6582426347, 22065.6408716, 14.6116100817, 803.975431756, 
Chromsome [1]: (818.3)-17.0286336597, -42.116771219, 172728.383314, 29.4498663418, 904.021061639, 
Chromsome [2]: (786.266666667)1.7122837229, 33.7523971915, -23245.2997438, 20.3918986815, 904.021061639, 
Chromsome [3]: (777.9)1.91918277285, -37.6582426347, 22065.6408716, 29.4498663418, 904.021061639, 
Chromsome [4]: (777.733333333)1.91918277285, -28.6549661724, 22065.6408716, 16.103573864, 1950.2871235, 
<------------ GEN 21--------------->
Chromsome [0]: (838.0)-37.7239506197, -37.6582426347, 22065.6408716, 14.6116100817, 803.975431756, 
Chromsome [1]: (798.766666667)1.7122837229, 69.2223345951, 23245.2997438, 20.3918986815, 1652.57365026, 
Chromsome [2]: (795.633333333)3.82738569544, -75.6954201242, 85593.727124, 18.0151536065, 904.021061639, 
Chromsome [3]: (792.566666667)1.91918277285, -37.6582426347, 22065.6408716, 29.4498663418, 6075.69099738, 
Chromsome [4]: (785.933333333)1.7122837229, -13.8850823417, 66524.5915515, 29.4498663418, 904.021061639, 
<------------ GEN 22--------------->
Chromsome [0]: (828.4)-37.7239506197, -37.6582426347, 22065.6408716, 14.6116100817, 803.975431756, 
Chromsome [1]: (799.1)1.91918277285, -66.3643356057, -259016.862421, 18.5097869646, 904.021061639, 
Chromsome [2]: (797.833333333)1.7122837229, 178.653327242, 90171.3944651, 21.5816328724, 1489.12132315, 
Chromsome [3]: (795.466666667)1.91918277285, -120.415221893, 155093.28392, 2.57961994846, 691.654474185, 
Chromsome [4]: (790.333333333)1.91918277285, -37.6582426347, 22065.6408716, 29.4498663418, 1284.97685885, 
<------------ GEN 23--------------->
Chromsome [0]: (800.8)-37.7239506197, -37.6582426347, 22065.6408716, 14.6116100817, 803.975431756, 
Chromsome [1]: (766.566666667)1.91918277285, -59.5847781073, 21588.2362034, 2.57961994846, 691.654474185, 
Chromsome [2]: (757.666666667)1.91918277285, 40.7403065739, 34145.7570979, 5.48641452826, 2473.23212202, 
Chromsome [3]: (755.633333333)1.7122837229, 1.34667275758, 93050.9089444, 17.4056932354, 2103.73034023, 
Chromsome [4]: (749.9)1.91918277285, -87.9114217554, 67318.2961019, 18.0151536065, 1224.59867531, 
<------------ GEN 24--------------->
Chromsome [0]: (813.1)-11.6457964819, -75.6954201242, 85593.727124, 29.4498663418, 1284.97685885, 
Chromsome [1]: (813.1)-1.73940065135, 40.7403065739, 217213.717452, 17.4056932354, 2103.73034023, 
Chromsome [2]: (813.1)-37.7239506197, -37.6582426347, 22065.6408716, 14.6116100817, 803.975431756, 
Chromsome [3]: (786.533333333)1.91918277285, -87.9114217554, 67318.2961019, 18.0151536065, 1224.59867531, 
Chromsome [4]: (785.8)1.91918277285, -84.9263896834, 138710.606684, 19.0778296433, 803.975431756, 
<------------ GEN 25--------------->
Chromsome [0]: (805.033333333)-11.6457964819, -75.6954201242, 85593.727124, 29.4498663418, 1284.97685885, 
Chromsome [1]: (773.6)1.93940065135, 40.7403065739, 61106.7246069, 15.5051038773, 764.951092653, 
Chromsome [2]: (773.6)1.93940065135, 40.7403065739, 53478.4817242, 21.5816328724, 782.235605978, 
Chromsome [3]: (768.7)1.91918277285, -87.9114217554, 67318.2961019, 16.2721472716, 803.975431756, 
Chromsome [4]: (767.466666667)1.91918277285, -84.9263896834, 138710.606684, 19.0778296433, 533.680701132, 
<------------ GEN 26--------------->
Chromsome [0]: (824.533333333)-11.6457964819, -75.6954201242, 85593.727124, 29.4498663418, 1284.97685885, 
Chromsome [1]: (785.733333333)1.91918277285, 99.9258880085, 138710.606684, 15.4690453314, 2793.17790912, 
Chromsome [2]: (775.2)1.91918277285, -36.8156387134, 28328.6853907, 29.4498663418, 1284.97685885, 
Chromsome [3]: (775.2)1.93940065135, 40.7403065739, 61106.7246069, 15.5051038773, 764.951092653, 
Chromsome [4]: (775.2)1.93940065135, 40.7403065739, 53478.4817242, 21.5816328724, 904.021061639, 
<------------ GEN 27--------------->
Chromsome [0]: (840.966666667)-10.662169216, -81.2532384257, 106884.526226, 16.2721472716, 803.975431756, 
Chromsome [1]: (840.966666667)-10.378192576, -55.5670452952, 172728.383314, 17.9305578698, 2126.29318948, 
Chromsome [2]: (840.966666667)-7.91550523432, -18.2995296355, 29756.6820279, 27.3811966333, 2394.60706127, 
Chromsome [3]: (840.966666667)-11.6457964819, -75.6954201242, 85593.727124, 29.4498663418, 1284.97685885, 
Chromsome [4]: (789.033333333)1.91918277285, 80.0741119915, 100276.165193, 15.4690453314, 2065.15365244, 
<------------ GEN 28--------------->
Chromsome [0]: (839.433333333)-30.9939744838, -87.9114217554, 163443.576181, 20.6123988319, 2276.61782529, 
Chromsome [1]: (839.433333333)-10.662169216, -81.2532384257, 106884.526226, 16.2721472716, 803.975431756, 
Chromsome [2]: (802.1)1.93940065135, 40.7403065739, 53478.4817242, 14.6961729468, 1284.97685885, 
Chromsome [3]: (800.533333333)1.91918277285, 39.1102795283, 28328.6853907, 20.6414240832, 1344.24016538, 
Chromsome [4]: (798.566666667)1.91918277285, 80.0741119915, 100276.165193, 3.07311147151, 595.474402176, 
<------------ GEN 29--------------->
Chromsome [0]: (827.5)-30.9939744838, -87.9114217554, 163443.576181, 20.6123988319, 2276.61782529, 
Chromsome [1]: (821.1)1.91918277285, 126.230155894, -168017.604528, -22.4444669007, 764.951092653, 
Chromsome [2]: (788.4)1.93940065135, 40.7403065739, 77929.5780713, 17.7200218537, 1284.97685885, 
Chromsome [3]: (787.9)1.91918277285, 39.1102795283, 27274.0061207, 16.884450927, 1344.24016538, 
Chromsome [4]: (787.833333333)1.91918277285, 39.1102795283, 28328.6853907, 20.6414240832, 1018.2688993, 
<------------ GEN 30--------------->
Chromsome [0]: (834.5)-4.70259036655, -59.0359644262, 131159.187501, 12.2882846116, 1221.21885059, 
Chromsome [1]: (834.5)-30.9939744838, -87.9114217554, 163443.576181, 20.6123988319, 2276.61782529, 
Chromsome [2]: (828.833333333)0.173350573135, -0.550898578956, 163443.576181, 23.4595732651, 2276.61782529, 
Chromsome [3]: (809.066666667)1.91918277285, 39.1102795283, 27274.0061207, 16.884450927, 1344.24016538, 
Chromsome [4]: (808.8)1.91918277285, 39.1102795283, 28328.6853907, 20.6414240832, 1018.2688993, 
<------------ GEN 31--------------->
Chromsome [0]: (838.9)-4.70259036655, -59.0359644262, 131159.187501, 12.2882846116, 1221.21885059, 
Chromsome [1]: (825.633333333)0.173350573135, -0.550898578956, 163443.576181, 23.4595732651, 961.503860047, 
Chromsome [2]: (794.7)1.91918277285, -87.230801975, 24223.8112245, 9.29138022928, -28.8482655817, 
Chromsome [3]: (794.533333333)1.91918277285, 39.1102795283, 28328.6853907, 21.5816328724, 904.021061639, 
Chromsome [4]: (790.5)1.91918277285, 10.6056219402, 168017.604528, 17.6917281642, 764.951092653, 
<------------ GEN 32--------------->
Chromsome [0]: (865.8)-4.70259036655, -59.0359644262, 131159.187501, 12.2882846116, 1221.21885059, 
Chromsome [1]: (862.966666667)0.173350573135, -0.550898578956, 83353.3234502, 17.6917281642, 764.951092653, 
Chromsome [2]: (862.9)0.173350573135, -60.3802607667, 163443.576181, 19.2548635779, 961.503860047, 
Chromsome [3]: (850.0)1.91918277285, -18.2995296355, 118169.545158, 4.31978396182, 2394.60706127, 
Chromsome [4]: (846.566666667)1.91918277285, -87.230801975, 27274.0061207, 16.884450927, 1344.24016538, 
<------------ GEN 33--------------->
Chromsome [0]: (832.4)-74.1793176512, 53.7698441064, 168017.604528, 0.782695294725, 875.221354573, 
Chromsome [1]: (832.4)-4.70259036655, -59.0359644262, 131159.187501, 12.2882846116, 1221.21885059, 
Chromsome [2]: (826.6)0.173350573135, -60.3802607667, 163443.576181, 19.2548635779, 961.503860047, 
Chromsome [3]: (813.4)1.91918277285, -18.2995296355, 118169.545158, 4.31978396182, 2394.60706127, 
Chromsome [4]: (813.4)1.91918277285, 159.461639447, 115115.538543, 16.0858975585, 2124.2061559, 
<------------ GEN 34--------------->
Chromsome [0]: (812.433333333)-74.1793176512, 53.7698441064, 168017.604528, 0.782695294725, 875.221354573, 
Chromsome [1]: (806.633333333)0.173350573135, -60.3802607667, 131159.187501, 12.2882846116, 2495.41465143, 
Chromsome [2]: (799.633333333)1.91918277285, -18.2995296355, 118169.545158, 29.4498663418, 1284.97685885, 
Chromsome [3]: (799.5)1.91918277285, 20.5383605525, 115115.538543, 16.0858975585, 2124.2061559, 
Chromsome [4]: (799.233333333)1.91918277285, 94.0687808805, 3035.05435746, 12.2882846116, 2482.94703797, 
<------------ GEN 35--------------->
Chromsome [0]: (828.9)-74.1793176512, 53.7698441064, 168017.604528, 0.782695294725, 875.221354573, 
Chromsome [1]: (826.466666667)0.173350573135, 120.612186236, 131159.187501, 12.2882846116, 1505.53591889, 
Chromsome [2]: (819.666666667)1.91918277285, -0.550898578956, 83353.3234502, 37.1787020694, 4825.32864002, 
Chromsome [3]: (818.833333333)1.91918277285, 85.9312191195, 3035.05435746, 12.2882846116, -177.320666601, 
Chromsome [4]: (816.133333333)1.91918277285, -80.0472822073, 55199.7189474, 29.4498663418, 1284.97685885, 
<------------ GEN 36--------------->
Chromsome [0]: (820.066666667)-74.1793176512, 53.7698441064, 168017.604528, 0.782695294725, 875.221354573, 
Chromsome [1]: (795.333333333)4.90259036655, -62.4207104872, 131159.187501, 12.2882846116, -294.348927773, 
Chromsome [2]: (782.766666667)0.173350573135, 30.2156984431, 93984.0427005, 12.2882846116, 2856.65377389, 
Chromsome [3]: (776.7)1.91918277285, -0.550898578956, 83353.3234502, 22.8212979306, 1174.67135998, 
Chromsome [4]: (773.733333333)1.91918277285, 39.1102795283, 7585.65361958, 17.9391733432, 2214.72931871, 
<------------ GEN 37--------------->
Chromsome [0]: (836.9)-71.1242588465, -25.9498683826, 77929.5780713, 1.72514631097, 1996.12160667, 
Chromsome [1]: (836.9)-74.1793176512, 53.7698441064, 168017.604528, 0.782695294725, 875.221354573, 
Chromsome [2]: (825.233333333)1.91918277285, -209.836128413, 55199.7189474, 29.4498663418, 1825.17193086, 
Chromsome [3]: (813.0)0.173350573135, 30.2156984431, 315300.803785, 23.9276502695, 651.775528834, 
Chromsome [4]: (813.0)0.173350573135, 30.2156984431, 93984.0427005, 12.2882846116, 2856.65377389, 
<------------ GEN 38--------------->
Chromsome [0]: (826.6)-3.16444558324, -150.652146081, 180360.795701, 12.2882846116, 2596.2436745, 
Chromsome [1]: (826.6)-71.1242588465, -25.9498683826, 77929.5780713, 1.72514631097, 1996.12160667, 
Chromsome [2]: (797.733333333)4.90259036655, -62.4207104872, 131159.187501, 12.2882846116, 1294.34892777, 
Chromsome [3]: (792.233333333)0.173350573135, 8.59770498144, 93984.0427005, 12.2882846116, 2090.27660379, 
Chromsome [4]: (792.2)0.173350573135, 30.2156984431, 44699.1962152, 23.9276502695, 651.775528834, 
<------------ GEN 39--------------->
Chromsome [0]: (815.666666667)-92.8233327279, -25.9498683826, 73099.06447, 1.72514631097, 875.221354573, 
Chromsome [1]: (815.666666667)-3.16444558324, -150.652146081, 180360.795701, 12.2882846116, 2596.2436745, 
Chromsome [2]: (809.933333333)0.173350573135, 8.59770498144, 93984.0427005, 16.1308624414, 2090.27660379, 
Chromsome [3]: (809.866666667)0.173350573135, 30.2156984431, 44699.1962152, 23.9276502695, 651.775528834, 
Chromsome [4]: (795.166666667)1.91918277285, 80.0856792248, 84579.3988487, 0.0266894429657, 1825.17193086, 
<------------ GEN 40--------------->
Chromsome [0]: (820.566666667)-92.8233327279, -25.9498683826, 73099.06447, 1.72514631097, 875.221354573, 
Chromsome [1]: (796.7)0.173350573135, 8.59770498144, 94010.1172367, 16.1308624414, 2431.62789987, 
Chromsome [2]: (796.666666667)0.173350573135, 30.2156984431, 134069.735001, 14.16300626, 651.775528834, 
Chromsome [3]: (796.666666667)0.173350573135, 30.2156984431, 44699.1962152, 23.9276502695, 1094.78742917, 
Chromsome [4]: (771.733333333)1.91918277285, 29.8361284132, 66995.0085191, 0.129544656327, 1505.53591889, 
<------------ GEN 41--------------->
Chromsome [0]: (834.033333333)-92.8233327279, -25.9498683826, 73099.06447, 1.72514631097, 875.221354573, 
Chromsome [1]: (831.133333333)0.173350573135, -61.9953148097, 88170.3531496, 1.72514631097, 1996.12160667, 
Chromsome [2]: (826.366666667)1.91918277285, -154.09309695, 49006.9535612, 16.884450927, 2145.38967706, 
Chromsome [3]: (824.6)1.91918277285, 49.4260727898, 157545.041329, 22.3403864016, 794.382565251, 
Chromsome [4]: (824.6)1.91918277285, 49.4260727898, 33705.0364472, 18.2548737898, 754.262998139, 
<------------ GEN 42--------------->
Chromsome [0]: (856.533333333)-92.8233327279, -25.9498683826, 73099.06447, 1.72514631097, 875.221354573, 
Chromsome [1]: (853.633333333)0.173350573135, -61.9953148097, 88170.3531496, 10.1461026167, 1988.87320974, 
Chromsome [2]: (850.3)5.80896022617, 46.3887603311, 162284.993769, 12.2882846116, 2596.2436745, 
Chromsome [3]: (847.1)1.91918277285, 49.4260727898, 131159.187501, 8.90473031582, 3260.53004781, 
Chromsome [4]: (847.033333333)1.91918277285, 65.7734798007, 122922.760849, 12.2882846116, 2343.67919458, 
<------------ GEN 43--------------->
Chromsome [0]: (837.933333333)-92.8233327279, -25.9498683826, 73099.06447, 1.72514631097, 875.221354573, 
Chromsome [1]: (821.8)5.80896022617, -254.798138463, -27582.9839826, 18.2548737898, 1792.53319716, 
Chromsome [2]: (814.066666667)0.173350573135, -5.86653264488, 88170.3531496, 10.1461026167, 2739.46995219, 
Chromsome [3]: (813.533333333)1.91918277285, -5.1506560994, 198375.931613, 9.05967244674, 784.808664382, 
Chromsome [4]: (813.2)1.91918277285, 49.4260727898, 167508.414909, 8.90473031582, 1988.87320974, 
<------------ GEN 44--------------->
Chromsome [0]: (860.3)-92.8233327279, -25.9498683826, 73099.06447, 1.72514631097, 875.221354573, 
Chromsome [1]: (855.666666667)1.91918277285, -15.5377417553, 4969.46008211, 4.59789687806, 2093.03313413, 
Chromsome [2]: (851.933333333)5.80896022617, 74.7981384631, 27582.9839826, 18.2548737898, 1063.87174095, 
Chromsome [3]: (850.933333333)0.173350573135, -29.3478539186, 149128.615151, 20.6123988319, 1996.12160667, 
Chromsome [4]: (848.3)1.91918277285, -76.9407970291, 33705.0364472, 19.5095992467, 2596.2436745, 
<------------ GEN 45--------------->
Chromsome [0]: (850.6)-112.542083938, -68.7757721756, 90278.6140562, 25.351907214, 1950.6895219, 
Chromsome [1]: (850.6)-92.8233327279, -25.9498683826, 73099.06447, 1.72514631097, 875.221354573, 
Chromsome [2]: (838.466666667)5.80896022617, 74.7981384631, 27582.9839826, 3.35024224009, 1813.18104427, 
Chromsome [3]: (837.433333333)0.173350573135, 82.2840723652, 79974.5888423, 13.5464045947, 1845.20628973, 
Chromsome [4]: (830.566666667)1.91918277285, -29.3478539186, 149128.615151, 20.6123988319, 1996.12160667, 
<------------ GEN 46--------------->
Chromsome [0]: (845.633333333)-21.2385190591, -89.2927673823, 131159.187501, 23.9375774754, 2849.93030987, 
Chromsome [1]: (845.633333333)-112.542083938, -68.7757721756, 90278.6140562, 25.351907214, 1950.6895219, 
Chromsome [2]: (834.3)0.173350573135, -201.749912463, 154670.455112, 1.72514631097, 875.221354573, 
Chromsome [3]: (830.566666667)5.80896022617, 41.0240721712, 27582.9839826, 13.0386909419, 1813.18104427, 
Chromsome [4]: (821.933333333)1.91918277285, -114.168465338, 33705.0364472, 19.5095992467, 2469.27473384, 
<------------ GEN 47--------------->
Chromsome [0]: (840.966666667)-21.2385190591, -89.2927673823, 131159.187501, 23.9375774754, 2849.93030987, 
Chromsome [1]: (831.6)0.173350573135, 21.7499124627, 154670.455112, 1.72514631097, 2421.26839827, 
Chromsome [2]: (823.1)5.80896022617, -89.2927673823, 131159.187501, 23.9375774754, 2849.93030987, 
Chromsome [3]: (820.933333333)1.91918277285, -29.3478539186, 149128.615151, 20.6123988319, 1996.12160667, 
Chromsome [4]: (820.933333333)1.91918277285, 24.6656014475, 176025.4566, 14.0401971514, 1981.74200032, 
<------------ GEN 48--------------->
Chromsome [0]: (830.566666667)-21.2385190591, -89.2927673823, 131159.187501, 23.9375774754, 2849.93030987, 
Chromsome [1]: (814.6)5.80896022617, -89.2927673823, -22274.2186253, 23.9375774754, 2849.93030987, 
Chromsome [2]: (810.7)0.173350573135, 21.7499124627, 154670.455112, 24.1144800243, 2217.92630092, 
Chromsome [3]: (810.2)1.62056834884, 21.7499124627, 101093.341778, 22.4108227244, 2703.15481971, 
Chromsome [4]: (810.0)1.91918277285, -15.5377417553, 131159.187501, 2.95205947643, 2849.93030987, 
<------------ GEN 49--------------->
Chromsome [0]: (830.266666667)-21.2385190591, -89.2927673823, 131159.187501, 23.9375774754, 2849.93030987, 
Chromsome [1]: (812.4)5.80896022617, -89.2927673823, 22274.2186253, 1.27633256467, 3288.97669564, 
Chromsome [2]: (810.133333333)1.91918277285, 141.340607894, 144061.446559, 25.351907214, 4525.67755819, 
Chromsome [3]: (805.5)5.80896022617, -76.9407970291, 92073.9628769, 23.7961201472, 1988.87320974, 
Chromsome [4]: (797.0)0.173350573135, 21.7499124627, 124721.200403, 24.1144800243, 2217.92630092, 
<------------ GEN 50--------------->
Chromsome [0]: (834.166666667)-21.2385190591, -89.2927673823, 131159.187501, 23.9375774754, 2849.93030987, 
Chromsome [1]: (808.966666667)0.173350573135, 21.7499124627, 131711.906021, 24.1144800243, 2217.92630092, 
Chromsome [2]: (808.966666667)0.173350573135, 21.7499124627, 68696.9676668, 34.4330637816, 2703.15481971, 
Chromsome [3]: (808.0)1.91918277285, -15.5377417553, 66315.4642069, 19.4195160007, 2849.93030987, 
Chromsome [4]: (807.966666667)1.91918277285, -28.8587735353, 119281.390355, 23.9375774754, 2987.18561401, 
<------------ GEN 51--------------->
Chromsome [0]: (834.5)-48.310379229, -29.3478539186, 119281.390355, 14.580409522, 2415.25651872, 
Chromsome [1]: (834.5)-21.2385190591, -89.2927673823, 131159.187501, 23.9375774754, 2849.93030987, 
Chromsome [2]: (799.133333333)1.91918277285, -51.5848420924, -27304.9117567, 24.1144800243, 2217.92630092, 
Chromsome [3]: (795.233333333)0.173350573135, 21.7499124627, 131711.906021, 27.4725969512, 2217.92630092, 
Chromsome [4]: (795.233333333)0.173350573135, 21.7499124627, 68696.9676668, 19.022644251, 784.808664382, 
<------------ GEN 52--------------->
Chromsome [0]: (834.2)-48.310379229, -29.3478539186, 119281.390355, 14.580409522, 2415.25651872, 
Chromsome [1]: (812.266666667)1.91918277285, 59.664535156, 27304.9117567, -8.07387267854, 1752.85838746, 
Chromsome [2]: (811.933333333)1.91918277285, 49.5163301097, -88779.0401822, 25.5669362184, 2703.15481971, 
Chromsome [3]: (811.933333333)0.173350573135, -10.8912467968, 177609.427494, 22.4108227244, 2601.66603872, 
Chromsome [4]: (811.9)0.173350573135, -24.1255614519, 131711.906021, 0.311836484504, 2849.93030987, 
<------------ GEN 53--------------->
Chromsome [0]: (821.4)-48.310379229, -29.3478539186, 119281.390355, 14.580409522, 2415.25651872, 
Chromsome [1]: (808.4)1.91918277285, 29.97914653, 122922.760849, 15.506836493, 2739.46995219, 
Chromsome [2]: (808.033333333)1.91918277285, -249.005376829, 28195.0267451, 23.9375774754, 2217.92630092, 
Chromsome [3]: (805.533333333)0.173350573135, -46.9855569343, 131711.906021, 0.311836484504, 2849.93030987, 
Chromsome [4]: (804.1)1.91918277285, 34.1122837626, 131159.187501, 26.4453187793, 2168.23479313, 
<------------ GEN 54--------------->
Chromsome [0]: (835.4)-48.310379229, -29.3478539186, 119281.390355, 14.580409522, 2415.25651872, 
Chromsome [1]: (822.633333333)0.173350573135, -46.9855569343, 27862.5457963, 0.311836484504, 2739.46995219, 
Chromsome [2]: (822.433333333)1.91918277285, 341.439279136, 28195.0267451, 23.9375774754, 2217.92630092, 
Chromsome [3]: (822.4)1.91918277285, -27.9242484399, 114415.248339, 11.4004451972, 1671.77028963, 
Chromsome [4]: (822.4)1.91918277285, 29.97914653, 122922.760849, 15.506836493, 2849.93030987, 
<------------ GEN 55--------------->
Chromsome [0]: (831.966666667)-48.310379229, -29.3478539186, 119281.390355, 14.580409522, 2415.25651872, 
Chromsome [1]: (823.033333333)0.173350573135, -201.720673225, 27862.5457963, 8.40128803216, 1754.44293272, 
Chromsome [2]: (822.633333333)1.91918277285, 49.5163301097, -69534.9759998, 27.0869470335, 2274.43236714, 
Chromsome [3]: (822.366666667)1.91918277285, -161.439279136, 194087.4704, 23.9375774754, 1577.16562414, 
Chromsome [4]: (822.166666667)1.91918277285, 16.4953487684, 86415.8475326, 16.0236681672, 858.179446182, 
<------------ GEN 56--------------->
Chromsome [0]: (802.066666667)-48.310379229, -29.3478539186, 119281.390355, 14.580409522, 2415.25651872, 
Chromsome [1]: (783.0)0.173350573135, 21.7206732247, 27862.5457963, 8.40128803216, 1754.44293272, 
Chromsome [2]: (782.866666667)1.91918277285, -197.915442832, 131711.906021, 5.19810226563, 2217.92630092, 
Chromsome [3]: (782.533333333)1.91918277285, -18.5607208639, 165912.5296, 10.3613669566, 1698.18383501, 
Chromsome [4]: (782.533333333)1.91918277285, -18.5607208639, 165912.5296, 23.9375774754, 1198.97472529, 
<------------ GEN 57--------------->
Chromsome [0]: (810.866666667)-48.310379229, -29.3478539186, 119281.390355, 14.580409522, 2415.25651872, 
Chromsome [1]: (790.566666667)1.91918277285, 17.9154428321, 104970.240795, 26.4453187793, 1198.97472529, 
Chromsome [2]: (790.566666667)1.91918277285, -18.5607208639, 165912.5296, 23.9375774754, 1198.97472529, 
Chromsome [3]: (790.3)1.91918277285, -26.8848756284, 122922.760849, 15.506836493, 1873.86342109, 
Chromsome [4]: (789.3)0.173350573135, 40.9441229694, 27862.5457963, 17.2244241837, 1754.44293272, 
<------------ GEN 58--------------->
Chromsome [0]: (833.066666667)-48.310379229, -29.3478539186, 119281.390355, 14.580409522, 2415.25651872, 
Chromsome [1]: (816.733333333)1.91918277285, -18.5607208639, 34655.7846612, 7.23723340685, 2432.09141145, 
Chromsome [2]: (816.733333333)1.91918277285, 17.9154428321, 104970.240795, 26.4453187793, 1198.97472529, 
Chromsome [3]: (816.666666667)1.91918277285, -26.8848756284, 122922.760849, 15.0318995794, 1705.94212058, 
Chromsome [4]: (815.666666667)1.91918277285, -64.8518013196, 5634.2373514, 34.376044721, 1592.52911105, 
<------------ GEN 59--------------->
Chromsome [0]: (822.666666667)-66.4580266831, 116.159990108, 53923.8400824, 25.7429240333, 2337.14414771, 
Chromsome [1]: (822.666666667)-48.310379229, -29.3478539186, 119281.390355, 14.580409522, 2415.25651872, 
Chromsome [2]: (810.4)0.173350573135, 15.4916127822, 119281.390355, 23.9375774754, 2919.7295567, 
Chromsome [3]: (809.7)1.91918277285, 17.9154428321, 104970.240795, 26.4453187793, 1198.97472529, 
Chromsome [4]: (809.7)1.91918277285, 17.9154428321, 104970.240795, 26.4453187793, 1198.97472529, 
<------------ GEN 60--------------->
Chromsome [0]: (814.466666667)-39.4531050898, -52.2276437483, 27862.5457963, 29.1582998295, 1198.97472529, 
Chromsome [1]: (814.466666667)-66.4580266831, 116.159990108, 53923.8400824, 25.7429240333, 2337.14414771, 
Chromsome [2]: (802.766666667)0.173350573135, 61.5536663141, 22874.3671408, 6.70625702744, 2703.15481971, 
Chromsome [3]: (802.2)0.173350573135, 15.4916127822, 119281.390355, 23.5750033164, 2337.14414771, 
Chromsome [4]: (801.5)1.91918277285, 17.9154428321, 104970.240795, 13.3560181823, 1537.2151957, 
<------------ GEN 61--------------->
Chromsome [0]: (823.033333333)-39.4531050898, -52.2276437483, 27862.5457963, 29.1582998295, 1198.97472529, 
Chromsome [1]: (820.133333333)0.173350573135, 15.4916127822, 119281.390355, 14.2591971461, 2169.12755305, 
Chromsome [2]: (820.133333333)0.173350573135, 66.8713440643, 22874.3671408, 6.70625702744, 1023.99752316, 
Chromsome [3]: (807.133333333)1.91918277285, -10.988989245, 132691.783729, 7.23723340685, 2432.09141145, 
Chromsome [4]: (806.766666667)1.91918277285, 17.9154428321, 121674.927508, 29.4452062052, 1698.18383501, 
<------------ GEN 62--------------->
Chromsome [0]: (832.366666667)-39.4531050898, -52.2276437483, 27862.5457963, 29.1582998295, 1198.97472529, 
Chromsome [1]: (818.266666667)1.91918277285, 203.386430602, 124078.367258, 3.25000232374, 899.310924057, 
Chromsome [2]: (808.466666667)0.173350573135, 71.8679280778, 114415.248339, 31.838230155, 1198.97472529, 
Chromsome [3]: (808.466666667)0.173350573135, 66.8713440643, 22874.3671408, 6.70625702744, 1023.99752316, 
Chromsome [4]: (795.0)1.91918277285, 5.41116907936, 105404.580966, 20.5404793255, 380.774271333, 
<------------ GEN 63--------------->
Chromsome [0]: (838.533333333)-39.4531050898, -52.2276437483, 27862.5457963, 29.1582998295, 1198.97472529, 
Chromsome [1]: (835.633333333)0.173350573135, 71.8679280778, 114415.248339, 28.161769845, 1198.97472529, 
Chromsome [2]: (835.633333333)0.390622126882, 37.1594311985, 24839.6781851, 5.79396061363, 1198.97472529, 
Chromsome [3]: (835.633333333)0.173350573135, -90.0112639113, 22874.3671408, 6.70625702744, 1023.99752316, 
Chromsome [4]: (819.6)1.91918277285, 17.9154428321, 72060.0155725, 29.4452062052, 1698.18383501, 
<------------ GEN 64--------------->
Chromsome [0]: (822.1)-39.4531050898, -52.2276437483, 27862.5457963, 29.1582998295, 1198.97472529, 
Chromsome [1]: (821.233333333)0.390622126882, 13.2924460823, 23229.611046, -13.8088979545, 1592.52911105, 
Chromsome [2]: (819.233333333)0.173350573135, 71.8679280778, -139933.825188, 28.161769845, 1198.97472529, 
Chromsome [3]: (819.2)0.173350573135, 71.8679280778, 118625.302557, 28.161769845, -827.057782796, 
Chromsome [4]: (819.2)0.173350573135, -89.9887360887, 22874.3671408, 6.70625702744, 918.975699961, 
<------------ GEN 65--------------->
Chromsome [0]: (812.666666667)-39.4531050898, -52.2276437483, 27862.5457963, 29.1582998295, 1198.97472529, 
Chromsome [1]: (796.533333333)1.91918277285, -258.472994757, 72060.0155725, 29.4452062052, 2292.55424891, 
Chromsome [2]: (788.766666667)0.173350573135, 71.8679280778, 59664.9979727, 20.9342130818, 2432.09141145, 
Chromsome [3]: (788.7)0.390622126882, 13.2924460823, 23229.611046, 13.8088979545, 1592.52911105, 
Chromsome [4]: (788.2)1.91918277285, 5.41116907936, 105404.580966, 20.5404793255, 846.356537582, 
<------------ GEN 66--------------->
Chromsome [0]: (830.8)-39.4531050898, -52.2276437483, 27862.5457963, 29.1582998295, 1198.97472529, 
Chromsome [1]: (817.4)0.390622126882, -74.9536001812, 16426.6116747, 6.70625702744, 3656.362296, 
Chromsome [2]: (817.4)0.173350573135, 71.8679280778, 59664.9979727, 20.9342130818, 2427.4467925, 
Chromsome [3]: (810.633333333)1.91918277285, 5.41116907936, 105404.580966, 29.1582998295, 1198.97472529, 
Chromsome [4]: (810.533333333)1.91918277285, -10.988989245, 35884.0795305, 30.3675782574, 1032.61130836, 
<------------ GEN 67--------------->
Chromsome [0]: (823.3)-39.4531050898, -52.2276437483, 27862.5457963, 29.1582998295, 1198.97472529, 
Chromsome [1]: (820.433333333)0.390622126882, -74.9536001812, 16426.6116747, 6.70625702744, 2516.125694, 
Chromsome [2]: (820.4)0.173350573135, 71.8679280778, 59664.9979727, 20.9342130818, 1576.01165499, 
Chromsome [3]: (820.233333333)1.91918277285, 5.41116907936, 5849.86203868, 22.7918296835, 1198.97472529, 
Chromsome [4]: (820.1)1.91918277285, 45.769873136, 72060.0155725, 29.4452062052, 880.802190107, 
<------------ GEN 68--------------->
Chromsome [0]: (828.233333333)-39.4531050898, -52.2276437483, 27862.5457963, 29.1582998295, 1198.97472529, 
Chromsome [1]: (825.333333333)0.173350573135, 71.8679280778, 59664.9979727, 20.9342130818, 1576.01165499, 
Chromsome [2]: (825.333333333)0.173350573135, 71.8679280778, 59664.9979727, 20.9342130818, 1576.01165499, 
Chromsome [3]: (825.033333333)1.91918277285, -52.016276916, 59980.1987825, 2.49405860496, 1577.16562414, 
Chromsome [4]: (825.033333333)1.91918277285, -73.5765793872, 125414.336802, 12.6824299211, 1678.75933967, 
<------------ GEN 69--------------->
Chromsome [0]: (823.666666667)-39.4531050898, -52.2276437483, 27862.5457963, 29.1582998295, 1198.97472529, 
Chromsome [1]: (817.866666667)0.173350573135, 81.9445970522, 59664.9979727, 12.8153127635, 1576.01165499, 
Chromsome [2]: (817.866666667)0.173350573135, 71.8679280778, 170537.957824, 7.90867068167, 1520.23009065, 
Chromsome [3]: (817.266666667)1.91918277285, -44.87579532, 115638.042782, 24.6437026422, 1198.97472529, 
Chromsome [4]: (817.266666667)1.91918277285, -52.016276916, 135342.499899, 2.49405860496, 2516.125694, 
<------------ GEN 70--------------->
Chromsome [0]: (826.3)-62.9951811169, 56.7242002989, 30368.4078913, 21.4005700308, 1065.46772234, 
Chromsome [1]: (826.3)-39.4531050898, -52.2276437483, 27862.5457963, 29.1582998295, 1198.97472529, 
Chromsome [2]: (823.433333333)1.91918277285, -10.988989245, -40404.7426589, 13.6289158516, 1032.61130836, 
Chromsome [3]: (823.433333333)1.91918277285, -30.5094059031, -1685.10721643, 2.49405860496, 1750.99794355, 
Chromsome [4]: (823.433333333)3.04491408176, 10.2431190808, -20222.7127064, 0.197108602226, 2300.487832, 
<------------ GEN 71--------------->
Chromsome [0]: (834.3)-62.9951811169, 56.7242002989, 30368.4078913, 21.4005700308, 1065.46772234, 
Chromsome [1]: (831.566666667)3.04491408176, 10.2431190808, 20222.7127064, 0.197108602226, 2300.487832, 
Chromsome [2]: (831.566666667)3.04491408176, 10.2431190808, 20222.7127064, 0.197108602226, 2651.77380257, 
Chromsome [3]: (831.4)0.173350573135, 81.9445970522, 27862.5457963, -26.9865162384, 2070.78742904, 
Chromsome [4]: (831.166666667)1.91918277285, -112.914319079, 9588.84634318, 19.1876513324, 880.802190107, 
<------------ GEN 72--------------->
Chromsome [0]: (820.5)1.91918277285, -30.5094059031, 13126.730423, 2.30041514256, 1198.97472529, 
Chromsome [1]: (820.2)-62.9951811169, 56.7242002989, 30368.4078913, 21.4005700308, 1065.46772234, 
Chromsome [2]: (817.7)2.90750570925, -219.085977918, 14582.9150297, 29.1582998295, 2070.78742904, 
Chromsome [3]: (817.466666667)3.04491408176, 10.2431190808, 20222.7127064, 0.197108602226, 2504.43850581, 
Chromsome [4]: (817.466666667)3.04491408176, 10.2431190808, 20222.7127064, 0.197108602226, 2300.487832, 
<------------ GEN 73--------------->
Chromsome [0]: (817.433333333)1.91918277285, -30.5094059031, 13126.730423, 2.30041514256, 1198.97472529, 
Chromsome [1]: (814.4)3.04491408176, 10.2431190808, 20222.7127064, 0.197108602226, 2300.487832, 
Chromsome [2]: (814.0)1.91918277285, 118.32568139, 13126.730423, 29.0365984082, 1198.97472529, 
Chromsome [3]: (814.0)1.91918277285, -67.085680921, 9588.84634318, 37.8454749654, 1137.52369736, 
Chromsome [4]: (813.933333333)1.91918277285, -52.016276916, 90699.1755515, 17.5658823359, 1032.61130836, 
<------------ GEN 74--------------->
Chromsome [0]: (818.333333333)1.91918277285, -30.5094059031, 13126.730423, 2.30041514256, 1198.97472529, 
Chromsome [1]: (809.533333333)3.04491408176, 88.6433174111, 29659.6241693, 27.2347488687, 2070.78742904, 
Chromsome [2]: (802.266666667)3.10105412231, 81.9445970522, 27862.5457963, 27.1499420273, 2666.25127128, 
Chromsome [3]: (802.2)3.04491408176, -55.9480254464, 20222.7127064, 5.24608111447, 2300.487832, 
Chromsome [4]: (802.2)3.10105412231, 53.039027061, 54428.4022409, 12.6824299211, 2050.65520273, 
<------------ GEN 75--------------->
Chromsome [0]: (828.0)1.91918277285, 76.0515131129, 13126.730423, 2.30041514256, 1530.48660463, 
Chromsome [1]: (827.866666667)3.04491408176, 88.6433174111, 29659.6241693, 22.4624115669, 2070.78742904, 
Chromsome [2]: (827.8)1.91918277285, -30.5094059031, 13126.730423, 2.30041514256, 1198.97472529, 
Chromsome [3]: (824.433333333)1.42665038014, 61.6743186095, 135342.499899, 9.46029842775, 1802.83250799, 
Chromsome [4]: (824.3)1.91918277285, -86.7128647765, 88116.1939043, 28.7201102525, 1431.86214301, 
<------------ GEN 76--------------->
Chromsome [0]: (834.733333333)1.91918277285, 76.0515131129, 13126.730423, 2.30041514256, 1530.48660463, 
Chromsome [1]: (831.166666667)1.42665038014, 61.6743186095, 135342.499899, 2.30041514256, 2432.53076331, 
Chromsome [2]: (831.166666667)1.42665038014, 61.6743186095, 135342.499899, 2.30041514256, 2896.23941132, 
Chromsome [3]: (831.166666667)1.91918277285, 5.37171097513, 65080.3978564, 2.30041514256, 1198.97472529, 
Chromsome [4]: (831.033333333)1.91918277285, -86.7128647765, 38262.6142553, 21.4005700308, 1065.46772234, 
<------------ GEN 77--------------->
Chromsome [0]: (847.433333333)1.91918277285, 76.0515131129, 13126.730423, 2.30041514256, 1530.48660463, 
Chromsome [1]: (841.166666667)1.91918277285, 160.906587353, 68039.8491057, 6.70625702744, 1438.39648752, 
Chromsome [2]: (840.633333333)0.492506640121, 36.7048452197, 54428.4022409, 12.6824299211, 2050.65520273, 
Chromsome [3]: (840.3)1.42665038014, 61.6743186095, 135342.499899, 2.30041514256, 2896.23941132, 
Chromsome [4]: (840.3)1.91918277285, 5.37171097513, 65080.3978564, 35.8115641202, 2432.53076331, 
<------------ GEN 78--------------->
Chromsome [0]: (831.0)1.91918277285, 76.0515131129, 13126.730423, 1.22705939309, 1530.48660463, 
Chromsome [1]: (816.3)1.91918277285, 76.0515131129, 13126.730423, 2.30041514256, 1530.48660463, 
Chromsome [2]: (813.6)0.492506640121, 36.7048452197, 54428.4022409, 28.8536356692, 838.258755436, 
Chromsome [3]: (813.133333333)1.42665038014, 61.6743186095, 113791.312669, 2.30041514256, 1198.97472529, 
Chromsome [4]: (813.133333333)1.42665038014, 61.6743186095, 135342.499899, 2.30041514256, 2230.92823939, 
<------------ GEN 79--------------->
Chromsome [0]: (812.866666667)1.91918277285, 76.0515131129, 13126.730423, 1.22705939309, 1530.48660463, 
Chromsome [1]: (809.333333333)1.91918277285, -26.6982563115, -199593.670656, 2.30041514256, 2230.92823939, 
Chromsome [2]: (804.933333333)0.492506640121, 36.7048452197, 54428.4022409, 28.8536356692, 2628.09464046, 
Chromsome [3]: (804.266666667)1.42665038014, 61.6743186095, 113791.312669, 11.8989097678, 3409.72911366, 
Chromsome [4]: (796.666666667)1.91918277285, 60.3657812879, 100886.163703, 8.84198323727, 2576.36472477, 
<------------ GEN 80--------------->
Chromsome [0]: (773.366666667)1.91918277285, -84.7128300702, 13126.730423, 1.22705939309, 1065.46772234, 
Chromsome [1]: (771.8)1.91918277285, 76.0515131129, 13126.730423, 1.22705939309, 1530.48660463, 
Chromsome [2]: (737.166666667)1.42665038014, 5.37171097513, 107706.242166, 13.5545437386, 2264.05733573, 
Chromsome [3]: (728.833333333)1.91918277285, -68.0456052781, 4035.43501152, 2.30041514256, 2230.92823939, 
Chromsome [4]: (728.4)1.91918277285, 61.6743186095, 113791.312669, 11.8989097678, 2590.27088634, 
<------------ GEN 81--------------->
Chromsome [0]: (777.333333333)1.34775267182, 76.0515131129, 13126.730423, 1.22705939309, 2620.40768673, 
Chromsome [1]: (775.866666667)1.91918277285, -84.7128300702, 13126.730423, 1.22705939309, 1065.46772234, 
Chromsome [2]: (775.866666667)1.91918277285, -84.7128300702, 13126.730423, 1.22705939309, 1065.46772234, 
Chromsome [3]: (757.4)0.854099954644, -19.8951157201, 100886.163703, 8.84198323727, 2576.36472477, 
Chromsome [4]: (750.333333333)1.91918277285, -9.14797718631, 74828.9365333, 3.32890449148, 942.902060579, 
<------------ GEN 82--------------->
Chromsome [0]: (779.433333333)1.91918277285, -68.0456052781, 4035.43501152, 1.22705939309, 691.4000282, 
Chromsome [1]: (775.366666667)1.34775267182, 76.0515131129, 13126.730423, 1.22705939309, 2620.40768673, 
Chromsome [2]: (771.733333333)1.91918277285, -84.7128300702, 13126.730423, 1.22705939309, 1073.29943424, 
Chromsome [3]: (755.366666667)0.854099954644, -19.8951157201, 100886.163703, 8.84198323727, 2576.36472477, 
Chromsome [4]: (750.933333333)1.34775267182, 88.6910744378, 93112.1020678, 1.4262255019, 2152.23115855, 
<------------ GEN 83--------------->
Chromsome [0]: (757.833333333)1.91918277285, -68.0456052781, 4035.43501152, 1.22705939309, 691.4000282, 
Chromsome [1]: (750.933333333)1.91918277285, -84.7128300702, 13126.730423, 1.22705939309, 1073.29943424, 
Chromsome [2]: (742.666666667)1.91918277285, -84.7128300702, -8512.24274109, 18.082831591, 2475.30391006, 
Chromsome [3]: (728.266666667)0.854099954644, -19.8951157201, 24138.6285091, 13.4359842353, 2701.68312778, 
Chromsome [4]: (726.7)0.344798658008, 61.6743186095, 54277.1404385, 15.0109377176, 1530.48660463, 
<------------ GEN 84--------------->
Chromsome [0]: (765.366666667)1.91918277285, -84.7128300702, 8512.24274109, 1.9613437364, 1309.38477776, 
Chromsome [1]: (763.4)1.91918277285, -68.0456052781, 4035.43501152, 1.22705939309, 1848.26337559, 
Chromsome [2]: (763.4)1.91918277285, -68.0456052781, 4035.43501152, 1.22705939309, 691.4000282, 
Chromsome [3]: (733.933333333)0.344798658008, 61.6743186095, 54277.1404385, 15.0109377176, 1530.48660463, 
Chromsome [4]: (733.633333333)0.854099954644, 59.8452806267, 134536.547282, 22.1023477821, 2300.487832, 
<------------ GEN 85--------------->
Chromsome [0]: (768.5)1.91918277285, -84.7128300702, 8512.24274109, 1.9613437364, 1309.38477776, 
Chromsome [1]: (766.166666667)1.91918277285, -68.0456052781, 4035.43501152, 1.22705939309, 691.4000282, 
Chromsome [2]: (753.8)1.91918277285, -55.8116972177, 8512.24274109, 1.9613437364, 1309.38477776, 
Chromsome [3]: (746.533333333)0.854099954644, 59.8452806267, 166130.478694, 22.1023477821, 2300.487832, 
Chromsome [4]: (743.2)1.91918277285, -1.87956020426, 45127.2529144, 13.4359842353, 2701.68312778, 
<------------ GEN 86--------------->
Chromsome [0]: (790.666666667)-7.76281377569, -63.9648173705, 176097.024974, 1.22705939309, 571.507453868, 
Chromsome [1]: (738.233333333)1.91918277285, -68.0456052781, 4035.43501152, 1.22705939309, 691.4000282, 
Chromsome [2]: (738.233333333)1.91918277285, -68.0456052781, 4035.43501152, 1.22705939309, 691.4000282, 
Chromsome [3]: (732.333333333)1.91918277285, -84.7128300702, 8512.24274109, 1.9613437364, 1309.38477776, 
Chromsome [4]: (730.733333333)1.91918277285, 5.37171097513, -20950.1742723, 27.566328781, 1483.7829748, 
<------------ GEN 87--------------->
Chromsome [0]: (814.2)-7.76281377569, -63.9648173705, 176097.024974, 1.22705939309, 571.507453868, 
Chromsome [1]: (770.333333333)3.54697922291, -68.0456052781, 4035.43501152, 1.22705939309, 691.4000282, 
Chromsome [2]: (755.3)1.34775267182, -3.3477856566, 132191.295855, 11.6832581184, 3206.30110068, 
Chromsome [3]: (754.9)1.34775267182, -75.0437128965, 81695.3353266, 24.5425183797, 2883.21070943, 
Chromsome [4]: (754.466666667)1.91918277285, 5.37171097513, 20950.1742723, 19.8675789898, 717.003061665, 
<------------ GEN 88--------------->
Chromsome [0]: (826.866666667)-7.76281377569, -63.9648173705, 176097.024974, 1.22705939309, 571.507453868, 
Chromsome [1]: (773.433333333)7.96281377569, 33.3148174298, 176097.024974, 1.22705939309, 2975.28230764, 
Chromsome [2]: (772.633333333)7.96281377569, -48.7735284493, 54277.1404385, 15.0109377176, 1530.48660463, 
Chromsome [3]: (772.0)1.34775267182, -11.6260212289, 145820.317371, 27.566328781, -1676.92001041, 
Chromsome [4]: (772.0)1.34775267182, -63.9648173705, 176097.024974, 14.5406449159, 1800.22730919, 
<------------ GEN 89--------------->
Chromsome [0]: (815.8)-174.792126921, -68.0456052781, 4035.43501152, 21.0311247971, 2656.69385373, 
Chromsome [1]: (815.8)-7.76281377569, -63.9648173705, 176097.024974, 1.22705939309, 571.507453868, 
Chromsome [2]: (771.3)1.91918277285, 110.214733895, 70890.8762533, 16.7831595264, 1916.86913453, 
Chromsome [3]: (768.1)1.34775267182, -11.6260212289, 145820.317371, 27.566328781, 1530.48660463, 
Chromsome [4]: (768.1)1.34775267182, -63.9648173705, 178188.65834, 21.4490081273, 1640.24138672, 
<------------ GEN 90--------------->
Chromsome [0]: (818.833333333)-174.792126921, -68.0456052781, 4035.43501152, 21.0311247971, 2656.69385373, 
Chromsome [1]: (776.266666667)1.34775267182, 22.2648515556, 46241.6565128, 19.8675789898, 1255.99720593, 
Chromsome [2]: (776.266666667)1.34775267182, 45.2455363983, 171423.144363, 16.1953821541, 1247.48325509, 
Chromsome [3]: (769.066666667)1.91918277285, 37.439964645, 32670.0955129, -27.5126731566, 1484.34594277, 
Chromsome [4]: (768.766666667)1.91918277285, -7.56106504296, 8786.31943197, 18.8268290901, 2656.69385373, 
<------------ GEN 91--------------->
Chromsome [0]: (813.233333333)-174.792126921, -68.0456052781, 4035.43501152, 21.0311247971, 2656.69385373, 
Chromsome [1]: (750.2)1.34775267182, 45.2455363983, 171423.144363, 16.1953821541, 1247.48325509, 
Chromsome [2]: (750.2)1.34775267182, 22.2648515556, 46241.6565128, 13.5623313785, 1255.99720593, 
Chromsome [3]: (749.966666667)1.91918277285, 3.83245485605, 8786.31943197, 21.0311247971, 2656.69385373, 
Chromsome [4]: (748.8)1.91918277285, -67.081070709, 176097.024974, 28.5415600927, 2867.60686604, 
<------------ GEN 92--------------->
Chromsome [0]: (818.333333333)-174.792126921, -68.0456052781, 4035.43501152, 21.0311247971, 2656.69385373, 
Chromsome [1]: (754.233333333)1.34775267182, 45.2455363983, 171423.144363, 16.1953821541, 1247.48325509, 
Chromsome [2]: (754.0)1.91918277285, 3.83245485605, 4035.43501152, 10.4738876429, 2656.69385373, 
Chromsome [3]: (752.833333333)1.91918277285, -67.081070709, 109691.077055, 16.7831595264, 2656.69385373, 
Chromsome [4]: (752.833333333)1.91918277285, -35.5346352386, 70890.8762533, 16.3231468199, 691.4000282, 
<------------ GEN 93--------------->
Chromsome [0]: (825.2)-174.792126921, -68.0456052781, 4035.43501152, 21.0311247971, 2656.69385373, 
Chromsome [1]: (781.3)1.91918277285, 55.778729313, 145820.317371, 3.31047267173, 1452.85403654, 
Chromsome [2]: (781.3)1.91918277285, -35.5346352386, 70890.8762533, 27.5126731566, 2252.72856784, 
Chromsome [3]: (781.3)1.91918277285, -35.5346352386, 70890.8762533, 16.3231468199, 1827.33480556, 
Chromsome [4]: (781.3)1.91918277285, -68.0456052781, 223835.75576, 19.6365623454, 1916.86913453, 
<------------ GEN 94--------------->
Chromsome [0]: (839.533333333)-109.530598411, 15.3329494182, 95120.8078122, 21.0311247971, 2656.69385373, 
Chromsome [1]: (839.533333333)-174.792126921, -68.0456052781, 4035.43501152, 21.0311247971, 2656.69385373, 
Chromsome [2]: (797.966666667)3.46872990343, -67.081070709, 97476.1655608, 0.171628115855, 1255.99720593, 
Chromsome [3]: (794.166666667)1.91918277285, -68.0456052781, 176097.024974, 5.98372363254, 2319.65823319, 
Chromsome [4]: (794.166666667)1.91918277285, -35.5346352386, 34344.5116051, 14.7624142995, 1827.33480556, 
<------------ GEN 95--------------->
Chromsome [0]: (847.6)-16.9458556072, -40.3866181462, 129432.139867, 6.24245871547, 1916.86913453, 
Chromsome [1]: (847.6)-109.530598411, 15.3329494182, 95120.8078122, 21.0311247971, 2656.69385373, 
Chromsome [2]: (803.8)1.91918277285, -73.1606096414, 71626.7439076, 1.22705939309, 2081.64340307, 
Chromsome [3]: (803.8)1.91918277285, -68.0456052781, 176097.024974, 5.98372363254, 946.778356868, 
Chromsome [4]: (803.8)1.91918277285, -68.0456052781, 176097.024974, 12.3991207587, 2199.59859499, 
<------------ GEN 96--------------->
Chromsome [0]: (836.533333333)-16.9458556072, -40.3866181462, 129432.139867, 6.24245871547, 1916.86913453, 
Chromsome [1]: (792.5)3.46872990343, 80.504749869, 97476.1655608, 46.0571481173, 2656.69385373, 
Chromsome [2]: (778.733333333)1.91918277285, 79.3624391453, 4035.43501152, 27.6434764877, 2295.80160246, 
Chromsome [3]: (773.5)1.91918277285, -35.5346352386, 34344.5116051, 14.7624142995, 1827.33480556, 
Chromsome [4]: (771.7)1.91918277285, -35.5346352386, 70890.8762533, 7.96106289662, 2439.01849087, 
<------------ GEN 97--------------->
Chromsome [0]: (837.466666667)-16.9458556072, -40.3866181462, 129432.139867, 6.24245871547, 1916.86913453, 
Chromsome [1]: (760.066666667)1.92688222085, -9.36694491081, 101082.450458, 21.0311247971, 2656.69385373, 
Chromsome [2]: (758.066666667)1.91918277285, -37.9501473742, 34344.5116051, 14.7624142995, 1827.33480556, 
Chromsome [3]: (755.033333333)1.91918277285, -79.2236438142, 57803.776313, 5.98372363254, 1963.41368771, 
Chromsome [4]: (754.8)1.91918277285, 78.1199012996, 255421.606936, 16.7831595264, 2656.69385373, 
<------------ GEN 98--------------->
Chromsome [0]: (820.333333333)-16.9458556072, -40.3866181462, 129432.139867, 6.24245871547, 1916.86913453, 
Chromsome [1]: (747.9)1.03383129211, 55.778729313, 145820.317371, 21.0311247971, 994.426693012, 
Chromsome [2]: (737.633333333)1.92688222085, -9.36694491081, 101082.450458, 21.0311247971, 2656.69385373, 
Chromsome [3]: (736.6)1.91918277285, -79.2236438142, 18686.5987485, 5.98372363254, 1963.41368771, 
Chromsome [4]: (732.5)1.91918277285, -37.9501473742, 34344.5116051, 14.7624142995, 2439.01849087, 
<------------ GEN 99--------------->
Chromsome [0]: (839.4)-16.9458556072, -40.3866181462, 129432.139867, 6.24245871547, 1916.86913453, 
Chromsome [1]: (786.666666667)1.03383129211, 55.778729313, 145820.317371, 21.0311247971, 994.426693012, 
Chromsome [2]: (761.3)1.92688222085, -9.36694491081, 101082.450458, 21.0311247971, 2769.16734501, 
Chromsome [3]: (759.166666667)1.91918277285, 78.1199012996, 57803.776313, 14.0701570945, 2656.69385373, 
Chromsome [4]: (757.266666667)1.91918277285, -38.3783945887, 34344.5116051, 14.7624142995, 2439.01849087, 
<------------ GEN 100--------------->
Chromsome [0]: (827.9)-16.9458556072, -40.3866181462, 129432.139867, 6.24245871547, 1916.86913453, 
Chromsome [1]: (776.233333333)1.03383129211, 55.778729313, 145820.317371, 21.0311247971, 994.426693012, 
Chromsome [2]: (740.333333333)1.92688222085, -9.36694491081, 194791.989997, 13.6864000501, 1979.21565391, 
Chromsome [3]: (740.333333333)1.92688222085, -9.36694491081, 101082.450458, 21.0311247971, 2614.01208211, 
Chromsome [4]: (735.566666667)1.91918277285, 78.1199012996, 147936.550915, 14.0624562891, 2081.64340307, 
