<------------ GEN 1--------------->
Chromsome [0]: (797.966666667)6.25479625295, 31.6323520406, 75490.4296149, 10.1528297969, 1242.59340901, 
Chromsome [1]: (794.5)0.182092493137, -6.41908591486, 178258.031297, 5.02351558129, 1106.78363517, 
Chromsome [2]: (793.966666667)4.80758897409, -25.9418704101, 155770.046537, 4.05189497408, 1049.47041884, 
Chromsome [3]: (773.733333333)8.51822094917, -31.4113612584, 130916.786315, 7.10592664272, 2275.33688754, 
Chromsome [4]: (741.133333333)15.1966607921, 62.6149751027, 65658.4946268, 2.57462658616, 551.956048982, 
<------------ GEN 2--------------->
Chromsome [0]: (789.366666667)6.25479625295, 31.6323520406, 75490.4296149, 10.1528297969, 1242.59340901, 
Chromsome [1]: (777.066666667)4.80758897409, -92.146183909, 248293.849623, 10.1528297969, 1242.59340901, 
Chromsome [2]: (774.933333333)6.25479625295, 66.4442758813, 145322.620784, 4.05189497408, 1049.47041884, 
Chromsome [3]: (773.333333333)0.182092493137, -6.41908591486, 178258.031297, 5.02351558129, 1106.78363517, 
Chromsome [4]: (769.633333333)6.45973996759, 4.33955549799, 117741.554227, 10.6021517196, 2922.34613764, 
<------------ GEN 3--------------->
Chromsome [0]: (781.066666667)6.25479625295, 31.6323520406, 75490.4296149, 10.1528297969, 1242.59340901, 
Chromsome [1]: (777.8)0.182092493137, -18.2943423222, 50406.1504002, 5.42390798207, 2588.47407411, 
Chromsome [2]: (775.333333333)4.80758897409, -68.3317680771, 49591.5073295, 5.42390798207, 1296.90009619, 
Chromsome [3]: (767.0)6.45973996759, 33.3735065709, 117741.554227, 10.6021517196, 2922.34613764, 
Chromsome [4]: (766.866666667)6.25479625295, -53.4061842501, 145322.620784, 12.7068015178, 2316.15802876, 
<------------ GEN 4--------------->
Chromsome [0]: (777.066666667)6.25479625295, 23.8270251796, 145322.620784, 55.326719146, 2316.15802876, 
Chromsome [1]: (775.033333333)6.25479625295, 31.6323520406, 35923.2459052, 7.8214354122, 730.107116651, 
Chromsome [2]: (774.1)6.25479625295, 31.6323520406, 75490.4296149, 9.29451197055, 1671.56526761, 
Chromsome [3]: (774.1)6.25479625295, 31.6323520406, 75490.4296149, 10.1528297969, 1242.59340901, 
Chromsome [4]: (767.1)4.80758897409, -68.3317680771, 150200.267035, 5.42390798207, 1049.47041884, 
<------------ GEN 5--------------->
Chromsome [0]: (766.566666667)6.25479625295, 23.8270251796, 145322.620784, 55.326719146, 2316.15802876, 
Chromsome [1]: (766.133333333)4.80758897409, -68.3317680771, 150200.267035, 5.42390798207, 1296.90009619, 
Chromsome [2]: (766.133333333)4.80758897409, -68.3317680771, 150200.267035, 5.42390798207, 1983.6135057, 
Chromsome [3]: (765.6)0.182092493137, -6.41908591486, 178258.031297, 10.1528297969, 1242.59340901, 
Chromsome [4]: (763.533333333)6.25479625295, 74.2172020395, 62338.3439365, 5.42390798207, 2144.05789177, 
<------------ GEN 6--------------->
Chromsome [0]: (801.3)-10.9520220778, -45.601074816, 48251.5721481, 10.1528297969, 1242.59340901, 
Chromsome [1]: (740.466666667)0.182092493137, 53.807848685, 35923.2459052, 18.8929228198, 730.107116651, 
Chromsome [2]: (739.466666667)4.80758897409, -68.3317680771, 21489.6036774, 5.02351558129, 1106.78363517, 
Chromsome [3]: (736.4)4.80758897409, -68.3317680771, 150200.267035, 5.42390798207, 1248.24711305, 
Chromsome [4]: (736.4)4.80758897409, -69.1904643567, 150200.267035, 21.0236740179, 2580.11298479, 
<------------ GEN 7--------------->
Chromsome [0]: (778.666666667)-10.9520220778, -45.601074816, 48251.5721481, 10.1528297969, 1242.59340901, 
Chromsome [1]: (728.133333333)4.80758897409, 82.3588386686, 150200.267035, 21.0236740179, -988.322528075, 
Chromsome [2]: (728.133333333)4.80758897409, -68.3317680771, 150200.267035, 24.9090542406, 1242.59340901, 
Chromsome [3]: (728.133333333)4.80758897409, -68.3317680771, 150200.267035, 5.42390798207, 1248.24711305, 
Chromsome [4]: (728.133333333)4.80758897409, 207.571399122, 190986.952002, 13.2295068319, 1894.52714262, 
<------------ GEN 8--------------->
Chromsome [0]: (780.1)-10.9520220778, -45.601074816, 48251.5721481, 10.1528297969, 1242.59340901, 
Chromsome [1]: (716.966666667)4.80758897409, -68.3317680771, 150200.267035, 22.2035542149, 2759.91024602, 
Chromsome [2]: (714.033333333)6.25479625295, 31.6323520406, 31853.5731047, 4.67328085404, 867.452239228, 
Chromsome [3]: (714.033333333)6.25479625295, 31.6323520406, 171750.25762, 9.14419496788, 2144.05789177, 
Chromsome [4]: (713.3)6.25479625295, -53.4061842501, 35471.4908029, 1.43002593366, 1242.59340901, 
<------------ GEN 9--------------->
Chromsome [0]: (793.133333333)-10.9520220778, -45.601074816, 48251.5721481, 10.1528297969, 1242.59340901, 
Chromsome [1]: (728.8)4.80758897409, -68.3317680771, 127612.949713, 22.2035542149, 2759.91024602, 
Chromsome [2]: (728.8)4.80758897409, 58.4475335444, 150200.267035, 21.0236740179, 535.194059869, 
Chromsome [3]: (712.966666667)6.25479625295, 91.4327766488, 47033.3768114, 28.2597877741, 2922.34613764, 
Chromsome [4]: (702.266666667)0.182092493137, 53.807848685, 35923.2459052, 18.8929228198, 1649.24924523, 
<------------ GEN 10--------------->
Chromsome [0]: (784.566666667)-10.9520220778, -45.601074816, 48251.5721481, 10.1528297969, 1242.59340901, 
Chromsome [1]: (716.333333333)4.80758897409, 80.5567351571, 64365.350605, 27.1494170079, 1988.32252807, 
Chromsome [2]: (716.333333333)4.80758897409, 58.4475335444, 150200.267035, 21.0236740179, 1242.59340901, 
Chromsome [3]: (709.833333333)6.25479625295, -16.8314649869, 937.296965624, 28.2597877741, 2922.34613764, 
Chromsome [4]: (694.333333333)0.182092493137, 53.807848685, 35923.2459052, 18.8929228198, 1649.24924523, 
<------------ GEN 11--------------->
Chromsome [0]: (778.133333333)-10.9520220778, -45.601074816, 48251.5721481, 10.1528297969, 1242.59340901, 
Chromsome [1]: (705.666666667)4.80758897409, -88.7298292108, 100014.782367, 27.1494170079, 1988.32252807, 
Chromsome [2]: (692.433333333)0.182092493137, 53.807848685, 35923.2459052, 17.8052242601, 1649.24924523, 
Chromsome [3]: (678.966666667)8.51822094917, -38.9386294832, 47528.8470266, 15.3381282112, 2563.40346046, 
Chromsome [4]: (671.266666667)58.2354038506, 40.5170341611, -60318.2908177, 4.67328085404, 2210.49319568, 
<------------ GEN 12--------------->
Chromsome [0]: (780.1)-26.1453628726, -69.6593159304, 78485.8353747, -5.28577003619, 2914.47958906, 
Chromsome [1]: (780.1)-10.9520220778, -45.601074816, 48251.5721481, 10.1528297969, 1242.59340901, 
Chromsome [2]: (728.266666667)4.80758897409, -88.7298292108, 101088.520861, 9.25558828629, 1242.59340901, 
Chromsome [3]: (728.266666667)4.80758897409, -88.7298292108, 316956.092317, 27.1494170079, 1988.32252807, 
Chromsome [4]: (718.466666667)5.76644944451, 32.7857447369, 41432.7387025, 3.43795917068, 2136.90749462, 
<------------ GEN 13--------------->
Chromsome [0]: (781.4)-26.1453628726, -69.6593159304, 78485.8353747, -5.28577003619, 2914.47958906, 
Chromsome [1]: (722.166666667)4.80758897409, -88.7298292108, 43043.907683, 27.1494170079, 1988.32252807, 
Chromsome [2]: (715.833333333)4.80758897409, -37.8418227918, -860.920051712, 3.83472722285, 1242.59340901, 
Chromsome [3]: (712.566666667)5.76644944451, 32.7857447369, 41432.7387025, 3.43795917068, 2136.90749462, 
Chromsome [4]: (710.133333333)0.182092493137, 53.807848685, 35923.2459052, 27.1494170079, 1988.32252807, 
<------------ GEN 14--------------->
Chromsome [0]: (820.066666667)-31.212768986, -244.037539023, 129704.912437, 2.145786818, 1331.69541708, 
Chromsome [1]: (820.066666667)-26.1453628726, -69.6593159304, 78485.8353747, -5.28577003619, 2914.47958906, 
Chromsome [2]: (776.866666667)4.80758897409, 146.141057347, 860.920051712, 3.83472722285, 1242.59340901, 
Chromsome [3]: (755.733333333)0.182092493137, -41.4977353168, 35923.2459052, 27.1494170079, 1988.32252807, 
Chromsome [4]: (745.2)11.1520220778, -23.9080069146, 43242.7565935, 7.48068587153, -397.646935059, 
<------------ GEN 15--------------->
Chromsome [0]: (799.8)-19.9597513629, -61.3695309671, 79682.3687577, 7.20257674433, 2922.34613764, 
Chromsome [1]: (799.8)-31.212768986, -244.037539023, 129704.912437, 2.145786818, 1331.69541708, 
Chromsome [2]: (748.166666667)6.25479625295, 31.6512460748, 665.439952558, 7.48068587153, 1397.64693506, 
Chromsome [3]: (730.266666667)0.182092493137, -41.4977353168, 343677.711738, 1.29352773818, 534.556441391, 
Chromsome [4]: (717.733333333)11.1520220778, -23.9080069146, 43242.7565935, 25.7367023912, 1397.64693506, 
<------------ GEN 16--------------->
Chromsome [0]: (798.033333333)-55.8849873977, -27.3555056955, 860.920051712, 3.83472722285, 1128.690559, 
Chromsome [1]: (798.033333333)-19.9597513629, -61.3695309671, 79682.3687577, 7.20257674433, 2922.34613764, 
Chromsome [2]: (774.0)0.182092493137, 82.8199760025, 16322.2882625, 1.29352773818, 1397.64693506, 
Chromsome [3]: (734.333333333)6.25479625295, 31.6512460748, 665.439952558, 7.48068587153, 1267.86995461, 
Chromsome [4]: (733.5)6.25479625295, -61.3695309671, 105955.934947, 7.20257674433, 2922.34613764, 
<------------ GEN 17--------------->
Chromsome [0]: (798.566666667)-55.8849873977, -27.3555056955, 860.920051712, 3.83472722285, 1128.690559, 
Chromsome [1]: (773.966666667)0.182092493137, -0.918584177155, 16322.2882625, 1.29352773818, 1397.64693506, 
Chromsome [2]: (756.966666667)4.54239054641, -25.6107425787, 860.920051712, 3.83472722285, 1128.690559, 
Chromsome [3]: (753.366666667)6.25479625295, -61.3695309671, 105955.934947, 61.3726877657, 1346.83870973, 
Chromsome [4]: (746.533333333)6.25479625295, 31.6512460748, -47753.8514441, 26.6213835997, 2914.47958906, 
<------------ GEN 18--------------->
Chromsome [0]: (804.233333333)-55.8849873977, -27.3555056955, 860.920051712, 3.83472722285, 1128.690559, 
Chromsome [1]: (744.733333333)6.25479625295, 31.6512460748, 47753.8514441, 26.6213835997, 2973.97852601, 
Chromsome [2]: (744.733333333)6.25479625295, 31.6512460748, 85067.0551391, 7.64090413818, -27.4273781336, 
Chromsome [3]: (730.233333333)0.182092493137, -0.918584177155, 16322.2882625, 60.7584449569, 782.92388389, 
Chromsome [4]: (708.733333333)17.9231377965, -19.771435606, 11186.0408856, 3.43795917068, 2054.2522959, 
<------------ GEN 19--------------->
Chromsome [0]: (782.366666667)-55.8849873977, -27.3555056955, 860.920051712, 3.83472722285, 1128.690559, 
Chromsome [1]: (751.266666667)0.182092493137, -0.918584177155, 16322.2882625, -64.6509540019, 2994.19045153, 
Chromsome [2]: (728.2)6.25479625295, 31.6512460748, 47753.8514441, 26.6213835997, 2973.97852601, 
Chromsome [3]: (697.8)2.87233109346, 31.6512460748, 85067.0551391, 7.20257674433, 2922.34613764, 
Chromsome [4]: (684.866666667)4.54239054641, -47.09639242, 84309.4843332, 5.62475224172, 548.341219743, 
<------------ GEN 20--------------->
Chromsome [0]: (789.766666667)-55.8849873977, -27.3555056955, 860.920051712, 3.83472722285, 1128.690559, 
Chromsome [1]: (733.433333333)2.87233109346, -102.233533714, 85067.0551391, 7.20257674433, 1027.42737813, 
Chromsome [2]: (725.5)6.25479625295, 31.6512460748, 52217.1482097, 33.822179802, 2922.34613764, 
Chromsome [3]: (722.566666667)6.25479625295, -88.2945699205, 10935.6943294, 2.54424186961, 2914.47958906, 
Chromsome [4]: (700.033333333)0.182092493137, -88.2945699205, 78485.8353747, 0.758444956882, 782.92388389, 
<------------ GEN 21--------------->
Chromsome [0]: (792.433333333)-55.8849873977, -27.3555056955, 860.920051712, 3.83472722285, 1128.690559, 
Chromsome [1]: (711.7)4.80758897409, -44.3151598979, 665.439952558, 13.5394431228, 1367.05381796, 
Chromsome [2]: (707.966666667)4.54239054641, -77.7664662856, 85067.0551391, 39.941767398, 1027.42737813, 
Chromsome [3]: (699.9)6.25479625295, -88.2945699205, 10935.6943294, 2.54424186961, 2586.60971525, 
Chromsome [4]: (667.8)0.182092493137, -88.2945699205, 78485.8353747, 10.772035977, 782.92388389, 
<------------ GEN 22--------------->
Chromsome [0]: (791.2)-55.8849873977, -27.3555056955, 860.920051712, 3.83472722285, 1128.690559, 
Chromsome [1]: (724.933333333)4.54239054641, -77.7664662856, 85067.0551391, 20.058232602, 1027.42737813, 
Chromsome [2]: (724.566666667)4.80758897409, -44.3151598979, 665.439952558, 13.5394431228, 1367.05381796, 
Chromsome [3]: (708.833333333)6.25479625295, -88.2945699205, 10935.6943294, 21.5587436433, 2586.60971525, 
Chromsome [4]: (671.033333333)3.17972789607, -75.3122493463, 73560.2889096, 18.0754014054, 2884.46736454, 
<------------ GEN 23--------------->
Chromsome [0]: (790.7)-55.8849873977, -27.3555056955, 860.920051712, 3.83472722285, 1128.690559, 
Chromsome [1]: (739.833333333)4.80758897409, 31.3053504775, 665.439952558, 13.5394431228, 2695.49921025, 
Chromsome [2]: (735.633333333)4.54239054641, -227.125160325, 85067.0551391, 2.72721142404, 2289.61644847, 
Chromsome [3]: (730.2)6.25479625295, -88.2945699205, 10935.6943294, 21.5587436433, 2586.60971525, 
Chromsome [4]: (698.833333333)3.17972789607, -75.3122493463, 73560.2889096, 18.0754014054, 1706.20985871, 
<------------ GEN 24--------------->
Chromsome [0]: (786.4)-97.7401568675, -88.2945699205, 10935.6943294, 22.3183768141, 2586.60971525, 
Chromsome [1]: (786.4)-55.8849873977, -27.3555056955, 860.920051712, 3.83472722285, 1128.690559, 
Chromsome [2]: (739.266666667)4.80758897409, -147.87151494, 665.439952558, 13.5394431228, 2695.49921025, 
Chromsome [3]: (736.633333333)0.182092493137, -27.3555056955, 860.920051712, 3.83472722285, 1128.690559, 
Chromsome [4]: (726.366666667)6.25479625295, -88.2945699205, 10935.6943294, 21.5587436433, 2057.53540497, 
<------------ GEN 25--------------->
Chromsome [0]: (778.3)-97.7401568675, -88.2945699205, 10935.6943294, 22.3183768141, 2586.60971525, 
Chromsome [1]: (721.133333333)0.182092493137, -27.3555056955, 860.920051712, 3.83472722285, 1034.10152419, 
Chromsome [2]: (716.2)4.80758897409, -32.1284850604, 665.439952558, 13.5394431228, 2695.49921025, 
Chromsome [3]: (704.966666667)21.9556024575, 47.1251603253, -13563.4816381, 2.72721142404, 2289.61644847, 
Chromsome [4]: (690.2)0.442058129487, 5.49093845003, 149132.644326, 1.3980361096, 689.891923026, 
<------------ GEN 26--------------->
Chromsome [0]: (772.9)-97.7401568675, -88.2945699205, 10935.6943294, 22.3183768141, 2586.60971525, 
Chromsome [1]: (680.366666667)0.182092493137, -27.3555056955, 10935.6943294, 46.1551430722, 715.877915434, 
Chromsome [2]: (676.8)6.91716457496, 34.8293774848, 46442.720335, 16.068011042, 2994.19045153, 
Chromsome [3]: (669.333333333)4.80758897409, -32.1284850604, 30856.7729816, 13.5394431228, 2503.45865332, 
Chromsome [4]: (664.233333333)56.0849873977, -27.3555056955, -13114.1012588, 0.313284613731, 782.92388389, 
<------------ GEN 27--------------->
Chromsome [0]: (802.266666667)-97.7401568675, -88.2945699205, 10935.6943294, 22.3183768141, 2586.60971525, 
Chromsome [1]: (730.033333333)0.182092493137, -65.4339950116, 10935.6943294, 15.7526329709, 783.638178144, 
Chromsome [2]: (695.133333333)4.80758897409, -38.02390225, 30856.7729816, 13.5394431228, 1215.37243136, 
Chromsome [3]: (695.1)4.80758897409, -32.1284850604, 30856.7729816, 49.7133705926, 967.168744962, 
Chromsome [4]: (692.1)0.442058129487, 5.49093845003, 175066.29983, 2.53618598041, 2973.97852601, 
<------------ GEN 28--------------->
Chromsome [0]: (803.833333333)-97.7401568675, -88.2945699205, 10935.6943294, 22.3183768141, 2586.60971525, 
Chromsome [1]: (747.2)0.182092493137, -65.4339950116, 10935.6943294, 15.7526329709, 783.638178144, 
Chromsome [2]: (729.8)15.9794336966, -41.6900852255, 860.920051712, -3.8600743174, 1128.690559, 
Chromsome [3]: (720.633333333)0.442058129487, 5.49093845003, 175066.29983, 2.53618598041, 2532.47733852, 
Chromsome [4]: (716.433333333)4.54239054641, 47.1251603253, 166273.562012, 16.1725255682, 2586.60971525, 
<------------ GEN 29--------------->
Chromsome [0]: (806.333333333)-97.7401568675, -88.2945699205, 10935.6943294, 22.3183768141, 2586.60971525, 
Chromsome [1]: (761.7)0.182092493137, -65.4339950116, 10935.6943294, 15.7526329709, 783.638178144, 
Chromsome [2]: (746.466666667)0.442058129487, 35.3133206812, 156073.398693, 10.7696391919, 2532.47733852, 
Chromsome [3]: (743.2)4.54239054641, 47.1251603253, 166273.562012, 16.1725255682, 588.303954814, 
Chromsome [4]: (742.033333333)4.80758897409, -13.4694936633, 15138.8644186, 4.73677877534, 588.303954814, 
<------------ GEN 30--------------->
Chromsome [0]: (794.733333333)-97.7401568675, -88.2945699205, 10935.6943294, 22.3183768141, 2586.60971525, 
Chromsome [1]: (744.733333333)4.80758897409, -88.2945699205, 10935.6943294, 7.31653370022, 2586.60971525, 
Chromsome [2]: (737.933333333)0.182092493137, -65.4339950116, 10935.6943294, 15.7526329709, 1435.06420697, 
Chromsome [3]: (709.5)0.442058129487, 35.3133206812, 156073.398693, 4.73677877534, 588.303954814, 
Chromsome [4]: (706.233333333)1.55983978699, 84.3049310499, 175181.222318, 9.37604758657, 1009.15064893, 
<------------ GEN 31--------------->
Chromsome [0]: (801.666666667)-97.7401568675, -88.2945699205, 10935.6943294, 22.3183768141, 2586.60971525, 
Chromsome [1]: (755.266666667)0.182092493137, -65.4339950116, 10935.6943294, 15.7526329709, 1435.06420697, 
Chromsome [2]: (755.266666667)0.182092493137, -65.4339950116, 10935.6943294, 15.7526329709, 820.50975668, 
Chromsome [3]: (754.733333333)4.54239054641, -113.758642338, 166273.562012, 16.1725255682, 2384.16504701, 
Chromsome [4]: (754.4)4.80758897409, 57.9625986799, 177727.005094, 10.7696391919, 2564.95737091, 
<------------ GEN 32--------------->
Chromsome [0]: (809.933333333)-32.4357253558, -33.5026115852, 156073.398693, 4.73677877534, 2979.10583423, 
Chromsome [1]: (809.933333333)-97.7401568675, -88.2945699205, 10935.6943294, 22.3183768141, 2586.60971525, 
Chromsome [2]: (775.966666667)0.182092493137, -65.4339950116, 36484.9501122, 0.673779489497, 676.97048407, 
Chromsome [3]: (770.266666667)4.54239054641, -66.2413576616, 166273.562012, 16.1725255682, 2384.16504701, 
Chromsome [4]: (759.166666667)0.182092493137, 76.1938309831, 177727.005094, 4.13865813921, 2564.95737091, 
<------------ GEN 33--------------->
Chromsome [0]: (832.433333333)-4.8388678986, 4.25106933997, 19198.1229489, 7.31653370022, 2979.14812294, 
Chromsome [1]: (832.433333333)-32.4357253558, -33.5026115852, 156073.398693, 4.73677877534, 2979.10583423, 
Chromsome [2]: (781.733333333)0.182092493137, -65.4339950116, 10935.6943294, 22.3183768141, 2586.60971525, 
Chromsome [3]: (775.833333333)0.182092493137, 34.8293774848, 96213.737012, 5.183150784, 2376.87837541, 
Chromsome [4]: (765.866666667)1.55983978699, -11.8156172378, 80130.6663436, 9.37604758657, 1009.15064893, 
<------------ GEN 34--------------->
Chromsome [0]: (818.733333333)-4.8388678986, 4.25106933997, 19198.1229489, 7.31653370022, 2979.14812294, 
Chromsome [1]: (758.266666667)0.182092493137, 10.1902256261, 10935.6943294, 28.9114561229, 1148.91605515, 
Chromsome [2]: (755.1)0.182092493137, -65.4339950116, 10935.6943294, 14.3811944947, 2564.95737091, 
Chromsome [3]: (747.633333333)0.182092493137, -65.4339950116, 19198.1229489, 7.31653370022, 2979.14812294, 
Chromsome [4]: (747.333333333)0.182092493137, 34.8293774848, 96213.737012, 5.183150784, 1128.690559, 
<------------ GEN 35--------------->
Chromsome [0]: (816.566666667)-31.0313538685, -68.6792093011, 10935.6943294, 22.3183768141, 1336.31407357, 
Chromsome [1]: (816.566666667)-4.8388678986, 4.25106933997, 19198.1229489, 7.31653370022, 2979.14812294, 
Chromsome [2]: (745.6)0.182092493137, 10.1902256261, 10935.6943294, 28.9114561229, 1148.91605515, 
Chromsome [3]: (745.233333333)0.182092493137, 36.3498068068, 10935.6943294, 14.3811944947, 2564.95737091, 
Chromsome [4]: (741.4)0.182092493137, 10.1902256261, 56271.3796388, 10.4186619837, 675.53551535, 
<------------ GEN 36--------------->
Chromsome [0]: (810.9)-31.0313538685, -68.6792093011, 10935.6943294, 22.3183768141, 1336.31407357, 
Chromsome [1]: (752.466666667)0.182092493137, 70.7660684338, 30956.6130141, 3.25645627706, 2514.03481211, 
Chromsome [2]: (732.733333333)0.182092493137, 36.3498068068, 10935.6943294, 14.3811944947, 2564.95737091, 
Chromsome [3]: (716.033333333)0.182092493137, 108.553277077, 96213.737012, 15.8881742712, 2021.07451826, 
Chromsome [4]: (712.333333333)5.0388678986, -54.7859945479, 19198.1229489, 7.31653370022, 2979.14812294, 
<------------ GEN 37--------------->
Chromsome [0]: (784.9)-12.0821137677, -65.0978726341, 171219.977229, 12.8622653542, 1754.93380099, 
Chromsome [1]: (784.9)-31.0313538685, -68.6792093011, 10935.6943294, 22.3183768141, 1336.31407357, 
Chromsome [2]: (668.3)0.182092493137, -5.0470111127, 30956.6130141, 25.3893591797, 2514.03481211, 
Chromsome [3]: (654.066666667)5.0388678986, -54.7859945479, 19198.1229489, 6.60021792048, 617.053801003, 
Chromsome [4]: (649.466666667)5.0388678986, 80.6057218817, 31235.6382547, 10.4186619837, 234.159865507, 
<------------ GEN 38--------------->
Chromsome [0]: (810.5)-12.0821137677, -65.0978726341, 171219.977229, 12.8622653542, 1754.93380099, 
Chromsome [1]: (676.0)5.0388678986, -84.6260227842, 10935.6943294, 22.3183768141, 2949.97239635, 
Chromsome [2]: (675.1)0.182092493137, 71.4467229234, 96213.737012, 26.7043582191, 2021.07451826, 
Chromsome [3]: (672.133333333)5.0388678986, -54.7859945479, 19198.1229489, 7.16126683563, 981.966028213, 
Chromsome [4]: (666.666666667)5.0388678986, 80.6057218817, 31235.6382547, 17.368187052, 1935.53209357, 
<------------ GEN 39--------------->
Chromsome [0]: (797.666666667)-12.0821137677, -65.0978726341, 171219.977229, 12.8622653542, 1754.93380099, 
Chromsome [1]: (705.133333333)0.182092493137, 71.4467229234, 96213.737012, 26.7043582191, 2028.44997126, 
Chromsome [2]: (704.166666667)4.54239054641, -84.6260227842, 10935.6943294, 22.3183768141, 2949.97239635, 
Chromsome [3]: (694.5)5.0388678986, 80.6057218817, 31235.6382547, 17.368187052, 1935.53209357, 
Chromsome [4]: (684.3)5.0388678986, -54.7859945479, 423246.036344, 1.6793761969, 2784.7514957, 
<------------ GEN 40--------------->
Chromsome [0]: (801.4)-12.0821137677, -65.0978726341, 171219.977229, 12.8622653542, 1754.93380099, 
Chromsome [1]: (733.9)2.42410248224, -38.02390225, -93565.2637559, 16.5148509256, -16.9333445284, 
Chromsome [2]: (727.466666667)5.0388678986, -54.7859945479, -63246.0363438, 1.6793761969, 2784.7514957, 
Chromsome [3]: (719.566666667)0.182092493137, 86.7422309706, 19198.1229489, 17.4614944912, 2979.14812294, 
Chromsome [4]: (717.366666667)5.0388678986, 80.6057218817, 31235.6382547, 17.368187052, 623.829573566, 
<------------ GEN 41--------------->
Chromsome [0]: (797.133333333)-12.0821137677, -65.0978726341, 171219.977229, 12.8622653542, 1754.93380099, 
Chromsome [1]: (728.1)5.0388678986, -54.7859945479, 17863.3743659, 1.6793761969, 2784.7514957, 
Chromsome [2]: (715.333333333)5.0388678986, 80.6057218817, 31235.6382547, 17.368187052, 623.829573566, 
Chromsome [3]: (711.2)5.0388678986, -57.7379687264, 63246.0363438, 1.57884924814, 2784.7514957, 
Chromsome [4]: (701.566666667)6.87761108825, -29.2915675124, 10935.6943294, 24.5337170051, 1691.2728066, 
<------------ GEN 42--------------->
Chromsome [0]: (795.7)-12.0821137677, -65.0978726341, 171219.977229, 12.8622653542, 1754.93380099, 
Chromsome [1]: (729.566666667)0.182092493137, -69.9457881567, -134657.137608, 12.8622653542, 2386.87754328, 
Chromsome [2]: (711.7)5.0388678986, -57.7379687264, 19198.1229489, 7.16126683563, 2213.25581109, 
Chromsome [3]: (706.5)5.0388678986, 80.6057218817, 31235.6382547, 17.368187052, 623.829573566, 
Chromsome [4]: (688.233333333)2.42410248224, 86.7422309706, 266803.358013, 34.9234272729, 2784.7514957, 
<------------ GEN 43--------------->
Chromsome [0]: (793.033333333)-91.2364728723, 79.3218763761, 10833.1226943, 0.634596939323, 2617.35281535, 
Chromsome [1]: (793.033333333)-12.0821137677, -65.0978726341, 171219.977229, 12.8622653542, 1754.93380099, 
Chromsome [2]: (724.066666667)5.0388678986, -57.7379687264, 19198.1229489, 7.16126683563, 1917.0311966, 
Chromsome [3]: (712.333333333)0.182092493137, -69.9457881567, 134657.137608, 12.8622653542, 2386.87754328, 
Chromsome [4]: (707.433333333)2.42410248224, 86.7422309706, 93196.6419872, 25.0765727271, 2784.7514957, 
<------------ GEN 44--------------->
Chromsome [0]: (822.8)-91.2364728723, 79.3218763761, 10833.1226943, 0.634596939323, 2617.35281535, 
Chromsome [1]: (785.3)5.0388678986, -57.7379687264, 19198.1229489, 3.25198960423, 880.645240784, 
Chromsome [2]: (779.266666667)0.182092493137, -18.4706079763, 53857.4929162, 12.8622653542, -212.622720186, 
Chromsome [3]: (775.566666667)4.54239054641, -89.7256031146, 152558.695584, 13.9054317711, 2860.25011282, 
Chromsome [4]: (772.633333333)4.54239054641, -55.1611426236, 140073.45375, 28.9549178499, 2163.33936254, 
<------------ GEN 45--------------->
Chromsome [0]: (804.5)-91.2364728723, 79.3218763761, 10833.1226943, 0.634596939323, 2617.35281535, 
Chromsome [1]: (774.2)4.54239054641, -89.7256031146, 160979.262615, 23.2639874777, 2860.25011282, 
Chromsome [2]: (774.2)4.54239054641, -65.0978726341, 171219.977229, 12.8622653542, 1058.81013405, 
Chromsome [3]: (773.566666667)5.0388678986, 45.0421641776, 62842.9089268, 26.7043582191, 816.19500523, 
Chromsome [4]: (773.5)5.0388678986, -209.010887083, 105427.562542, 42.6937843332, 2978.42845184, 
<------------ GEN 46--------------->
Chromsome [0]: (803.966666667)-91.2364728723, 79.3218763761, 10833.1226943, 0.634596939323, 2617.35281535, 
Chromsome [1]: (765.9)4.54239054641, 75.7363510542, 125027.401405, 28.9549178499, 2776.05037396, 
Chromsome [2]: (761.533333333)4.54239054641, -89.7256031146, 160979.262615, 23.2639874777, 1212.62272019, 
Chromsome [3]: (761.4)4.54239054641, 88.6025393108, 140073.45375, 28.9549178499, 1991.42490291, 
Chromsome [4]: (759.566666667)0.182092493137, -18.4706079763, -61194.705537, 24.4987899724, 2860.25011282, 
<------------ GEN 47--------------->
Chromsome [0]: (793.933333333)-91.2364728723, 79.3218763761, 10833.1226943, 0.634596939323, 2617.35281535, 
Chromsome [1]: (745.1)4.54239054641, 79.3218763761, 64467.3017634, 7.73602985194, 525.947672328, 
Chromsome [2]: (734.9)4.54239054641, -200.40226759, 140073.45375, 13.3498161442, 2784.7514957, 
Chromsome [3]: (719.8)0.182092493137, -18.4706079763, 229487.779191, 24.4987899724, 2152.6377592, 
Chromsome [4]: (708.866666667)4.54239054641, -41.6872397098, 10833.1226943, 0.634596939323, 2617.35281535, 
<------------ GEN 48--------------->
Chromsome [0]: (807.8)-90.1541124875, -65.0978726341, 140073.45375, 2.84920131569, 2728.20626785, 
Chromsome [1]: (807.8)-91.2364728723, 79.3218763761, 10833.1226943, 0.634596939323, 2617.35281535, 
Chromsome [2]: (736.3)4.54239054641, 79.3218763761, 64467.3017634, 7.73602985194, 2617.35281535, 
Chromsome [3]: (722.033333333)0.182092493137, -18.4706079763, 130512.220809, 1.68947716873, 2152.6377592, 
Chromsome [4]: (688.333333333)4.54239054641, -9.45494275921, 155179.37613, 28.581168029, 1280.43535624, 
<------------ GEN 49--------------->
Chromsome [0]: (804.8)-90.1541124875, -65.0978726341, 140073.45375, 2.84920131569, 2728.20626785, 
Chromsome [1]: (777.3)17.5696399791, -42.9982501913, -135680.282673, -2.44414503971, 1921.82849627, 
Chromsome [2]: (731.033333333)4.54239054641, 79.3218763761, 64467.3017634, 7.73602985194, 2617.35281535, 
Chromsome [3]: (729.3)5.0388678986, 61.0190745593, 152558.695584, 3.09571627071, 1933.54112205, 
Chromsome [4]: (710.466666667)0.182092493137, -18.4706079763, 130512.220809, 0.822081503387, 2152.6377592, 
<------------ GEN 50--------------->
Chromsome [0]: (803.9)-90.1541124875, -65.0978726341, 140073.45375, 2.84920131569, 2728.20626785, 
Chromsome [1]: (735.133333333)4.54239054641, -88.2880025527, 44967.2890373, 10.8560211493, 1156.1563625, 
Chromsome [2]: (734.333333333)5.0388678986, 61.0190745593, 140073.45375, 2.84920131569, 2728.20626785, 
Chromsome [3]: (722.333333333)4.54239054641, 54.2203605936, 44967.2890373, 26.2784413274, 2152.6377592, 
Chromsome [4]: (697.633333333)0.182092493137, -18.4706079763, 130512.220809, 4.62490249189, 1338.64967639, 
<------------ GEN 51--------------->
Chromsome [0]: (807.5)-121.664749518, -65.0978726341, 145087.554206, 0.634596939323, 2728.20626785, 
Chromsome [1]: (807.5)-90.1541124875, -65.0978726341, 140073.45375, 2.84920131569, 2728.20626785, 
Chromsome [2]: (739.4)4.54239054641, 245.602467645, 44967.2890373, 10.8560211493, 1487.58109324, 
Chromsome [3]: (738.6)5.0388678986, 61.0190745593, 98036.0600139, 2.84920131569, 2728.20626785, 
Chromsome [4]: (738.6)5.0388678986, 61.0190745593, 152558.695584, 3.09571627071, 1277.32748923, 
<------------ GEN 52--------------->
Chromsome [0]: (805.6)-121.664749518, -65.0978726341, 145087.554206, 0.634596939323, 2728.20626785, 
Chromsome [1]: (724.133333333)5.0388678986, 61.0190745593, 112462.197986, 21.2983109775, 1664.73315774, 
Chromsome [2]: (719.533333333)5.0388678986, -253.914183933, 98036.0600139, 2.84920131569, 2728.20626785, 
Chromsome [3]: (715.333333333)5.0388678986, -184.140201898, 152558.695584, 3.09571627071, 1277.32748923, 
Chromsome [4]: (710.5)4.54239054641, 54.2203605936, 10833.1226943, 5.10792185259, 2728.20626785, 
<------------ GEN 53--------------->
Chromsome [0]: (773.933333333)-22.5682115287, -14.1053043821, 10833.1226943, 9.17127316742, 2024.94892366, 
Chromsome [1]: (773.933333333)-121.664749518, -65.0978726341, 145087.554206, 0.634596939323, 2728.20626785, 
Chromsome [2]: (680.366666667)0.182092493137, -16.4871321212, 118694.509524, 20.0378581834, 1156.1563625, 
Chromsome [3]: (672.266666667)5.0388678986, 73.9141839331, 98036.0600139, 17.7346639902, 2571.50344799, 
Chromsome [4]: (669.566666667)4.54239054641, -55.7752320451, 10833.1226943, 5.10792185259, 2312.3964849, 
<------------ GEN 54--------------->
Chromsome [0]: (794.9)-22.5682115287, -14.1053043821, 10833.1226943, 9.17127316742, 2024.94892366, 
Chromsome [1]: (726.766666667)0.182092493137, -16.4871321212, 106088.193756, 17.079218468, 1060.25660473, 
Chromsome [2]: (713.133333333)4.54239054641, -55.7752320451, 10833.1226943, 5.10792185259, 2312.3964849, 
Chromsome [3]: (694.766666667)11.2562403437, 43.2089219885, 98036.0600139, 17.7346639902, 2638.31802277, 
Chromsome [4]: (677.133333333)13.3603781787, -41.6872397098, 10833.1226943, 4.43279784954, 2728.20626785, 
<------------ GEN 55--------------->
Chromsome [0]: (797.833333333)-22.5682115287, -14.1053043821, 10833.1226943, 9.17127316742, 2024.94892366, 
Chromsome [1]: (720.3)0.182092493137, -16.4871321212, 132697.493659, 27.5928256738, 2617.35281535, 
Chromsome [2]: (715.966666667)4.54239054641, -55.7752320451, 10833.1226943, 5.10792185259, 2312.3964849, 
Chromsome [3]: (706.366666667)11.2562403437, -159.006157179, -269205.497495, 17.7346639902, 2638.31802277, 
Chromsome [4]: (697.266666667)13.3603781787, -41.6872397098, 10833.1226943, 0.634596939323, 514.236265784, 
<------------ GEN 56--------------->
Chromsome [0]: (797.066666667)-22.5682115287, -14.1053043821, 10833.1226943, 9.17127316742, 2024.94892366, 
Chromsome [1]: (723.2)0.182092493137, -16.4871321212, 132697.493659, 29.9803195057, 676.266727861, 
Chromsome [2]: (714.8)4.54239054641, -55.7752320451, 10833.1226943, 5.16823104207, 2389.97875623, 
Chromsome [3]: (690.766666667)13.4118339856, -41.6872397098, 45735.8430928, 4.43279784954, 2024.94892366, 
Chromsome [4]: (676.1)5.0388678986, 4.14020189826, 145087.554206, 28.1510246193, 1420.55730039, 
<------------ GEN 57--------------->
Chromsome [0]: (802.8)-22.5682115287, -14.1053043821, 10833.1226943, 9.17127316742, 2024.94892366, 
Chromsome [1]: (736.366666667)0.182092493137, -16.4871321212, 132697.493659, 14.3118757817, 676.266727861, 
Chromsome [2]: (735.7)4.54239054641, -55.7752320451, 10833.1226943, 5.16823104207, 2389.97875623, 
Chromsome [3]: (702.533333333)11.1597268778, -34.5250501067, 106328.091157, 7.16126683563, 1279.63368104, 
Chromsome [4]: (700.3)2.7809685442, -16.4871321212, 72292.2648105, 27.5928256738, 2617.35281535, 
<------------ GEN 58--------------->
Chromsome [0]: (794.466666667)-22.5682115287, -14.1053043821, 10833.1226943, 9.17127316742, 2024.94892366, 
Chromsome [1]: (726.933333333)0.182092493137, -16.4871321212, 18369.5640816, 14.3118757817, 699.971257408, 
Chromsome [2]: (712.333333333)13.4118339856, -41.6872397098, 21144.1215327, 2.92155042689, 2638.31802277, 
Chromsome [3]: (707.833333333)12.2821137677, -14.1053043821, 113164.74197, 25.9173055817, 1868.97916364, 
Chromsome [4]: (705.9)13.4118339856, -41.6872397098, 45735.8430928, 4.43279784954, -1133.51100734, 
<------------ GEN 59--------------->
Chromsome [0]: (819.1)-22.5682115287, -14.1053043821, 10833.1226943, 9.17127316742, 2024.94892366, 
Chromsome [1]: (784.066666667)0.182092493137, 87.4323269688, 10833.1226943, 9.17127316742, 2760.7638646, 
Chromsome [2]: (753.2)1.95935532605, -65.0978726341, 169644.188453, 22.5591159991, 2024.94892366, 
Chromsome [3]: (741.7)5.0388678986, 4.14020189826, 139191.847394, 14.3986973454, 2492.83635792, 
Chromsome [4]: (734.133333333)12.2821137677, -14.1053043821, 113164.74197, 4.43279784954, 2133.51100734, 
<------------ GEN 60--------------->
Chromsome [0]: (830.733333333)-22.5682115287, -14.1053043821, 10833.1226943, 9.17127316742, 2024.94892366, 
Chromsome [1]: (796.766666667)0.182092493137, 87.4323269688, 10833.1226943, 22.6260924209, 1131.09681801, 
Chromsome [2]: (777.1)1.95935532605, -65.0978726341, 169644.188453, 22.5591159991, 2024.94892366, 
Chromsome [3]: (774.8)5.0388678986, 4.14020189826, 139191.847394, 14.3986973454, 2492.83635792, 
Chromsome [4]: (773.966666667)12.2821137677, -14.1053043821, 113164.74197, 4.43279784954, 2024.94892366, 
<------------ GEN 61--------------->
Chromsome [0]: (820.633333333)-35.9089715045, 82.5190729007, 10833.1226943, 5.16823104207, 2638.31802277, 
Chromsome [1]: (820.633333333)-22.5682115287, -14.1053043821, 10833.1226943, 9.17127316742, 2024.94892366, 
Chromsome [2]: (783.333333333)0.182092493137, 5.73360419787, 10833.1226943, 22.6260924209, 1131.09681801, 
Chromsome [3]: (769.366666667)0.182092493137, 87.4323269688, 124728.539256, 1.65348849967, 2024.94892366, 
Chromsome [4]: (760.133333333)12.2821137677, 40.6555922635, 116232.495618, 11.2901921278, 2546.40282286, 
<------------ GEN 62--------------->
Chromsome [0]: (808.466666667)-35.9089715045, 82.5190729007, 10833.1226943, 5.16823104207, 2638.31802277, 
Chromsome [1]: (771.966666667)0.182092493137, 5.73360419787, 10833.1226943, 22.6260924209, 1131.09681801, 
Chromsome [2]: (759.7)0.182092493137, 87.4323269688, 124728.539256, 1.65348849967, 2024.94892366, 
Chromsome [3]: (745.466666667)1.95935532605, -65.0978726341, 10833.1226943, 44.3984220098, 2638.31802277, 
Chromsome [4]: (739.8)12.2821137677, 40.6555922635, 116232.495618, 11.2901921278, 2546.40282286, 
<------------ GEN 63--------------->
Chromsome [0]: (803.666666667)-35.9089715045, 82.5190729007, 10833.1226943, 5.16823104207, 2638.31802277, 
Chromsome [1]: (754.566666667)0.182092493137, 87.4323269688, 124728.539256, 1.65348849967, 2686.26420405, 
Chromsome [2]: (733.333333333)1.95935532605, -65.0978726341, 10833.1226943, 15.6015779902, 2638.31802277, 
Chromsome [3]: (722.433333333)12.2821137677, 40.6555922635, 391603.000315, 20.7303772268, 2701.55695828, 
Chromsome [4]: (720.066666667)11.1597268778, -35.6410710856, 113164.74197, 12.7907162605, 676.266727861, 
<------------ GEN 64--------------->
Chromsome [0]: (812.166666667)-35.9089715045, 82.5190729007, 10833.1226943, 5.16823104207, 2638.31802277, 
Chromsome [1]: (785.333333333)0.182092493137, 87.4323269688, -31603.0003154, 20.7303772268, 2701.55695828, 
Chromsome [2]: (761.333333333)1.95935532605, -65.0978726341, 10833.1226943, 15.6015779902, 2728.20626785, 
Chromsome [3]: (755.666666667)12.2821137677, 40.6555922635, -31603.0003154, 20.7303772268, 2701.55695828, 
Chromsome [4]: (753.8)12.2821137677, -14.1053043821, 128835.308768, 25.6046275287, 1325.43017904, 
<------------ GEN 65--------------->
Chromsome [0]: (800.266666667)-35.9089715045, 82.5190729007, 10833.1226943, 5.16823104207, 2638.31802277, 
Chromsome [1]: (756.566666667)0.182092493137, 87.4323269688, 31603.0003154, 20.7303772268, 2728.20626785, 
Chromsome [2]: (736.733333333)6.15521308059, 40.6555922635, 31603.0003154, 20.7303772268, 2701.55695828, 
Chromsome [3]: (736.2)1.95935532605, -65.0978726341, 10833.1226943, 15.6015779902, 2728.20626785, 
Chromsome [4]: (718.8)12.2821137677, -14.1053043821, 106270.845822, 22.6260924209, 1252.73142077, 
<------------ GEN 66--------------->
Chromsome [0]: (807.0)-35.9089715045, 82.5190729007, 10833.1226943, 5.16823104207, 2638.31802277, 
Chromsome [1]: (746.733333333)6.15521308059, 40.6555922635, 31603.0003154, 24.6130346782, 1282.62651794, 
Chromsome [2]: (734.233333333)13.4118339856, -14.1053043821, 106328.091157, 9.17127316742, 2887.3323203, 
Chromsome [3]: (734.233333333)13.3603781787, -14.1053043821, 78870.6647907, 14.9482621439, 1356.28311752, 
Chromsome [4]: (728.566666667)12.2821137677, -14.1053043821, 179650.382716, 22.6260924209, 799.114848692, 
<------------ GEN 67--------------->
Chromsome [0]: (821.7)-35.9089715045, 82.5190729007, 10833.1226943, 5.16823104207, 2638.31802277, 
Chromsome [1]: (754.633333333)6.15521308059, 40.6555922635, 31603.0003154, 12.605635845, 1131.09681801, 
Chromsome [2]: (704.566666667)12.2821137677, -14.1053043821, 179650.382716, 9.17127316742, 2707.38805763, 
Chromsome [3]: (701.166666667)13.4118339856, -14.1053043821, 106328.091157, 14.4010346383, 2518.76269148, 
Chromsome [4]: (697.466666667)13.4118339856, 13.9437668279, 169970.673017, 6.72324439048, 2502.14554882, 
<------------ GEN 68--------------->
Chromsome [0]: (838.233333333)-35.9089715045, 82.5190729007, 10833.1226943, 5.16823104207, 2638.31802277, 
Chromsome [1]: (720.666666667)6.4104989682, 82.5190729007, 10833.1226943, 25.8622912598, 2638.31802277, 
Chromsome [2]: (720.1)6.15521308059, 40.6555922635, 31603.0003154, 12.7907162605, 676.266727861, 
Chromsome [3]: (676.966666667)6.71027761861, 13.9437668279, 169970.673017, 0.952421715822, 2502.14554882, 
Chromsome [4]: (651.533333333)13.3603781787, -14.1053043821, 54065.0600622, 4.33093688248, 2701.55695828, 
<------------ GEN 69--------------->
Chromsome [0]: (834.8)-24.52904698, 63.3278563046, 10919.8457296, 11.5184598557, 543.024886504, 
Chromsome [1]: (834.8)-35.9089715045, 82.5190729007, 10833.1226943, 5.16823104207, 2638.31802277, 
Chromsome [2]: (736.933333333)6.4104989682, 82.5190729007, 10833.1226943, 25.8622912598, 2638.31802277, 
Chromsome [3]: (683.1)6.71027761861, 13.9437668279, 169970.673017, 7.23311495698, 1815.19458595, 
Chromsome [4]: (672.933333333)13.4118339856, -14.1053043821, 81005.0917243, 14.4010346383, 2518.76269148, 
<------------ GEN 70--------------->
Chromsome [0]: (824.6)-24.52904698, 63.3278563046, 10919.8457296, 11.5184598557, 543.024886504, 
Chromsome [1]: (741.4)6.4104989682, 82.5190729007, 10833.1226943, 25.8622912598, 2638.31802277, 
Chromsome [2]: (687.566666667)6.71027761861, 13.9437668279, 169970.673017, 7.23311495698, 1815.19458595, 
Chromsome [3]: (677.4)13.4118339856, -14.1053043821, 179709.42595, 23.2459655342, 2728.20626785, 
Chromsome [4]: (638.833333333)17.530793748, -20.4755500413, 121469.748194, 5.32369565217, 2708.34832352, 
<------------ GEN 71--------------->
Chromsome [0]: (826.233333333)-24.52904698, 63.3278563046, 10919.8457296, 11.5184598557, 543.024886504, 
Chromsome [1]: (700.9)6.4104989682, 82.5190729007, 54707.1946181, 7.56273081875, 2638.31802277, 
Chromsome [2]: (669.466666667)6.71027761861, 13.9437668279, 146867.876488, 25.6163190122, 1815.19458595, 
Chromsome [3]: (669.466666667)6.71027761861, 13.9437668279, 169970.673017, 7.23311495698, 1815.19458595, 
Chromsome [4]: (666.5)13.4118339856, -14.1053043821, 179709.42595, 23.2459655342, 2728.20626785, 
<------------ GEN 72--------------->
Chromsome [0]: (808.966666667)-24.52904698, 63.3278563046, 10919.8457296, 11.5184598557, 543.024886504, 
Chromsome [1]: (673.9)6.4104989682, 43.5749582907, 215714.944601, 13.2580687786, 2417.62953008, 
Chromsome [2]: (642.9)6.71027761861, 13.9437668279, 5968.25896765, 25.6163190122, 1815.19458595, 
Chromsome [3]: (641.766666667)6.4104989682, -14.1053043821, 124728.539256, 20.0776210763, 977.612788991, 
Chromsome [4]: (641.133333333)6.71027761861, -14.1053043821, 66252.4295975, 22.6260924209, 2782.55171329, 
<------------ GEN 73--------------->
Chromsome [0]: (824.266666667)-24.52904698, 63.3278563046, 10919.8457296, 11.5184598557, 543.024886504, 
Chromsome [1]: (796.766666667)1.08642936283, 15.0810750585, 10919.8457296, 20.9130742257, 1711.55096593, 
Chromsome [2]: (724.566666667)6.4104989682, 43.5749582907, 171086.401173, 12.348575342, 1941.4443442, 
Chromsome [3]: (723.833333333)6.71027761861, 43.5749582907, 144285.055399, 13.2580687786, 2417.62953008, 
Chromsome [4]: (679.066666667)6.4104989682, 13.9437668279, 5968.25896765, 25.6163190122, 1815.19458595, 
<------------ GEN 74--------------->
Chromsome [0]: (825.366666667)-54.8142815502, -88.6361557533, 73612.8791815, 5.32369565217, 2708.34832352, 
Chromsome [1]: (825.366666667)-24.52904698, 63.3278563046, 10919.8457296, 11.5184598557, 543.024886504, 
Chromsome [2]: (801.966666667)1.08642936283, -89.4391623276, 45435.940791, 19.0323780441, 1490.67671299, 
Chromsome [3]: (801.966666667)1.08642936283, 15.0810750585, 10919.8457296, 20.9130742257, 1711.55096593, 
Chromsome [4]: (744.1)5.25666961034, -66.4807029179, 151937.645453, 26.5945572151, 1815.19458595, 
<------------ GEN 75--------------->
Chromsome [0]: (806.5)-54.8142815502, -88.6361557533, 73612.8791815, 5.32369565217, 2708.34832352, 
Chromsome [1]: (783.033333333)1.08642936283, 15.0810750585, 10919.8457296, 20.9130742257, 2707.38805763, 
Chromsome [2]: (783.033333333)1.08642936283, -89.4391623276, 45435.940791, 27.5569920169, 1490.67671299, 
Chromsome [3]: (783.033333333)1.08642936283, -89.4391623276, 45435.940791, 25.1527143696, 1490.67671299, 
Chromsome [4]: (759.333333333)5.25666961034, -66.4807029179, 151937.645453, 26.5945572151, 1934.0293289, 
<------------ GEN 76--------------->
Chromsome [0]: (800.466666667)-5.73509301425, -14.1053043821, 173447.030314, 9.65140067884, 2423.71364132, 
Chromsome [1]: (800.466666667)-54.8142815502, -88.6361557533, 73612.8791815, 5.32369565217, 2708.34832352, 
Chromsome [2]: (784.866666667)1.08642936283, 6.8872946692, 136979.839127, 18.7104246499, 543.024886504, 
Chromsome [3]: (784.766666667)1.08642936283, 50.5131057463, 73612.8791815, 5.32369565217, 2708.34832352, 
Chromsome [4]: (744.6)5.25666961034, -105.528701388, 89262.4590619, 18.5604286165, 1511.7707687, 
<------------ GEN 77--------------->
Chromsome [0]: (817.3)-5.73509301425, -14.1053043821, 173447.030314, 9.65140067884, 2423.71364132, 
Chromsome [1]: (773.766666667)1.08642936283, -57.9956556093, 136979.839127, 18.7104246499, 543.024886504, 
Chromsome [2]: (773.766666667)1.08642936283, 50.5131057463, 73612.8791815, 5.32369565217, 2708.34832352, 
Chromsome [3]: (724.866666667)3.88737336579, 13.9437668279, 131362.586265, 13.0812887105, 1618.54284892, 
Chromsome [4]: (710.366666667)6.4104989682, -30.3572350538, 51190.2380567, 0.793538965398, 2463.09600621, 
<------------ GEN 78--------------->
Chromsome [0]: (818.933333333)-5.73509301425, -14.1053043821, 173447.030314, 9.65140067884, 2423.71364132, 
Chromsome [1]: (778.366666667)3.88737336579, 13.9437668279, -42128.9493476, 6.72324439048, 2777.57725748, 
Chromsome [2]: (742.6)6.4104989682, 44.0217262653, 6259.93024755, 5.32369565217, 2728.20626785, 
Chromsome [3]: (740.0)6.4104989682, -30.3572350538, 51190.2380567, 0.793538965398, 2936.6171391, 
Chromsome [4]: (702.633333333)5.93509301425, -14.1053043821, 173447.030314, 9.65140067884, 814.429394498, 
<------------ GEN 79--------------->
Chromsome [0]: (817.4)-23.5247397287, -14.1053043821, 17265.1819117, 14.3718022018, 962.152952584, 
Chromsome [1]: (817.4)-5.73509301425, -14.1053043821, 173447.030314, 9.65140067884, 2423.71364132, 
Chromsome [2]: (741.1)2.12864940464, -30.3572350538, 51190.2380567, 0.793538965398, 2936.6171391, 
Chromsome [3]: (733.5)3.88737336579, 13.9437668279, 157337.776037, 19.5645169301, 2423.71364132, 
Chromsome [4]: (729.366666667)5.88033244071, -56.1678851049, 95533.6607443, 12.0600026026, 2126.99258728, 
<------------ GEN 80--------------->
Chromsome [0]: (800.7)-23.5247397287, -14.1053043821, 17265.1819117, 14.3718022018, 962.152952584, 
Chromsome [1]: (727.333333333)2.12864940464, -30.3572350538, 51190.2380567, 9.65140067884, 2423.71364132, 
Chromsome [2]: (724.433333333)6.4104989682, 44.0217262653, 146712.728986, 11.8845459701, 543.024886504, 
Chromsome [3]: (722.3)5.93509301425, 79.3133069888, 35062.3687742, 8.41570264644, 2936.6171391, 
Chromsome [4]: (721.133333333)5.93509301425, 89.0875161127, 73612.8791815, 5.32369565217, 2708.34832352, 
<------------ GEN 81--------------->
Chromsome [0]: (795.666666667)-61.0538434085, -7.54429518519, 89838.7539398, 11.8845459701, 543.024886504, 
Chromsome [1]: (795.666666667)-23.5247397287, -14.1053043821, 17265.1819117, 14.3718022018, 962.152952584, 
Chromsome [2]: (720.533333333)2.12864940464, -30.3572350538, 177552.832894, 9.65140067884, 2423.71364132, 
Chromsome [3]: (712.9)5.93509301425, 79.3133069888, 173447.030314, 9.65140067884, 1673.75473601, 
Chromsome [4]: (712.166666667)6.4104989682, 44.0217262653, 146712.728986, 7.70971053586, 2728.20626785, 
<------------ GEN 82--------------->
Chromsome [0]: (793.866666667)-61.0538434085, -7.54429518519, 89838.7539398, 11.8845459701, 543.024886504, 
Chromsome [1]: (744.733333333)5.93509301425, 79.3133069888, 173447.030314, 9.65140067884, 2777.57725748, 
Chromsome [2]: (728.466666667)2.12864940464, -30.3572350538, 177552.832894, 28.5734924177, 1547.98971784, 
Chromsome [3]: (718.4)3.88737336579, 61.7748796297, 28251.4428941, 0.821187491044, 2106.43098751, 
Chromsome [4]: (718.233333333)3.88737336579, 49.2502828917, 198309.417332, 11.8845459701, 914.888383851, 
<------------ GEN 83--------------->
Chromsome [0]: (808.766666667)-171.991698399, -4.59694976069, 173447.030314, 27.1067675373, 2936.6171391, 
Chromsome [1]: (808.766666667)-61.0538434085, -7.54429518519, 89838.7539398, 11.8845459701, 543.024886504, 
Chromsome [2]: (753.266666667)2.12864940464, -30.3572350538, 25089.8860196, 7.35639319302, 2423.71364132, 
Chromsome [3]: (737.0)5.93509301425, 79.3133069888, 173447.030314, 9.65140067884, 2183.22144675, 
Chromsome [4]: (733.133333333)5.93509301425, -14.1053043821, -55952.1702782, 28.9893593848, 595.127812676, 
<------------ GEN 84--------------->
Chromsome [0]: (815.0)-67.0523781487, -37.4930950957, 57144.5141379, 0.81393231158, 1930.18237941, 
Chromsome [1]: (815.0)-20.0873764409, -89.6431232214, 82333.51758, 20.1138645036, 2141.57102641, 
Chromsome [2]: (815.0)-171.991698399, -4.59694976069, 173447.030314, 27.1067675373, 2936.6171391, 
Chromsome [3]: (762.066666667)2.12864940464, -30.3572350538, 25089.8860196, 7.35639319302, 2419.37878093, 
Chromsome [4]: (762.066666667)2.12864940464, -30.3572350538, 25089.8860196, 7.35639319302, 2423.71364132, 
<------------ GEN 85--------------->
Chromsome [0]: (827.0)-67.0523781487, -37.4930950957, 57144.5141379, 0.81393231158, 1930.18237941, 
Chromsome [1]: (769.9)2.12864940464, 50.198900032, 112515.109917, 13.6181293984, 543.024886504, 
Chromsome [2]: (761.7)3.88737336579, -78.256382538, 25089.8860196, 7.35639319302, 2423.71364132, 
Chromsome [3]: (754.1)5.93509301425, 79.3133069888, 74767.2052954, 3.31492465773, 1767.60142792, 
Chromsome [4]: (753.066666667)5.93509301425, 79.3133069888, 173447.030314, 5.61578837097, 1205.53811493, 
<------------ GEN 86--------------->
Chromsome [0]: (824.066666667)-67.0523781487, -37.4930950957, 57144.5141379, 0.81393231158, 1930.18237941, 
Chromsome [1]: (749.466666667)5.93509301425, 35.18801067, 93878.4666722, 5.61578837097, 1205.53811493, 
Chromsome [2]: (748.633333333)5.93509301425, 79.3133069888, 73110.5602574, 14.5710261982, 558.60840904, 
Chromsome [3]: (745.233333333)3.88737336579, -78.256382538, 25089.8860196, 7.35639319302, 2423.71364132, 
Chromsome [4]: (744.233333333)3.88737336579, -78.256382538, 146712.728986, 12.6025495956, 983.59667588, 
<------------ GEN 87--------------->
Chromsome [0]: (838.2)-67.0523781487, -37.4930950957, 57144.5141379, 0.81393231158, 1930.18237941, 
Chromsome [1]: (789.233333333)5.93509301425, 35.18801067, 26825.1630722, 0.00396215687854, 2183.22144675, 
Chromsome [2]: (788.766666667)5.93509301425, -60.5880188496, 55952.1702782, 14.3718022018, 1678.32606233, 
Chromsome [3]: (788.533333333)5.93509301425, -84.1130749875, 91466.6867125, 13.2580687786, 1460.6373093, 
Chromsome [4]: (788.333333333)3.88737336579, -78.256382538, 25089.8860196, 7.35639319302, 2423.71364132, 
<------------ GEN 88--------------->
Chromsome [0]: (806.7)-67.0523781487, -37.4930950957, 57144.5141379, 0.81393231158, 1930.18237941, 
Chromsome [1]: (773.033333333)5.93509301425, 35.18801067, 26825.1630722, 14.7614786372, 2183.22144675, 
Chromsome [2]: (772.5)5.93509301425, -60.5880188496, 55952.1702782, 14.3718022018, 1460.6373093, 
Chromsome [3]: (772.233333333)5.93509301425, 85.0490615646, 91466.6867125, 13.2580687786, 1678.32606233, 
Chromsome [4]: (770.266666667)3.88737336579, -78.256382538, 146712.728986, 17.9309999435, 2627.93328397, 
<------------ GEN 89--------------->
Chromsome [0]: (816.3)-67.0523781487, -37.4930950957, 57144.5141379, 0.81393231158, 1930.18237941, 
Chromsome [1]: (770.4)0.651571404351, -1.66617323321, 112515.109917, 13.6181293984, 2716.56950718, 
Chromsome [2]: (745.066666667)5.93509301425, -60.5880188496, 55952.1702782, 14.3718022018, 2423.71364132, 
Chromsome [3]: (741.7)3.88737336579, -78.256382538, 75718.544737, 17.9309999435, 2627.93328397, 
Chromsome [4]: (721.033333333)5.93509301425, -7.54429518519, 57144.5141379, 0.81393231158, 1930.18237941, 
<------------ GEN 90--------------->
Chromsome [0]: (810.933333333)-67.0523781487, -37.4930950957, 57144.5141379, 0.81393231158, 1930.18237941, 
Chromsome [1]: (716.566666667)0.651571404351, -68.3316913585, 112515.109917, 11.0317998915, 2716.56950718, 
Chromsome [2]: (712.466666667)5.93509301425, -60.5880188496, 55952.1702782, 0.81393231158, -3400.3644938, 
Chromsome [3]: (706.766666667)3.88737336579, -78.2381302796, 75718.544737, 17.9309999435, 2623.46491703, 
Chromsome [4]: (704.833333333)6.52491936744, -45.6408162252, 91466.6867125, 13.2580687786, 2850.73921711, 
<------------ GEN 91--------------->
Chromsome [0]: (793.2)-67.0523781487, -37.4930950957, 57144.5141379, 0.81393231158, 1930.18237941, 
Chromsome [1]: (683.6)0.651571404351, -68.3316913585, 112515.109917, 11.0317998915, 2716.56950718, 
Chromsome [2]: (667.1)6.52491936744, 87.5386716732, 35747.4327577, 0.81393231158, 1508.52656369, 
Chromsome [3]: (666.833333333)5.93509301425, -121.858556704, 55952.1702782, 0.81393231158, 5153.2257382, 
Chromsome [4]: (663.0)3.88737336579, -78.2381302796, 75718.544737, 15.3337797198, 1930.18237941, 
<------------ GEN 92--------------->
Chromsome [0]: (805.033333333)-48.8985692047, -66.8113760132, 57144.5141379, 43.2711997327, 654.435364088, 
Chromsome [1]: (805.033333333)-67.0523781487, -37.4930950957, 57144.5141379, 0.81393231158, 1930.18237941, 
Chromsome [2]: (730.9)0.651571404351, -68.3316913585, 112515.109917, 11.0317998915, 2716.56950718, 
Chromsome [3]: (720.866666667)5.93509301425, -58.1414432957, 55952.1702782, 0.81393231158, 846.774261799, 
Chromsome [4]: (718.466666667)3.88737336579, -78.2381302796, 75718.544737, 0.81393231158, 1930.18237941, 
<------------ GEN 93--------------->
Chromsome [0]: (799.433333333)-37.2330523989, 61.0228010424, 57144.5141379, 14.7614786372, 2358.96188082, 
Chromsome [1]: (799.433333333)-48.8985692047, -66.8113760132, 57144.5141379, 43.2711997327, 654.435364088, 
Chromsome [2]: (700.6)5.93509301425, -58.1414432957, 19346.5083843, 0.81393231158, 90.9230925378, 
Chromsome [3]: (696.033333333)5.93509301425, -57.4478368631, 57144.5141379, 0.81393231158, 2381.39710722, 
Chromsome [4]: (684.333333333)6.52491936744, 87.5386716732, 35747.4327577, 18.1042097964, 1537.22906165, 
<------------ GEN 94--------------->
Chromsome [0]: (784.2)-37.2330523989, 61.0228010424, 57144.5141379, 14.7614786372, 2358.96188082, 
Chromsome [1]: (696.866666667)5.93509301425, -57.4478368631, 57144.5141379, 10.3495264086, 2381.39710722, 
Chromsome [2]: (696.4)5.93509301425, -66.8113760132, 57144.5141379, 16.7288002673, 654.435364088, 
Chromsome [3]: (695.466666667)6.52491936744, 34.9027570652, 133983.854105, 17.9309999435, 2623.46491703, 
Chromsome [4]: (688.933333333)6.52491936744, 87.5386716732, 35747.4327577, 18.1042097964, 1537.22906165, 
<------------ GEN 95--------------->
Chromsome [0]: (816.8)-37.2330523989, 61.0228010424, 57144.5141379, 14.7614786372, 2358.96188082, 
Chromsome [1]: (721.3)5.72648997256, -62.6246929102, 94711.1789872, 25.5140662481, 2114.96472488, 
Chromsome [2]: (720.866666667)5.93509301425, -57.4478368631, 31636.3361408, 28.849934678, -428.393248504, 
Chromsome [3]: (720.433333333)5.93509301425, -66.8113760132, 57144.5141379, 16.7288002673, 654.435364088, 
Chromsome [4]: (720.433333333)5.93509301425, -66.8113760132, 63221.0789236, 16.7288002673, 654.435364088, 
<------------ GEN 96--------------->
Chromsome [0]: (801.433333333)-4.08124351347, -28.6265058654, 96812.6606343, 25.5140662481, 2114.96472488, 
Chromsome [1]: (801.433333333)-37.2330523989, 61.0228010424, 57144.5141379, 14.7614786372, 2358.96188082, 
Chromsome [2]: (704.966666667)5.72648997256, -62.6246929102, 94711.1789872, 0.312459230437, 1375.19650968, 
Chromsome [3]: (704.033333333)5.93509301425, -66.8113760132, 63221.0789236, 16.7288002673, 1537.22906165, 
Chromsome [4]: (704.033333333)5.93509301425, -66.8113760132, 57144.5141379, 16.7288002673, 1537.22906165, 
<------------ GEN 97--------------->
Chromsome [0]: (791.933333333)-4.08124351347, -28.6265058654, 96812.6606343, 25.5140662481, 2114.96472488, 
Chromsome [1]: (687.566666667)5.93509301425, -66.8113760132, 63221.0789236, 16.7288002673, 1537.22906165, 
Chromsome [2]: (687.566666667)5.93509301425, -66.8113760132, 63221.0789236, 4.92061586297, 1537.22906165, 
Chromsome [3]: (686.566666667)6.52491936744, 34.9027570652, 109448.053108, 17.9309999435, 1976.40508354, 
Chromsome [4]: (682.566666667)7.06847396926, 61.0228010424, 57144.5141379, 14.7614786372, 2358.96188082, 
<------------ GEN 98--------------->
Chromsome [0]: (803.733333333)-4.08124351347, -28.6265058654, 96812.6606343, 25.5140662481, 2114.96472488, 
Chromsome [1]: (723.266666667)5.93509301425, -66.8113760132, 63221.0789236, 4.92061586297, 1537.22906165, 
Chromsome [2]: (723.266666667)5.93509301425, -66.8113760132, 40395.6543325, 16.7288002673, 1537.22906165, 
Chromsome [3]: (720.0)4.37998683764, 87.5386716732, 50991.5365486, 18.1209136457, 909.076907462, 
Chromsome [4]: (718.933333333)7.06847396926, 61.0228010424, 57144.5141379, 14.7614786372, 1780.33483202, 
<------------ GEN 99--------------->
Chromsome [0]: (830.033333333)-4.08124351347, -28.6265058654, 96812.6606343, 25.5140662481, 2114.96472488, 
Chromsome [1]: (765.866666667)3.10856517793, -70.3328472159, -143394.70019, 25.2584508375, 2890.54713758, 
Chromsome [2]: (759.4)4.28124351347, -77.8659543396, 96812.6606343, 25.5140662481, 2114.96472488, 
Chromsome [3]: (758.833333333)4.37998683764, 87.5386716732, 50991.5365486, 18.1209136457, 2275.81656359, 
Chromsome [4]: (758.833333333)4.37998683764, 87.5386716732, 50991.5365486, 22.4552820319, 2508.92900651, 
<------------ GEN 100--------------->
Chromsome [0]: (826.233333333)-4.08124351347, -28.6265058654, 96812.6606343, 25.5140662481, 2114.96472488, 
Chromsome [1]: (757.2)4.28124351347, 66.6172166865, 96812.6606343, 25.5140662481, 2114.96472488, 
Chromsome [2]: (744.0)5.93509301425, -62.6246929102, 90869.6836707, 13.7208138623, 1930.18237941, 
Chromsome [3]: (744.0)5.93509301425, 81.8090364462, 63221.0789236, 4.92061586297, 2526.68308514, 
Chromsome [4]: (740.7)7.06847396926, -58.8799414068, 142838.87683, 17.447909774, 2043.00713842, 
