<------------ GEN 1--------------->
Chromsome [0]: (783.0)5.4131745939, 66.5037802721, 54273.2562101, 17.6519051112, 2033.30742232, 
Chromsome [1]: (760.2)16.0444130644, 14.8903930692, 102158.793132, 23.0187858255, 1227.64437019, 
Chromsome [2]: (758.933333333)9.73352629194, 50.4222716212, 31876.2038927, 24.8509937175, 2566.62270905, 
Chromsome [3]: (758.4)13.0047038348, 7.03797628927, 65744.1765976, 20.3063892023, 1382.02974096, 
Chromsome [4]: (740.433333333)20.3903061847, 1.80075270486, 156112.636236, 14.312227041, 2492.58590502, 
<------------ GEN 2--------------->
Chromsome [0]: (777.733333333)5.4131745939, 66.5037802721, 54273.2562101, 17.6519051112, 2033.30742232, 
Chromsome [1]: (777.733333333)5.4131745939, 66.5037802721, 54273.2562101, 17.6519051112, 2033.30742232, 
Chromsome [2]: (774.933333333)5.4131745939, 66.5037802721, 156112.636236, 14.312227041, 2492.58590502, 
Chromsome [3]: (737.033333333)18.2284273957, 3.75879909812, 159669.189993, 5.44724957407, 1827.15203518, 
Chromsome [4]: (733.166666667)9.73352629194, 50.4222716212, 31876.2038927, 24.8509937175, 2225.4679784, 
<------------ GEN 3--------------->
Chromsome [0]: (816.1)3.49827477915, 86.8182064356, 34725.8839661, 3.34983602321, 1588.39372706, 
Chromsome [1]: (786.733333333)5.4131745939, 66.5037802721, 39270.3568468, 17.6519051112, 1846.29041734, 
Chromsome [2]: (785.933333333)5.4131745939, 66.5037802721, 54273.2562101, 29.8205797073, 2033.30742232, 
Chromsome [3]: (785.933333333)5.4131745939, 66.5037802721, 54273.2562101, 17.6519051112, 2033.30742232, 
Chromsome [4]: (784.533333333)5.4131745939, 66.5037802721, 159769.33982, 3.74715704757, 794.91326817, 
<------------ GEN 4--------------->
Chromsome [0]: (819.833333333)-57.7597292892, 61.9901006782, 29285.1759993, -4.01735417235, 1425.09529281, 
Chromsome [1]: (813.733333333)3.49827477915, 86.8182064356, 34725.8839661, 3.34983602321, 1830.01505185, 
Chromsome [2]: (813.733333333)3.49827477915, 86.8182064356, 34725.8839661, 3.34983602321, 1588.39372706, 
Chromsome [3]: (810.433333333)0.809294688436, 22.4338539629, 65744.1765976, 20.3063892023, 1382.02974096, 
Chromsome [4]: (789.0)5.4131745939, 66.5037802721, 39270.3568468, 29.9906722125, 1805.76112391, 
<------------ GEN 5--------------->
Chromsome [0]: (817.333333333)-57.7597292892, 61.9901006782, 29285.1759993, -4.01735417235, 1425.09529281, 
Chromsome [1]: (811.333333333)3.60382049197, 86.8182064356, 34725.8839661, 3.34983602321, 1830.01505185, 
Chromsome [2]: (811.233333333)3.49827477915, 86.8182064356, 34725.8839661, 7.66160115491, 1773.81848043, 
Chromsome [3]: (798.566666667)9.73352629194, -26.3007087533, 20076.8448401, 1.31611192628, 1690.05215443, 
Chromsome [4]: (796.8)5.4131745939, 66.5037802721, 11151.2738875, 29.9906722125, 1830.01505185, 
<------------ GEN 6--------------->
Chromsome [0]: (817.066666667)3.60382049197, 86.8182064356, 34725.8839661, 2.87970185202, 1830.01505185, 
Chromsome [1]: (816.933333333)3.49827477915, 86.8182064356, 34725.8839661, -2.70547636891, 1773.81848043, 
Chromsome [2]: (815.6)-57.7597292892, 61.9901006782, 29285.1759993, -4.01735417235, 1425.09529281, 
Chromsome [3]: (803.633333333)5.4131745939, 80.9695357129, 145454.965639, 17.6519051112, 2033.30742232, 
Chromsome [4]: (803.633333333)5.4131745939, -66.5213301145, 145454.965639, 17.6519051112, 2033.30742232, 
<------------ GEN 7--------------->
Chromsome [0]: (794.766666667)3.60382049197, 86.8182064356, 34725.8839661, 2.87970185202, 1830.01505185, 
Chromsome [1]: (790.533333333)3.49827477915, 86.8182064356, 34725.8839661, 24.8509937175, 1839.03717049, 
Chromsome [2]: (787.666666667)5.4131745939, 66.5037802721, 31876.2038927, 2.70547636891, 1773.81848043, 
Chromsome [3]: (778.766666667)3.78584603385, 86.8182064356, 29285.1759993, 4.01735417235, 2616.17570853, 
Chromsome [4]: (776.066666667)5.4131745939, -66.5213301145, 145454.965639, 17.6519051112, 1032.03590548, 
<------------ GEN 8--------------->
Chromsome [0]: (826.7)-12.3253893129, 45.1684403566, 18360.6669199, 28.3286738107, 2441.75165305, 
Chromsome [1]: (826.7)-9.62291018004, 18.3691056645, 249538.396159, 7.36398748136, 1588.39372706, 
Chromsome [2]: (778.066666667)3.60382049197, 86.8182064356, 34725.8839661, 6.33581650812, 948.948674651, 
Chromsome [3]: (778.066666667)3.60382049197, 86.8182064356, 34725.8839661, 2.87970185202, 1830.01505185, 
Chromsome [4]: (775.066666667)3.49827477915, -216.100513307, 159769.33982, 7.33218926759, 1452.8229304, 
<------------ GEN 9--------------->
Chromsome [0]: (827.933333333)-12.3253893129, 45.1684403566, 18360.6669199, 28.3286738107, 2441.75165305, 
Chromsome [1]: (784.033333333)3.60382049197, -87.1491791496, 34725.8839661, 2.87970185202, 1830.01505185, 
Chromsome [2]: (780.066666667)3.60382049197, 66.4459005916, 34725.8839661, 6.33581650812, 2821.67948896, 
Chromsome [3]: (766.466666667)3.49827477915, 36.1005133073, 159769.33982, 21.5511095347, 1072.01568044, 
Chromsome [4]: (762.9)5.4131745939, 37.5971636816, 96999.6348036, 15.620384975, 2764.30294511, 
<------------ GEN 10--------------->
Chromsome [0]: (839.533333333)-27.6274097735, 37.5971636816, 168163.394416, 6.17451741633, 2033.30742232, 
Chromsome [1]: (839.533333333)-31.6435830575, 12.312935255, 39270.3568468, 29.9906722125, 902.732533017, 
Chromsome [2]: (839.533333333)-12.3253893129, 45.1684403566, 18360.6669199, 28.3286738107, 2441.75165305, 
Chromsome [3]: (799.9)3.78584603385, 86.8182064356, -280382.305243, 25.5984669449, 1652.05413299, 
Chromsome [4]: (794.3)1.19090520579, 69.6537850304, 161646.829401, 12.1474029, 1773.81848043, 
<------------ GEN 11--------------->
Chromsome [0]: (817.0)-65.8545199049, 53.0084923911, 54273.2562101, 23.1207424563, 1212.96753537, 
Chromsome [1]: (817.0)-27.6274097735, 37.5971636816, 168163.394416, 6.17451741633, 2033.30742232, 
Chromsome [2]: (780.9)3.49827477915, -7.89132572006, 148881.367018, 21.5511095347, 1072.01568044, 
Chromsome [3]: (777.666666667)3.60382049197, -87.1491791496, 34725.8839661, 26.966470666, 2731.91019077, 
Chromsome [4]: (774.433333333)1.19090520579, 69.6537850304, 138326.865068, 29.9906722125, 902.732533017, 
<------------ GEN 12--------------->
Chromsome [0]: (835.066666667)-65.8545199049, 53.0084923911, 54273.2562101, 23.1207424563, 1212.96753537, 
Chromsome [1]: (789.933333333)3.60382049197, -87.1491791496, 34725.8839661, 26.966470666, 2731.91019077, 
Chromsome [2]: (786.833333333)3.60382049197, 66.4459005916, 34725.8839661, 7.33327975611, 1723.17375673, 
Chromsome [3]: (786.766666667)3.49827477915, -14.410073763, 53605.4931393, 15.620384975, 2764.30294511, 
Chromsome [4]: (786.766666667)1.19090520579, 69.6537850304, 138326.865068, 29.9906722125, 902.732533017, 
<------------ GEN 13--------------->
Chromsome [0]: (828.733333333)-65.8545199049, 53.0084923911, 54273.2562101, 23.1207424563, 1212.96753537, 
Chromsome [1]: (819.933333333)0.557582555631, 55.793530503, 79617.6947574, 25.5984669449, 943.730145654, 
Chromsome [2]: (817.3)3.60382049197, -87.1491791496, 42979.1048194, 0.53348308525, 1212.96753537, 
Chromsome [3]: (810.766666667)3.60382049197, -87.1491791496, 34725.8839661, 26.966470666, 2731.91019077, 
Chromsome [4]: (810.333333333)3.60382049197, -87.1491791496, 42979.1048194, 26.966470666, 2731.91019077, 
<------------ GEN 14--------------->
Chromsome [0]: (823.7)-65.8545199049, 53.0084923911, 54273.2562101, 23.1207424563, 1212.96753537, 
Chromsome [1]: (811.766666667)3.60382049197, -87.1491791496, 42979.1048194, 4.63250767657, 1577.53234156, 
Chromsome [2]: (810.133333333)3.60382049197, -87.1491791496, 42979.1048194, 28.4437568963, 1072.01568044, 
Chromsome [3]: (798.0)0.557582555631, 26.1153358871, 79617.6947574, 25.5984669449, 943.730145654, 
Chromsome [4]: (796.133333333)3.60382049197, -61.1871329382, 165334.505998, 26.966470666, 2731.91019077, 
<------------ GEN 15--------------->
Chromsome [0]: (815.8)-65.8545199049, 53.0084923911, 54273.2562101, 23.1207424563, 1212.96753537, 
Chromsome [1]: (808.2)3.60382049197, -87.1491791496, 42979.1048194, 13.7481413647, 1072.01568044, 
Chromsome [2]: (804.233333333)1.19090520579, 163.158664819, 176736.342206, 25.9127369829, 2441.75165305, 
Chromsome [3]: (803.6)0.557582555631, 26.1153358871, 79617.6947574, 25.5984669449, 902.732533017, 
Chromsome [4]: (802.333333333)3.60382049197, 11.1395201625, 29285.1759993, 27.3943339328, 1577.53234156, 
<------------ GEN 16--------------->
Chromsome [0]: (815.266666667)-55.5864354287, 48.8830459772, 132152.701525, 20.013009015, 1340.74140238, 
Chromsome [1]: (815.266666667)-5.041117897, 34.0488607971, 57938.3077302, 27.5474498434, 2120.19387162, 
Chromsome [2]: (815.266666667)-65.8545199049, 53.0084923911, 54273.2562101, 23.1207424563, 1212.96753537, 
Chromsome [3]: (806.933333333)3.60382049197, -87.1491791496, 42979.1048194, 13.7481413647, 1072.01568044, 
Chromsome [4]: (806.0)0.557582555631, 26.1153358871, 79617.6947574, 25.5984669449, 902.732533017, 
<------------ GEN 17--------------->
Chromsome [0]: (820.866666667)-55.5864354287, 48.8830459772, 132152.701525, 20.013009015, 1340.74140238, 
Chromsome [1]: (804.566666667)3.60382049197, -87.1491791496, 248385.730966, 13.7481413647, 1072.01568044, 
Chromsome [2]: (802.966666667)5.241117897, 34.0488607971, 57938.3077302, 27.5474498434, 1425.09529281, 
Chromsome [3]: (799.666666667)3.60382049197, 26.1153358871, 99531.8866769, 25.5984669449, 902.732533017, 
Chromsome [4]: (796.633333333)3.60382049197, -70.5457710685, 42979.1048194, 18.2419689228, 725.1280871, 
<------------ GEN 18--------------->
Chromsome [0]: (813.533333333)-102.46099772, 156.626713233, 37986.1388387, 13.7775680829, 4850.42931196, 
Chromsome [1]: (813.533333333)-55.5864354287, 48.8830459772, 132152.701525, 20.013009015, 1340.74140238, 
Chromsome [2]: (801.066666667)5.4131745939, -64.4731782278, 53409.4766607, 3.53230880808, 1419.02143985, 
Chromsome [3]: (801.066666667)5.4131745939, -64.4731782278, 120048.850793, 29.126264, 577.817620067, 
Chromsome [4]: (801.066666667)5.4131745939, -64.4731782278, 120048.850793, 7.00849967321, 2120.19387162, 
<------------ GEN 19--------------->
Chromsome [0]: (801.766666667)3.60382049197, -87.1491791496, 24518.8795688, 20.013009015, 1340.74140238, 
Chromsome [1]: (801.033333333)-102.46099772, 156.626713233, 37986.1388387, 13.7775680829, 4850.42931196, 
Chromsome [2]: (798.166666667)3.60382049197, 26.1153358871, -305462.620236, 25.5984669449, 786.727034766, 
Chromsome [3]: (797.8)3.60382049197, -70.5457710685, 42979.1048194, 18.2419689228, 1123.60741983, 
Chromsome [4]: (797.766666667)2.90531603159, -64.4731782278, 120048.850793, 29.126264, 577.817620067, 
<------------ GEN 20--------------->
Chromsome [0]: (800.066666667)3.60382049197, -87.1491791496, 54857.271108, 13.7775680829, 1149.57068804, 
Chromsome [1]: (800.066666667)3.60382049197, -87.1491791496, 24518.8795688, 20.013009015, 1340.74140238, 
Chromsome [2]: (796.1)3.60382049197, -6.40689047663, 305462.620236, 2.3473869624, 2731.91019077, 
Chromsome [3]: (796.066666667)2.51892035015, 48.8830459772, 132152.701525, 15.4331093076, 1246.13853449, 
Chromsome [4]: (796.033333333)3.60382049197, -50.4553612869, 165334.505998, 28.3286738107, 1826.82114792, 
<------------ GEN 21--------------->
Chromsome [0]: (811.333333333)3.60382049197, 140.554971134, 54857.271108, 13.7775680829, 1149.57068804, 
Chromsome [1]: (810.2)3.60382049197, -87.1491791496, 24518.8795688, 20.013009015, 1340.74140238, 
Chromsome [2]: (810.2)3.60382049197, -87.1491791496, 54857.271108, 13.7775680829, 1149.57068804, 
Chromsome [3]: (809.733333333)3.60382049197, 75.3137596449, 107043.566008, 25.9070244604, 2731.91019077, 
Chromsome [4]: (806.266666667)3.23861479579, -50.4553612869, 32789.4491595, 28.3286738107, 2441.75165305, 
<------------ GEN 22--------------->
Chromsome [0]: (814.033333333)5.4131745939, -84.7479400314, 53409.4766607, 17.6708951649, 2934.81125592, 
Chromsome [1]: (814.033333333)5.4131745939, -71.0027077809, 171708.780942, 13.643049788, 2026.69118398, 
Chromsome [2]: (814.033333333)5.4131745939, -56.6874637455, 176498.470926, 24.0633678228, 1778.16447886, 
Chromsome [3]: (814.033333333)5.4131745939, -71.0027077809, 53409.4766607, 17.6708951649, 2934.81125592, 
Chromsome [4]: (807.5)3.60382049197, 140.554971134, 54857.271108, 13.7775680829, 1149.57068804, 
<------------ GEN 23--------------->
Chromsome [0]: (805.833333333)5.4131745939, -71.0027077809, 171708.780942, 13.7775680829, 701.033296293, 
Chromsome [1]: (805.833333333)5.4131745939, -71.0027077809, 53409.4766607, 17.6708951649, 2934.81125592, 
Chromsome [2]: (805.833333333)5.4131745939, -71.0027077809, 53409.4766607, 15.4331093076, 2719.9358543, 
Chromsome [3]: (805.833333333)5.4131745939, -84.7479400314, 53409.4766607, 17.6708951649, 2934.81125592, 
Chromsome [4]: (801.6)4.77275411492, -88.3772069052, 45589.5111779, 23.4462439705, 1340.74140238, 
<------------ GEN 24--------------->
Chromsome [0]: (809.133333333)4.77275411492, -88.3772069052, 45589.5111779, 23.4462439705, 1934.99958085, 
Chromsome [1]: (808.733333333)5.4131745939, -71.0027077809, 37584.869188, 27.4641460009, 2548.95839414, 
Chromsome [2]: (808.733333333)5.4131745939, -93.5475283378, 65615.1440319, 11.202494018, 2934.81125592, 
Chromsome [3]: (808.733333333)5.4131745939, 61.2779169311, 53409.4766607, 17.6708951649, 2232.82396189, 
Chromsome [4]: (808.733333333)5.4131745939, -71.0027077809, 6572.63612134, 12.3501373908, 2455.65141915, 
<------------ GEN 25--------------->
Chromsome [0]: (790.666666667)5.4131745939, 60.0742105082, 6572.63612134, 1.39680620527, 2455.65141915, 
Chromsome [1]: (790.3)5.4131745939, -86.4524716622, 165334.505998, 20.5928574049, 2441.75165305, 
Chromsome [2]: (790.3)5.4131745939, -71.0027077809, 171708.780942, 13.7775680829, 701.033296293, 
Chromsome [3]: (790.3)5.4131745939, -84.7479400314, 53409.4766607, 17.7276749293, 2934.81125592, 
Chromsome [4]: (786.333333333)4.77275411492, -88.3772069052, 45589.5111779, 23.4462439705, 1934.99958085, 
<------------ GEN 26--------------->
Chromsome [0]: (774.633333333)5.4131745939, 60.0742105082, 6572.63612134, 1.39680620527, 2455.65141915, 
Chromsome [1]: (774.266666667)5.4131745939, -84.7479400314, 53409.4766607, 17.7276749293, 2934.81125592, 
Chromsome [2]: (774.266666667)5.4131745939, 60.0742105082, 80802.3170129, 1.39680620527, 2553.42774243, 
Chromsome [3]: (774.266666667)5.4131745939, -71.0027077809, 171708.780942, 34.0395968175, 701.033296293, 
Chromsome [4]: (774.266666667)5.4131745939, -86.4524716622, 126682.99805, 20.5928574049, 2441.75165305, 
<------------ GEN 27--------------->
Chromsome [0]: (813.633333333)1.14439209355, -60.8007447418, 171708.780942, 25.9604031825, 6257.62348031, 
Chromsome [1]: (783.366666667)4.77275411492, -88.3772069052, 45589.5111779, 23.4462439705, 633.642171813, 
Chromsome [2]: (782.566666667)5.4131745939, -84.7479400314, 154678.705069, 25.9860021098, 519.493671831, 
Chromsome [3]: (782.566666667)5.4131745939, -84.7479400314, 53409.4766607, 17.7276749293, 2263.84970452, 
Chromsome [4]: (782.566666667)5.4131745939, -71.0027077809, 134201.896069, 2.54678111964, 509.661677878, 
<------------ GEN 28--------------->
Chromsome [0]: (772.633333333)1.36264737402, 7.41433511337, 176570.031406, 19.079807617, 543.780550668, 
Chromsome [1]: (772.633333333)1.14439209355, -60.8007447418, 37584.869188, 13.3298154199, 1934.99958085, 
Chromsome [2]: (772.633333333)1.14439209355, -60.8007447418, 171708.780942, 25.9604031825, 6257.62348031, 
Chromsome [3]: (748.7)3.60382049197, -84.7479400314, 154678.705069, 25.9860021098, 3675.70895832, 
Chromsome [4]: (748.7)5.4131745939, -55.8542543321, 108089.618169, 17.0339101472, 2026.69118398, 
<------------ GEN 29--------------->
Chromsome [0]: (780.966666667)-159.233218111, 39.4450288665, 42966.2966943, 13.7775680829, 1149.57068804, 
Chromsome [1]: (775.033333333)1.14439209355, -60.8007447418, 160498.066936, 2.49951594865, 2574.7645383, 
Chromsome [2]: (775.033333333)1.14439209355, -60.8007447418, 37584.869188, 13.3298154199, 925.602508198, 
Chromsome [3]: (775.033333333)1.14439209355, -60.8007447418, 151235.527461, 25.3526957387, -257.623480308, 
Chromsome [4]: (775.033333333)1.36264737402, 7.41433511337, 176570.031406, 19.079807617, 543.780550668, 
<------------ GEN 30--------------->
Chromsome [0]: (772.466666667)-159.233218111, 39.4450288665, 42966.2966943, 13.7775680829, 1149.57068804, 
Chromsome [1]: (755.633333333)1.14439209355, -60.8007447418, 37584.869188, 13.3298154199, 925.602508198, 
Chromsome [2]: (755.633333333)1.14439209355, -60.8007447418, 37584.869188, 13.3298154199, 854.508336463, 
Chromsome [3]: (753.866666667)1.14439209355, -60.8007447418, 66610.3869946, 25.3526957387, 1257.62348031, 
Chromsome [4]: (753.4)1.14439209355, -60.8007447418, 160498.066936, 11.9104493607, 1923.74292697, 
<------------ GEN 31--------------->
Chromsome [0]: (780.166666667)-17.9138999039, -20.143986639, 75847.7246541, 13.7775680829, 544.818083088, 
Chromsome [1]: (780.166666667)-159.233218111, 39.4450288665, 42966.2966943, 13.7775680829, 1149.57068804, 
Chromsome [2]: (768.2)1.14439209355, -86.3318352505, 12443.3176296, 20.5928574049, 1352.91325913, 
Chromsome [3]: (768.133333333)1.14439209355, -60.8007447418, 37584.869188, -12.7917311303, 925.602508198, 
Chromsome [4]: (765.0)1.14439209355, -36.5238811586, 66610.3869946, 25.3526957387, 1257.62348031, 
<------------ GEN 32--------------->
Chromsome [0]: (792.366666667)-17.9138999039, -20.143986639, 75847.7246541, 13.7775680829, 544.818083088, 
Chromsome [1]: (772.466666667)1.36264737402, 56.5994154959, 128607.525852, 19.079807617, 303.194699594, 
Chromsome [2]: (772.433333333)1.14439209355, 48.4637673321, 100994.228185, 25.3526957387, 1257.62348031, 
Chromsome [3]: (772.433333333)1.36264737402, 38.1853157999, 49708.2893809, 2.81194410366, 2441.75165305, 
Chromsome [4]: (772.3)1.36264737402, 38.1853157999, 58182.9859604, 10.3554943198, 2704.17311187, 
<------------ GEN 33--------------->
Chromsome [0]: (797.066666667)-17.9138999039, -20.143986639, 75847.7246541, 13.7775680829, 544.818083088, 
Chromsome [1]: (782.166666667)1.14439209355, 74.490864527, 14531.0607231, 2.49951594865, 1350.17966094, 
Chromsome [2]: (766.633333333)1.14439209355, 48.4637673321, 100994.228185, 25.3526957387, 1466.49161909, 
Chromsome [3]: (766.5)1.36264737402, 56.5994154959, 128607.525852, 16.7086556826, -4132.05961116, 
Chromsome [4]: (765.4)1.36264737402, -80.9415092321, 50179.1797389, 17.994864326, 1350.17966094, 
<------------ GEN 34--------------->
Chromsome [0]: (801.833333333)-17.9138999039, -20.143986639, 75847.7246541, 13.7775680829, 544.818083088, 
Chromsome [1]: (796.066666667)1.14439209355, -65.8813858515, 14531.0607231, 2.49951594865, 1350.17966094, 
Chromsome [2]: (782.566666667)1.14439209355, 48.4637673321, 100994.228185, 25.3526957387, 1466.49161909, 
Chromsome [3]: (782.433333333)1.36264737402, 56.5994154959, 128607.525852, 9.01823389249, 1149.57068804, 
Chromsome [4]: (780.033333333)1.36264737402, -68.3719727801, 50179.1797389, 17.994864326, 7133.15687512, 
<------------ GEN 35--------------->
Chromsome [0]: (808.3)-17.9138999039, -20.143986639, 75847.7246541, 13.7775680829, 544.818083088, 
Chromsome [1]: (806.733333333)1.14439209355, -67.3988094119, 14531.0607231, 2.49951594865, 1352.91325913, 
Chromsome [2]: (781.966666667)1.14439209355, 25.8947782255, 75847.7246541, 13.7775680829, 1028.76880354, 
Chromsome [3]: (779.866666667)1.14439209355, 48.4637673321, 100994.228185, 25.3526957387, 1466.49161909, 
Chromsome [4]: (774.9)1.36264737402, -80.9415092321, 55074.7174278, 17.994864326, 1149.57068804, 
<------------ GEN 36--------------->
Chromsome [0]: (798.033333333)-17.9138999039, -20.143986639, 75847.7246541, 13.7775680829, 544.818083088, 
Chromsome [1]: (796.3)1.14439209355, -67.3988094119, 14531.0607231, 2.49951594865, 1352.91325913, 
Chromsome [2]: (783.0)1.14439209355, 48.4637673321, 14531.0607231, 2.49951594865, 1352.91325913, 
Chromsome [3]: (779.133333333)1.14439209355, 25.8947782255, 75847.7246541, 13.7775680829, 1028.76880354, 
Chromsome [4]: (775.9)1.36264737402, -80.9415092321, 55074.7174278, 17.994864326, 1149.57068804, 
<------------ GEN 37--------------->
Chromsome [0]: (788.833333333)-17.9138999039, -20.143986639, 75847.7246541, 13.7775680829, 544.818083088, 
Chromsome [1]: (779.633333333)1.14439209355, 103.443482023, 14531.0607231, 2.49951594865, 1201.13568429, 
Chromsome [2]: (776.533333333)1.14439209355, 48.4637673321, 14531.0607231, 2.49951594865, 1352.91325913, 
Chromsome [3]: (751.933333333)1.14439209355, -67.3988094119, 14531.0607231, 25.3526957387, 1350.17966094, 
Chromsome [4]: (748.733333333)1.14439209355, 25.8947782255, 75847.7246541, 20.6381846329, 2028.39878485, 
<------------ GEN 38--------------->
Chromsome [0]: (804.966666667)1.36264737402, 80.9056312969, -316677.198169, -5.98321124173, 259.120288883, 
Chromsome [1]: (804.833333333)-17.9138999039, -20.143986639, 75847.7246541, 13.7775680829, 544.818083088, 
Chromsome [2]: (797.933333333)1.14439209355, 48.4637673321, 14531.0607231, 2.49951594865, 1352.91325913, 
Chromsome [3]: (795.5)1.36264737402, -20.143986639, 75847.7246541, 13.7775680829, 544.818083088, 
Chromsome [4]: (795.466666667)1.14439209355, 29.4989872566, 100994.228185, 24.5744513687, 1149.57068804, 
<------------ GEN 39--------------->
Chromsome [0]: (802.9)-0.250708062149, -80.9415092321, 55074.7174278, 9.72756205386, 1466.49161909, 
Chromsome [1]: (802.866666667)1.36264737402, 80.9056312969, -316677.198169, -5.98321124173, 259.120288883, 
Chromsome [2]: (796.133333333)1.14439209355, 48.4637673321, 14531.0607231, 2.49951594865, 1352.91325913, 
Chromsome [3]: (783.066666667)1.36264737402, -7.82884145308, 75847.7246541, 13.7775680829, 544.818083088, 
Chromsome [4]: (783.066666667)1.14439209355, 29.4989872566, 100994.228185, 15.1734692408, 1069.50418068, 
<------------ GEN 40--------------->
Chromsome [0]: (820.566666667)-27.5178178424, 15.9279147967, 100994.228185, 25.8932048642, 1352.91325913, 
Chromsome [1]: (820.566666667)-0.250708062149, -80.9415092321, 55074.7174278, 9.72756205386, 1466.49161909, 
Chromsome [2]: (809.533333333)1.14439209355, 48.4637673321, 14531.0607231, 2.49951594865, 2478.6371503, 
Chromsome [3]: (807.366666667)0.450708062149, -80.9415092321, 113904.444504, 9.72756205386, 677.962542656, 
Chromsome [4]: (805.033333333)1.14439209355, -18.3080294206, 113778.574103, 24.5744513687, 544.818083088, 
<------------ GEN 41--------------->
Chromsome [0]: (811.166666667)-27.5178178424, 15.9279147967, 100994.228185, 25.8932048642, 1352.91325913, 
Chromsome [1]: (808.266666667)0.450708062149, -80.9415092321, 113904.444504, 4.14558509269, 677.962542656, 
Chromsome [2]: (799.533333333)1.43493124499, 48.4637673321, 14531.0607231, 2.49951594865, 2478.6371503, 
Chromsome [3]: (795.633333333)1.14439209355, -18.3080294206, 76784.6253983, 12.4751943857, 1810.47867574, 
Chromsome [4]: (795.466666667)1.36264737402, 21.9308050389, 146081.508161, 8.47268860404, 544.818083088, 
<------------ GEN 42--------------->
Chromsome [0]: (800.4)-27.5178178424, 15.9279147967, 100994.228185, 25.8932048642, 1352.91325913, 
Chromsome [1]: (794.6)0.450708062149, -80.9415092321, 113904.444504, 4.14558509269, 677.962542656, 
Chromsome [2]: (794.1)1.43493124499, -87.0046262582, 14531.0607231, 2.49951594865, 2133.15687512, 
Chromsome [3]: (782.033333333)1.36264737402, -75.0148879176, 30330.6039718, 6.08695794793, 1717.09324488, 
Chromsome [4]: (781.833333333)1.36264737402, -13.2449787476, 106843.941386, 10.3554943198, 887.877155648, 
<------------ GEN 43--------------->
Chromsome [0]: (804.3)-27.5178178424, 15.9279147967, 100994.228185, 25.8932048642, 1352.91325913, 
Chromsome [1]: (797.433333333)1.43493124499, -87.0046262582, 14531.0607231, 2.49951594865, 2261.94761719, 
Chromsome [2]: (794.6)0.450708062149, 89.1247280765, 9588.25787542, 12.0133062158, 740.879711117, 
Chromsome [3]: (791.033333333)0.450708062149, -80.9415092321, 113904.444504, 4.14558509269, 2014.43986563, 
Chromsome [4]: (788.4)1.66297852849, 3.58996006683, 24411.3603956, 11.8905668861, 1496.62875724, 
<------------ GEN 44--------------->
Chromsome [0]: (787.4)-27.5178178424, 15.9279147967, 100994.228185, 25.8932048642, 1352.91325913, 
Chromsome [1]: (783.833333333)1.43493124499, -87.0046262582, 14531.0607231, 2.49951594865, 2261.94761719, 
Chromsome [2]: (775.133333333)0.450708062149, -19.99098825, 33562.4771741, 21.6356196357, 1352.91325913, 
Chromsome [3]: (775.0)1.14439209355, -20.143986639, 169776.418701, 8.4220866687, 921.70612279, 
Chromsome [4]: (773.133333333)0.450708062149, 89.1247280765, 51821.2242158, 8.47268860404, 1352.91325913, 
<------------ GEN 45--------------->
Chromsome [0]: (788.466666667)-25.4245466141, -39.2480485676, -128765.157251, 25.9604031825, 614.535644264, 
Chromsome [1]: (788.466666667)-27.5178178424, 15.9279147967, 100994.228185, 25.8932048642, 1352.91325913, 
Chromsome [2]: (784.9)1.43493124499, -87.0046262582, 14531.0607231, 2.49951594865, 836.298072702, 
Chromsome [3]: (778.6)2.15545180776, 48.2527158546, 9588.25787542, 3.87706439518, 740.879711117, 
Chromsome [4]: (778.266666667)5.4131745939, 55.8560033882, 178414.104173, 12.4751943857, 994.67525155, 
<------------ GEN 46--------------->
Chromsome [0]: (793.3)-25.4245466141, -39.2480485676, -128765.157251, 25.9604031825, 614.535644264, 
Chromsome [1]: (768.833333333)5.4131745939, 55.8560033882, 39849.9411065, 12.4751943857, 1098.90486469, 
Chromsome [2]: (767.466666667)4.86174793896, 25.8947782255, 146081.508161, 12.0133062158, 740.879711117, 
Chromsome [3]: (767.466666667)4.86174793896, 25.8947782255, 144526.454583, 6.08695794793, 674.268286467, 
Chromsome [4]: (766.366666667)5.4131745939, -80.9415092321, 100994.228185, 8.47268860404, 1018.0453455, 
<------------ GEN 47--------------->
Chromsome [0]: (800.8)-25.4245466141, -39.2480485676, -128765.157251, 25.9604031825, 614.535644264, 
Chromsome [1]: (788.533333333)1.14439209355, -1.09039761274, 178414.104173, 29.0522451228, 1352.91325913, 
Chromsome [2]: (784.766666667)1.14439209355, -36.1924898887, 110634.261622, 29.0522451228, 1352.91325913, 
Chromsome [3]: (784.633333333)0.450708062149, 87.7158559541, 100994.228185, 16.0934045336, 1352.91325913, 
Chromsome [4]: (784.633333333)1.14439209355, -37.979505474, 168068.286347, 3.87706439518, 740.879711117, 
<------------ GEN 48--------------->
Chromsome [0]: (813.633333333)-25.4245466141, -39.2480485676, -128765.157251, 25.9604031825, 614.535644264, 
Chromsome [1]: (786.933333333)0.450708062149, 87.7158559541, 100994.228185, 16.0934045336, 1352.91325913, 
Chromsome [2]: (786.866666667)1.14439209355, -37.979505474, 128493.020977, 23.3046571111, 1352.91325913, 
Chromsome [3]: (786.866666667)1.14439209355, -37.979505474, 168068.286347, 10.9608672637, 2042.89384481, 
Chromsome [4]: (783.6)5.4131745939, 74.8536987123, 32085.017282, -30.0611895048, 2014.43986563, 
<------------ GEN 49--------------->
Chromsome [0]: (825.0)-25.4245466141, -39.2480485676, -128765.157251, 25.9604031825, 614.535644264, 
Chromsome [1]: (814.533333333)1.14439209355, -54.8620135122, 20049.5156807, 1.37846546814, 2822.54318389, 
Chromsome [2]: (811.566666667)0.450708062149, -80.9415092321, 100994.228185, 17.9148001794, 1018.0453455, 
Chromsome [3]: (811.433333333)1.14439209355, -37.979505474, 128493.020977, 23.3046571111, 1352.91325913, 
Chromsome [4]: (789.6)5.4131745939, 87.7158559541, 8309.92922039, 16.0934045336, 1352.91325913, 
<------------ GEN 50--------------->
Chromsome [0]: (835.3)-25.4245466141, -39.2480485676, -128765.157251, 25.9604031825, 614.535644264, 
Chromsome [1]: (804.866666667)0.450708062149, 89.7791881185, 8309.92922039, 16.0934045336, 1352.91325913, 
Chromsome [2]: (801.1)0.450708062149, -80.9415092321, 100994.228185, 17.9148001794, 1810.47867574, 
Chromsome [3]: (800.566666667)1.14439209355, 37.3180958807, 128493.020977, 23.3046571111, 2014.43986563, 
Chromsome [4]: (800.566666667)1.14439209355, 37.5372679222, 155574.676618, 10.9608672637, 2860.02692488, 
<------------ GEN 51--------------->
Chromsome [0]: (848.2)-25.4245466141, -39.2480485676, -128765.157251, 25.9604031825, 614.535644264, 
Chromsome [1]: (841.8)1.14439209355, 37.3180958807, 9971.03239876, -0.954285377181, 538.547592559, 
Chromsome [2]: (829.0)0.450708062149, 89.7791881185, 8309.92922039, 16.0934045336, 1352.91325913, 
Chromsome [3]: (826.9)0.450708062149, -80.9415092321, 40890.6519985, 17.9148001794, 1018.0453455, 
Chromsome [4]: (824.8)1.14439209355, 37.5372679222, 155574.676618, 20.4035276097, 2860.02692488, 
<------------ GEN 52--------------->
Chromsome [0]: (829.933333333)-25.4245466141, -39.2480485676, -128765.157251, 25.9604031825, 614.535644264, 
Chromsome [1]: (812.533333333)0.450708062149, 89.7791881185, 8309.92922039, 16.0934045336, 1352.91325913, 
Chromsome [2]: (812.266666667)1.14439209355, 37.3180958807, 20238.9982601, 0.954285377181, 538.547592559, 
Chromsome [3]: (808.566666667)1.14439209355, 37.3180958807, 252718.192179, 21.7158502501, 2662.35826189, 
Chromsome [4]: (808.433333333)1.14439209355, 64.5826177525, 132746.488704, 5.91141729134, 1997.2743707, 
<------------ GEN 53--------------->
Chromsome [0]: (829.333333333)-25.4245466141, -39.2480485676, -128765.157251, 25.9604031825, 614.535644264, 
Chromsome [1]: (811.666666667)1.14439209355, 64.5826177525, -99241.021049, 5.91141729134, 1997.2743707, 
Chromsome [2]: (809.266666667)0.450708062149, 89.7791881185, 8309.92922039, 16.0934045336, 1352.91325913, 
Chromsome [3]: (809.266666667)0.450708062149, 89.7791881185, 8309.92922039, 16.0934045336, 1352.91325913, 
Chromsome [4]: (807.966666667)1.14439209355, 22.1152057061, 19080.3155061, 37.2196851918, 1380.41131905, 
<------------ GEN 54--------------->
Chromsome [0]: (821.366666667)-25.4245466141, -39.2480485676, -128765.157251, 25.9604031825, 614.535644264, 
Chromsome [1]: (816.5)0.450708062149, 89.7791881185, 19080.3155061, -2.76875654589, 1380.41131905, 
Chromsome [2]: (801.133333333)0.450708062149, -80.9415092321, 105957.276521, 25.9604031825, 2632.73556317, 
Chromsome [3]: (801.133333333)1.14439209355, 22.1152057061, 8309.92922039, 16.0934045336, 1352.91325913, 
Chromsome [4]: (801.133333333)1.14439209355, 37.3180958807, 42666.3790518, 21.7158502501, 1578.8836514, 
<------------ GEN 55--------------->
Chromsome [0]: (832.0)-106.897656841, 37.3180958807, 42666.3790518, 12.2784026009, 1766.17592423, 
Chromsome [1]: (832.0)-25.4245466141, -39.2480485676, -128765.157251, 25.9604031825, 614.535644264, 
Chromsome [2]: (809.333333333)1.14439209355, 22.0696820268, 99241.021049, 18.1164847516, 1997.2743707, 
Chromsome [3]: (809.333333333)0.450708062149, -80.9415092321, 105957.276521, 29.35024637, 2632.73556317, 
Chromsome [4]: (809.333333333)1.14439209355, 22.1152057061, 39532.2122516, 0.0676636803468, 1778.95082582, 
<------------ GEN 56--------------->
Chromsome [0]: (809.333333333)-106.897656841, 37.3180958807, 42666.3790518, 12.2784026009, 1766.17592423, 
Chromsome [1]: (785.8)0.450708062149, -80.9415092321, 105957.276521, 29.35024637, 2632.73556317, 
Chromsome [2]: (785.8)0.450708062149, -80.9415092321, 71784.1577646, -5.38938849969, 2632.73556317, 
Chromsome [3]: (785.633333333)1.14439209355, 69.0000528328, 155574.676618, 19.0625990695, 1459.3607016, 
Chromsome [4]: (785.633333333)1.14439209355, 22.1152057061, 39532.2122516, 0.0676636803468, 9061.43291482, 
<------------ GEN 57--------------->
Chromsome [0]: (838.033333333)-106.897656841, 37.3180958807, 42666.3790518, 12.2784026009, 1766.17592423, 
Chromsome [1]: (822.133333333)0.450708062149, -80.9415092321, 34581.4207582, 28.8079821793, 1978.12014491, 
Chromsome [2]: (821.9)1.14439209355, 22.0696820268, 99241.021049, 18.1164847516, 2467.73316422, 
Chromsome [3]: (821.9)1.14439209355, 69.0000528328, 155574.676618, 19.0625990695, 1435.35001283, 
Chromsome [4]: (821.9)1.14439209355, 74.8536987123, 89438.1668735, 7.57205625482, 2749.60748869, 
<------------ GEN 58--------------->
Chromsome [0]: (843.966666667)-37.4565504288, 37.3180958807, 49548.8005446, 5.38938849969, 2632.73556317, 
Chromsome [1]: (843.966666667)-106.897656841, 37.3180958807, 42666.3790518, 12.2784026009, 1766.17592423, 
Chromsome [2]: (809.266666667)0.450708062149, -78.192486565, 34581.4207582, 20.8417080036, 571.829371327, 
Chromsome [3]: (808.066666667)1.14439209355, -95.5860213701, 155574.676618, 19.0625990695, 1332.64487062, 
Chromsome [4]: (805.3)5.4131745939, 61.7054150608, 19080.3155061, 24.4702479584, 975.108562383, 
<------------ GEN 59--------------->
Chromsome [0]: (851.9)-37.4565504288, 37.3180958807, 49548.8005446, 5.38938849969, 2632.73556317, 
Chromsome [1]: (834.133333333)0.450708062149, -53.8619494523, 34581.4207582, 20.8417080036, 571.829371327, 
Chromsome [2]: (824.766666667)1.14439209355, 74.8536987123, 89438.1668735, 7.57205625482, 2749.60748869, 
Chromsome [3]: (822.5)1.14439209355, 22.1152057061, 39532.2122516, 13.0754290944, 1766.17592423, 
Chromsome [4]: (822.466666667)1.14439209355, -84.4139786299, 155574.676618, 19.0625990695, 1332.64487062, 
<------------ GEN 60--------------->
Chromsome [0]: (857.0)-37.4565504288, 37.3180958807, 49548.8005446, 5.38938849969, 2632.73556317, 
Chromsome [1]: (854.1)0.450708062149, -53.8619494523, 34581.4207582, 20.8417080036, 3331.89930501, 
Chromsome [2]: (854.033333333)1.14439209355, -84.4139786299, 155574.676618, 14.0174808778, 1435.35001283, 
Chromsome [3]: (854.033333333)1.14439209355, 74.8536987123, 89438.1668735, 7.57205625482, 2134.96378316, 
Chromsome [4]: (849.2)3.69165716115, -4.13248672476, 8309.92922039, 18.2426065564, 2525.95365222, 
<------------ GEN 61--------------->
Chromsome [0]: (864.466666667)-37.4565504288, 37.3180958807, 49548.8005446, 5.38938849969, 2632.73556317, 
Chromsome [1]: (861.566666667)0.450708062149, -53.8619494523, 34581.4207582, 6.59112371439, 2311.87468775, 
Chromsome [2]: (861.533333333)1.14439209355, -8.50020157305, 155574.676618, 14.0174808778, 1435.35001283, 
Chromsome [3]: (861.5)1.14439209355, -84.4139786299, 84883.1088289, 13.3768569859, 1058.16636622, 
Chromsome [4]: (861.5)1.14439209355, 74.8536987123, 89438.1668735, 7.57205625482, 2134.96378316, 
<------------ GEN 62--------------->
Chromsome [0]: (858.033333333)-37.4565504288, 37.3180958807, 49548.8005446, 5.38938849969, 2632.73556317, 
Chromsome [1]: (855.133333333)0.450708062149, -53.8619494523, 155574.676618, 12.5824315346, 1308.5199671, 
Chromsome [2]: (855.1)1.14439209355, -8.50020157305, 141683.680569, 3.85322561068, 1766.17592423, 
Chromsome [3]: (855.066666667)1.14439209355, -84.4139786299, 42666.3790518, 12.2784026009, 1766.17592423, 
Chromsome [4]: (855.066666667)1.14439209355, 35.5128395315, 89438.1668735, 7.57205625482, 2516.1317436, 
<------------ GEN 63--------------->
Chromsome [0]: (826.366666667)-37.4565504288, 37.3180958807, 49548.8005446, 5.38938849969, 2632.73556317, 
Chromsome [1]: (810.033333333)0.450708062149, -53.8619494523, 155574.676618, 18.2914874551, 1308.5199671, 
Chromsome [2]: (809.866666667)1.14439209355, -8.50020157305, 141683.680569, 3.85322561068, 1766.17592423, 
Chromsome [3]: (809.833333333)1.14439209355, 35.5128395315, 89438.1668735, 7.57205625482, 2516.1317436, 
Chromsome [4]: (809.833333333)1.14439209355, -84.4139786299, 116987.038837, 12.2784026009, 1766.17592423, 
<------------ GEN 64--------------->
Chromsome [0]: (854.9)-102.154882641, 41.4342714043, 116851.675947, 25.2172218512, 2311.87468775, 
Chromsome [1]: (854.9)-37.4565504288, 37.3180958807, 49548.8005446, 5.38938849969, 2632.73556317, 
Chromsome [2]: (844.9)3.69165716115, 71.5272909579, 49548.8005446, 5.38938849969, 2632.73556317, 
Chromsome [3]: (844.866666667)3.69165716115, 39.0697571699, 68873.8963775, 20.7801906916, 2632.73556317, 
Chromsome [4]: (841.466666667)0.450708062149, -53.8619494523, 155574.676618, 18.2914874551, 1308.5199671, 
<------------ GEN 65--------------->
Chromsome [0]: (859.366666667)3.40676546534, -111.29615188, 141265.567551, 3.26908358746, 1538.63513183, 
Chromsome [1]: (857.366666667)-111.911713122, -36.0198818122, 67883.746918, 5.38938849969, 2632.73556317, 
Chromsome [2]: (857.366666667)-102.154882641, 41.4342714043, 116851.675947, 25.2172218512, 2311.87468775, 
Chromsome [3]: (851.566666667)0.450708062149, -53.8619494523, 155574.676618, 18.2914874551, 1308.5199671, 
Chromsome [4]: (851.5)1.14439209355, -8.50020157305, 138749.924056, 30.5008630876, 1766.17592423, 
<------------ GEN 66--------------->
Chromsome [0]: (851.133333333)3.40676546534, -111.29615188, 141265.567551, 3.26908358746, 1538.63513183, 
Chromsome [1]: (847.233333333)0.450708062149, -53.8619494523, 155574.676618, 15.8758142504, 700.052819601, 
Chromsome [2]: (847.2)1.14439209355, -8.50020157305, 176118.068904, 22.6918288941, 1766.17592423, 
Chromsome [3]: (847.166666667)1.14439209355, 58.1729540856, 138749.924056, 29.4991369124, 1766.17592423, 
Chromsome [4]: (847.166666667)1.14439209355, 25.273068046, 80193.0002614, 14.0174808778, 2835.86901152, 
<------------ GEN 67--------------->
Chromsome [0]: (842.866666667)3.40676546534, -111.29615188, 141265.567551, 3.26908358746, 1538.63513183, 
Chromsome [1]: (838.966666667)0.450708062149, 15.3102478671, 39485.7296144, 15.8758142504, 700.052819601, 
Chromsome [2]: (838.933333333)1.14439209355, -8.50020157305, 176118.068904, 22.6918288941, 1766.17592423, 
Chromsome [3]: (838.9)1.14439209355, 35.5128395315, 80664.8892214, 0.744397173278, 1591.26645222, 
Chromsome [4]: (838.9)1.14439209355, 33.231159813, 79510.4427923, 15.8758142504, 1616.82316471, 
<------------ GEN 68--------------->
Chromsome [0]: (799.1)3.40676546534, -117.259149127, 179704.723713, 13.3768569859, 980.068093996, 
Chromsome [1]: (799.1)3.40676546534, -111.29615188, 141265.567551, 3.26908358746, 1538.63513183, 
Chromsome [2]: (788.3)3.40676546534, -197.956628974, 149347.107144, 27.7561934263, 2835.86901152, 
Chromsome [3]: (787.4)0.450708062149, 15.3102478671, 39485.7296144, 15.8758142504, 700.052819601, 
Chromsome [4]: (787.2)1.14439209355, 33.231159813, 79510.4427923, 15.8758142504, 2147.46575257, 
<------------ GEN 69--------------->
Chromsome [0]: (812.466666667)3.40676546534, 482.162831266, 149347.107144, 13.9030431961, 1185.97278145, 
Chromsome [1]: (812.466666667)3.40676546534, -117.259149127, 179704.723713, 13.3768569859, 980.068093996, 
Chromsome [2]: (809.2)3.40676546534, 129.639016971, 179704.723713, 32.325918708, 975.38038427, 
Chromsome [3]: (808.566666667)0.450708062149, 43.459305619, 84016.4925107, 13.8681405053, 2962.20008166, 
Chromsome [4]: (808.5)1.14439209355, -63.9167010251, 141265.567551, 22.2729452481, 1538.63513183, 
<------------ GEN 70--------------->
Chromsome [0]: (805.633333333)3.40676546534, 482.162831266, 149347.107144, 13.9030431961, 1185.97278145, 
Chromsome [1]: (805.233333333)3.40676546534, 89.3470897045, 179704.723713, 15.8758142504, 2147.46575257, 
Chromsome [2]: (802.0)0.719268613065, 47.4421623809, 100151.228931, 0.744397173278, 1591.26645222, 
Chromsome [3]: (801.933333333)1.14439209355, 35.5128395315, 172923.140572, 21.378233392, 653.965119351, 
Chromsome [4]: (801.933333333)1.14439209355, 25.273068046, 47320.0989019, 22.2729452481, 1538.63513183, 
<------------ GEN 71--------------->
Chromsome [0]: (839.2)-6.96857915782, -73.5640488398, 38216.6939935, -14.3158448813, 1538.63513183, 
Chromsome [1]: (833.333333333)0.719268613065, 47.4421623809, 100151.228931, 29.1711224206, 2962.20008166, 
Chromsome [2]: (833.266666667)1.14439209355, 25.273068046, 124411.456739, 21.378233392, 653.965119351, 
Chromsome [3]: (833.266666667)1.14439209355, -63.9167010251, 141265.567551, 22.7438671773, 2297.34783223, 
Chromsome [4]: (829.6)3.40676546534, 482.162831266, 149347.107144, 13.9030431961, 1185.97278145, 
<------------ GEN 72--------------->
Chromsome [0]: (821.733333333)-6.96857915782, -73.5640488398, 38216.6939935, -14.3158448813, 1538.63513183, 
Chromsome [1]: (802.866666667)3.40676546534, -302.162831266, -38756.5471274, 13.9030431961, 2461.74033688, 
Chromsome [2]: (799.0)1.14439209355, 32.4834289046, 59286.0350969, 23.1093698539, 2297.34783223, 
Chromsome [3]: (798.366666667)1.14439209355, 34.1445027035, 165373.61906, 3.39992138488, 1069.65261473, 
Chromsome [4]: (797.8)0.719268613065, -68.7038481197, 141265.567551, 0.673798870537, 2062.44382429, 
<------------ GEN 73--------------->
Chromsome [0]: (851.566666667)-6.96857915782, -73.5640488398, 38216.6939935, -14.3158448813, 1538.63513183, 
Chromsome [1]: (841.566666667)3.03339885145, 9.37099582887, 79510.4427923, 8.60988748437, 975.38038427, 
Chromsome [2]: (841.366666667)3.40676546534, 122.162831266, 77059.7576764, 12.5341539167, 2835.86901152, 
Chromsome [3]: (839.466666667)3.40676546534, -41.1835741343, 21673.8323752, 28.1986002665, 1285.75483362, 
Chromsome [4]: (838.2)0.719268613065, 69.0589222986, 141265.567551, 0.673798870537, 2593.7226432, 
<------------ GEN 74--------------->
Chromsome [0]: (850.033333333)-6.96857915782, -73.5640488398, 38216.6939935, -14.3158448813, 1538.63513183, 
Chromsome [1]: (832.733333333)3.40676546534, 87.1379744886, 172602.420246, 14.3158448813, 1538.63513183, 
Chromsome [2]: (830.6)3.40676546534, 57.8371687335, 38756.5471274, 13.9030431961, 763.160857362, 
Chromsome [3]: (830.1)0.719268613065, 6.13886732195, 141265.567551, 0.673798870537, 1711.6572234, 
Chromsome [4]: (830.0)1.14439209355, 5.09353906813, 25317.1642071, 20.1027644913, 700.052819601, 
<------------ GEN 75--------------->
Chromsome [0]: (821.366666667)-57.428042278, -25.0440882701, 149347.107144, 12.6071109907, 2481.038066, 
Chromsome [1]: (821.366666667)-6.96857915782, -73.5640488398, 38216.6939935, -14.3158448813, 1538.63513183, 
Chromsome [2]: (801.433333333)0.719268613065, 5.09353906813, 25317.1642071, 20.1027644913, 1574.38578156, 
Chromsome [3]: (800.1)6.11388861806, -25.0440882701, 161327.720387, 17.4495170992, 901.236512909, 
Chromsome [4]: (800.033333333)6.9968210433, 20.7575790779, 21673.8323752, 14.2302388358, 1285.75483362, 
<------------ GEN 76--------------->
Chromsome [0]: (827.0)-57.428042278, -25.0440882701, 149347.107144, 12.6071109907, 2481.038066, 
Chromsome [1]: (807.066666667)0.719268613065, 5.09353906813, 25317.1642071, 13.9030431961, 2004.893261, 
Chromsome [2]: (803.866666667)0.106023074212, 41.086088081, 171627.298445, 25.307226149, 2429.82251725, 
Chromsome [3]: (802.5)3.40676546534, 87.1379744886, 159933.511989, 14.3158448813, 1711.6572234, 
Chromsome [4]: (795.2)3.40676546534, -73.5640488398, 38216.6939935, 14.3158448813, 1538.63513183, 
<------------ GEN 77--------------->
Chromsome [0]: (839.066666667)-57.428042278, -25.0440882701, 149347.107144, 12.6071109907, 2481.038066, 
Chromsome [1]: (829.7)0.719268613065, 5.09353906813, 17084.8388844, 13.9030431961, 2004.893261, 
Chromsome [2]: (822.1)3.40676546534, -9.41557431717, 6287.22047106, 29.6260395466, 1538.63513183, 
Chromsome [3]: (821.3)3.03339885145, 9.37099582887, 7653.69688736, 13.9030431961, 2004.893261, 
Chromsome [4]: (814.6)3.40676546534, -41.1835741343, 38756.5471274, 20.1027644913, 593.887720375, 
<------------ GEN 78--------------->
Chromsome [0]: (823.2)-57.428042278, -25.0440882701, 149347.107144, 12.6071109907, 2481.038066, 
Chromsome [1]: (812.7)0.719268613065, 5.09353906813, 148424.123857, 21.880487178, 2062.44382429, 
Chromsome [2]: (810.433333333)0.719268613065, 5.09353906813, 3679.25112108, 16.9089777726, 2650.81124844, 
Chromsome [3]: (799.5)6.9968210433, -43.4047747337, 124452.235407, 9.14486938771, 4481.79398092, 
Chromsome [4]: (798.833333333)7.16857915782, 54.3332602334, 38756.5471274, 20.1027644913, 593.887720375, 
<------------ GEN 79--------------->
Chromsome [0]: (813.866666667)-34.6180149568, -71.8203780713, 122409.308848, 17.4599534491, 2596.29653546, 
Chromsome [1]: (813.866666667)-57.428042278, -25.0440882701, 149347.107144, 12.6071109907, 2481.038066, 
Chromsome [2]: (798.166666667)0.719268613065, 5.09353906813, 3679.25112108, 20.6507003084, 2062.44382429, 
Chromsome [3]: (790.3)3.40676546534, -25.0440882701, -22765.2458885, 25.5592925924, 2481.038066, 
Chromsome [4]: (789.0)3.40676546534, 83.0922185873, 39077.5213733, 25.5592925924, 2481.038066, 
<------------ GEN 80--------------->
Chromsome [0]: (807.7)-34.6180149568, -71.8203780713, 122409.308848, 17.4599534491, 2596.29653546, 
Chromsome [1]: (791.566666667)0.719268613065, -73.5640488398, -240118.973863, 17.4495170992, 901.236512909, 
Chromsome [2]: (768.5)3.40676546534, 46.5227207154, 3679.25112108, 20.6507003084, 2062.44382429, 
Chromsome [3]: (764.5)3.40676546534, 83.0922185873, 39077.5213733, 17.3749744397, 848.730422747, 
Chromsome [4]: (757.0)3.40676546534, 15.9769998946, 21807.2992037, 19.2641962592, 980.068093996, 
<------------ GEN 81--------------->
Chromsome [0]: (797.833333333)-34.6180149568, -71.8203780713, 122409.308848, 17.4599534491, 2596.29653546, 
Chromsome [1]: (770.633333333)0.719268613065, 131.409437874, 240118.973863, 17.2033363368, 848.730422747, 
Chromsome [2]: (750.766666667)3.03339885145, -12.7037219439, 7653.69688736, 0.667513018735, 508.368256674, 
Chromsome [3]: (739.066666667)7.16857915782, -26.7051371631, 31507.333548, 13.9030431961, 1096.58655418, 
Chromsome [4]: (725.966666667)4.82063415706, -71.8203780713, 122409.308848, 17.4599534491, 2596.29653546, 
<------------ GEN 82--------------->
Chromsome [0]: (828.933333333)-34.6180149568, -71.8203780713, 122409.308848, 17.4599534491, 2596.29653546, 
Chromsome [1]: (805.6)0.719268613065, 48.5905621264, 26966.2372698, 13.9030431961, -574.294193903, 
Chromsome [2]: (803.133333333)3.03339885145, -12.7037219439, 7653.69688736, 0.667513018735, 508.368256674, 
Chromsome [3]: (784.266666667)4.97044892298, -71.8203780713, -121033.192987, 13.9030431961, 2004.893261, 
Chromsome [4]: (783.533333333)4.82063415706, 53.7049011226, 122409.308848, 17.4599534491, 2616.61285017, 
<------------ GEN 83--------------->
Chromsome [0]: (834.833333333)-34.6180149568, -71.8203780713, 122409.308848, 17.4599534491, 2596.29653546, 
Chromsome [1]: (819.466666667)0.719268613065, -220.112969874, 26966.2372698, 13.9030431961, 1574.2941939, 
Chromsome [2]: (786.333333333)3.03339885145, -12.7037219439, 7653.69688736, 27.6600636116, 571.701263216, 
Chromsome [3]: (779.9)4.97044892298, -71.8203780713, 121033.192987, 13.9030431961, 2004.893261, 
Chromsome [4]: (779.9)4.97044892298, -71.8203780713, 119881.026137, 17.2033363368, 848.730422747, 
<------------ GEN 84--------------->
Chromsome [0]: (831.3)-34.6180149568, -71.8203780713, 122409.308848, 17.4599534491, 2596.29653546, 
Chromsome [1]: (828.8)0.719268613065, 247.594313926, 26966.2372698, 13.9030431961, 2205.26173361, 
Chromsome [2]: (814.633333333)3.40676546534, 82.1313223864, 68318.0064906, 0.14457463617, 2596.29653546, 
Chromsome [3]: (806.166666667)3.40676546534, 75.3589167371, 86728.3085091, 19.2641962592, 931.434305009, 
Chromsome [4]: (806.166666667)3.40676546534, -47.2214952492, 68318.0064906, 29.6260395466, 2596.29653546, 
<------------ GEN 85--------------->
Chromsome [0]: (829.833333333)-34.6180149568, -71.8203780713, 122409.308848, 17.4599534491, 2596.29653546, 
Chromsome [1]: (823.966666667)0.719268613065, -79.3109112286, 130048.43586, 10.4096160814, 1813.85327348, 
Chromsome [2]: (813.633333333)3.40676546534, 82.1313223864, 68318.0064906, 0.14457463617, 2616.61285017, 
Chromsome [3]: (801.433333333)3.40676546534, 75.3589167371, 86728.3085091, -6.05805979782, 1659.52266147, 
Chromsome [4]: (801.4)3.03339885145, -71.8203780713, 93249.2608422, 17.4599534491, 2596.29653546, 
<------------ GEN 86--------------->
Chromsome [0]: (844.533333333)-34.6180149568, -71.8203780713, 122409.308848, 17.4599534491, 2596.29653546, 
Chromsome [1]: (824.266666667)3.40676546534, 82.1313223864, 68318.0064906, 0.14457463617, 2596.29653546, 
Chromsome [2]: (809.333333333)3.40676546534, 75.3589167371, 86728.3085091, 6.05805979782, 1659.52266147, 
Chromsome [3]: (809.2)3.03339885145, -71.8203780713, 93249.2608422, 17.4599534491, 2592.5647848, 
Chromsome [4]: (778.033333333)6.19094297681, -67.5943139262, 6552.13635064, 8.19579982424, 2313.66192353, 
<------------ GEN 87--------------->
Chromsome [0]: (844.8)-34.6180149568, -71.8203780713, 122409.308848, 17.4599534491, 2596.29653546, 
Chromsome [1]: (805.5)3.40676546534, 85.5426221167, 68318.0064906, 0.14457463617, 2596.29653546, 
Chromsome [2]: (804.9)3.40676546534, 82.1313223864, 68318.0064906, 0.14457463617, 2210.76669808, 
Chromsome [3]: (791.1)0.726908025212, -71.8203780713, 93249.2608422, 17.4599534491, 2592.5647848, 
Chromsome [4]: (782.5)3.41840459415, -71.8203780713, 122409.308848, 7.90388907404, 2596.29653546, 
<------------ GEN 88--------------->
Chromsome [0]: (811.633333333)-34.6180149568, -71.8203780713, 122409.308848, 17.4599534491, 2596.29653546, 
Chromsome [1]: (760.033333333)3.40676546534, 82.1313223864, 21667.9447071, 0.14457463617, 2210.76669808, 
Chromsome [2]: (758.2)0.726908025212, -30.8898338822, 156484.448984, 3.22298586815, 2616.61285017, 
Chromsome [3]: (724.266666667)3.40676546534, 75.3589167371, 172520.203638, 3.80456277962, 2592.5647848, 
Chromsome [4]: (723.733333333)3.40676546534, -30.7318117476, 93249.2608422, 16.6776157602, 1328.02137286, 
<------------ GEN 89--------------->
Chromsome [0]: (796.5)-34.6180149568, -71.8203780713, 122409.308848, 17.4599534491, 2596.29653546, 
Chromsome [1]: (730.233333333)3.40676546534, 82.1313223864, 21667.9447071, 0.14457463617, 2004.893261, 
Chromsome [2]: (692.133333333)1.068851481, -67.5943139262, 139822.496976, 7.90388907404, 1046.35120782, 
Chromsome [3]: (689.166666667)3.40676546534, 75.3589167371, 172520.203638, 3.80456277962, 4422.14920444, 
Chromsome [4]: (689.033333333)4.97044892298, 76.4169522766, 62264.7992659, 29.5367374864, 1039.62635899, 
<------------ GEN 90--------------->
Chromsome [0]: (789.3)-21.8518694107, -67.5943139262, 122409.308848, 17.4599534491, 620.290740725, 
Chromsome [1]: (789.3)-34.6180149568, -71.8203780713, 122409.308848, 17.4599534491, 2596.29653546, 
Chromsome [2]: (651.1)3.40676546534, -75.2608446782, 158427.739601, 7.66796981356, 640.018813266, 
Chromsome [3]: (650.633333333)3.40676546534, 46.7683306105, 147413.150987, 23.1192194715, 873.368878892, 
Chromsome [4]: (650.166666667)3.40676546534, 31.4359213917, 63178.7271448, 20.6507003084, 1351.2239708, 
<------------ GEN 91--------------->
Chromsome [0]: (773.0)-45.066408805, 3.67591565211, 172520.203638, 3.80456277962, 2592.5647848, 
Chromsome [1]: (773.0)-21.8518694107, -67.5943139262, 122409.308848, 17.4599534491, 620.290740725, 
Chromsome [2]: (689.466666667)3.40676546534, 80.4148987663, 123359.755565, 26.1717779849, 2321.74591182, 
Chromsome [3]: (649.166666667)7.16857915782, -26.7051371631, 31507.333548, 13.9030431961, 1983.14089111, 
Chromsome [4]: (648.033333333)7.16857915782, 22.4065298491, 268818.712332, 18.2046837117, 1290.28486366, 
<------------ GEN 92--------------->
Chromsome [0]: (799.5)-45.066408805, 3.67591565211, 172520.203638, 3.80456277962, 2592.5647848, 
Chromsome [1]: (709.333333333)3.40676546534, 80.4148987663, 123359.755565, 26.1717779849, 2318.48129548, 
Chromsome [2]: (674.133333333)7.16857915782, -26.7051371631, 31507.333548, 13.9030431961, 1517.58181933, 
Chromsome [3]: (668.466666667)7.16857915782, -67.5943139262, 6552.13635064, 13.2212134528, 1682.03186435, 
Chromsome [4]: (656.6)3.40676546534, 20.6031180151, 160607.235556, 23.1192194715, 1167.97861841, 
<------------ GEN 93--------------->
Chromsome [0]: (798.7)-45.066408805, 3.67591565211, 172520.203638, 3.80456277962, 2592.5647848, 
Chromsome [1]: (722.866666667)3.40676546534, 80.4148987663, 123359.755565, 6.05805979782, 1983.14089111, 
Chromsome [2]: (682.133333333)1.37072161052, -71.9169916653, 85457.8591563, 20.6507003084, 1371.43540949, 
Chromsome [3]: (681.266666667)3.40676546534, 3.67591565211, 172520.203638, 11.1480857791, 2592.5647848, 
Chromsome [4]: (680.133333333)7.16857915782, 75.630750684, 31507.333548, 13.9030431961, 2800.59889399, 
<------------ GEN 94--------------->
Chromsome [0]: (791.4)-45.066408805, 3.67591565211, 172520.203638, 3.80456277962, 2592.5647848, 
Chromsome [1]: (737.3)7.16857915782, 22.3014815928, 6552.13635064, -13.0683803902, 1167.97861841, 
Chromsome [2]: (673.3)22.8868032344, 20.3026903266, -152100.225121, 17.4599534491, 620.290740725, 
Chromsome [3]: (644.4)1.37072161052, -71.9169916653, 85457.8591563, 20.6507003084, 2532.70540033, 
Chromsome [4]: (642.733333333)7.16857915782, -75.2608446782, 158427.739601, 14.3158448813, 1210.3270463, 
<------------ GEN 95--------------->
Chromsome [0]: (780.566666667)-45.066408805, 3.67591565211, 172520.203638, 3.80456277962, 2592.5647848, 
Chromsome [1]: (667.966666667)1.37072161052, -71.9169916653, 85457.8591563, 0.59564525459, 2342.44331137, 
Chromsome [2]: (667.7)45.266408805, 3.67591565211, -190436.964133, 3.80456277962, 2592.5647848, 
Chromsome [3]: (665.966666667)7.16857915782, -30.2311187407, 114847.70801, 17.4599534491, 2512.86081676, 
Chromsome [4]: (663.566666667)3.40676546534, 74.3238978522, 167066.29652, 7.90388907404, 1187.96893164, 
<------------ GEN 96--------------->
Chromsome [0]: (783.1)-48.8845766782, 32.8514342383, 13645.0868046, 29.8936330167, 620.290740725, 
Chromsome [1]: (783.1)-23.0313916615, 9.75097068482, 64492.3333159, 6.05805979782, 2318.48129548, 
Chromsome [2]: (783.1)-45.066408805, 3.67591565211, 172520.203638, 3.80456277962, 2592.5647848, 
Chromsome [3]: (664.433333333)7.16857915782, -25.471152283, 74091.9376969, 26.1717779849, 2532.70540033, 
Chromsome [4]: (663.866666667)7.16857915782, -30.2311187407, 114847.70801, 17.4599534491, 2512.86081676, 
<------------ GEN 97--------------->
Chromsome [0]: (774.9)-48.8845766782, 32.8514342383, 13645.0868046, 29.8936330167, 620.290740725, 
Chromsome [1]: (674.833333333)7.16857915782, 57.9101437508, 53543.7656392, -1.75536076925, 669.324678646, 
Chromsome [2]: (673.233333333)8.19487344891, -43.7415545237, 172520.203638, 37.8788306336, 2359.66195249, 
Chromsome [3]: (670.033333333)10.0503468921, -25.471152283, 154140.595069, 0.935433258313, 2592.5647848, 
Chromsome [4]: (662.833333333)1.37072161052, -71.9169916653, 85457.8591563, 7.5357854045, 2318.48129548, 
<------------ GEN 98--------------->
Chromsome [0]: (780.866666667)-48.8845766782, 32.8514342383, 13645.0868046, 29.8936330167, 620.290740725, 
Chromsome [1]: (683.2)8.19487344891, 20.3026903266, 179000.956239, 17.4599534491, 2085.65946881, 
Chromsome [2]: (670.666666667)1.37072161052, -71.9169916653, 37546.4416548, 7.5357854045, 1703.40439051, 
Chromsome [3]: (668.233333333)7.16857915782, 57.9101437508, 53543.7656392, 1.75536076925, 669.324678646, 
Chromsome [4]: (668.233333333)7.16857915782, 57.9101437508, 53543.7656392, 1.75536076925, 669.324678646, 
<------------ GEN 99--------------->
Chromsome [0]: (796.733333333)-48.8845766782, 32.8514342383, 13645.0868046, 29.8936330167, 620.290740725, 
Chromsome [1]: (717.2)8.19487344891, 20.3026903266, 179000.956239, 29.8936330167, 620.290740725, 
Chromsome [2]: (706.366666667)7.16857915782, 57.9101437508, 164467.682442, 22.6337495257, 1827.44325174, 
Chromsome [3]: (702.9)10.0503468921, 21.3837961181, 13645.0868046, 29.8936330167, 2978.78896159, 
Chromsome [4]: (701.166666667)7.16857915782, -75.2608446782, 158427.739601, 25.2405909373, 2113.52159043, 
<------------ GEN 100--------------->
Chromsome [0]: (803.466666667)-48.8845766782, 32.8514342383, 13645.0868046, 29.8936330167, 620.290740725, 
Chromsome [1]: (713.766666667)1.37072161052, 0.0364428331637, 37546.4416548, 7.5357854045, 620.290740725, 
Chromsome [2]: (699.733333333)8.19487344891, 20.3026903266, 166158.886789, 29.8936330167, 1703.40439051, 
Chromsome [3]: (695.433333333)3.40676546534, 75.3589167371, 53543.7656392, 22.2887678383, 669.324678646, 
Chromsome [4]: (694.7)3.40676546534, 32.8514342383, 134009.772169, 24.4172456542, 2318.48129548, 
