<------------ GEN 1--------------->
Chromsome [0]: (833.766666667)2.23558195211, -74.7248031877, 77616.7913429, 12.5984815601, 1670.78640024, 
Chromsome [1]: (830.3)4.35146060354, 20.8647630677, 949.866345082, 12.5230707514, 1616.04242307, 
Chromsome [2]: (801.766666667)7.84587926055, -33.2995332471, 137301.963332, 10.0373323573, 2542.05040929, 
Chromsome [3]: (800.966666667)7.3020820213, 66.3664654083, 43940.9831404, 5.97400984703, 1711.51748337, 
Chromsome [4]: (788.233333333)5.28961860565, -21.3272494231, 151099.84103, 26.1168426669, 1964.4470997, 
<------------ GEN 2--------------->
Chromsome [0]: (810.833333333)2.23558195211, -74.7248031877, 77616.7913429, 6.15771525177, 1670.78640024, 
Chromsome [1]: (810.833333333)2.23558195211, -74.7248031877, 77616.7913429, 12.5984815601, 1670.78640024, 
Chromsome [2]: (810.8)2.23558195211, -10.7494205791, 52793.433746, 12.5984815601, 1670.78640024, 
Chromsome [3]: (809.166666667)4.35146060354, 41.7379572953, 949.866345082, 12.5230707514, 1488.86094386, 
Chromsome [4]: (770.9)7.3020820213, -24.4831572624, 43940.9831404, 5.97400984703, 3109.04237451, 
<------------ GEN 3--------------->
Chromsome [0]: (803.9)2.23558195211, -48.2674792153, 130408.817549, 0.672106100214, 2432.81580318, 
Chromsome [1]: (803.9)2.23558195211, -74.7248031877, 61242.2562383, 10.0373323573, 2333.71177318, 
Chromsome [2]: (803.9)2.23558195211, -74.7248031877, 77616.7913429, 6.15771525177, 1670.78640024, 
Chromsome [3]: (803.8)2.23558195211, -10.7494205791, 52793.433746, 12.5984815601, 1670.78640024, 
Chromsome [4]: (802.233333333)4.35146060354, -56.5830193102, 949.866345082, 12.5230707514, 1488.86094386, 
<------------ GEN 4--------------->
Chromsome [0]: (812.666666667)4.35146060354, -56.5830193102, 949.866345082, 12.5230707514, 2542.05040929, 
Chromsome [1]: (792.133333333)2.23558195211, -74.7248031877, 61242.2562383, 10.0373323573, 2333.71177318, 
Chromsome [2]: (792.133333333)2.23558195211, -74.7248031877, 77616.7913429, 6.15771525177, 1670.78640024, 
Chromsome [3]: (792.133333333)2.23558195211, -74.7248031877, 85694.18692, 19.8857220628, 1166.9523908, 
Chromsome [4]: (792.133333333)2.23558195211, -48.2674792153, 130408.817549, 0.672106100214, 2432.81580318, 
<------------ GEN 5--------------->
Chromsome [0]: (785.166666667)4.35146060354, -56.5830193102, 949.866345082, 18.2482763604, 2542.05040929, 
Chromsome [1]: (785.166666667)4.35146060354, -56.5830193102, 949.866345082, 12.5230707514, 2542.05040929, 
Chromsome [2]: (755.933333333)2.23558195211, 193.871774338, 130408.817549, 12.5984815601, 3653.93784504, 
Chromsome [3]: (749.366666667)2.23558195211, -74.7248031877, 61242.2562383, 10.0373323573, 2899.79209454, 
Chromsome [4]: (748.166666667)2.23558195211, -74.7248031877, 77616.7913429, 6.15771525177, 1670.78640024, 
<------------ GEN 6--------------->
Chromsome [0]: (812.3)-0.911448468798, 32.4499362684, 114654.204362, 24.7839583174, 1488.86094386, 
Chromsome [1]: (748.066666667)4.35146060354, -56.5830193102, 949.866345082, 12.5230707514, 2542.05040929, 
Chromsome [2]: (748.066666667)4.35146060354, -56.5830193102, 949.866345082, 18.2482763604, 2542.05040929, 
Chromsome [3]: (735.7)11.5438415705, 15.6737897755, 7073.16796199, 0.672106100214, 1133.12611895, 
Chromsome [4]: (711.9)2.23558195211, -13.8717743377, 130408.817549, 12.5984815601, 2346.06215496, 
<------------ GEN 7--------------->
Chromsome [0]: (800.366666667)-40.7407646386, 81.7861775749, 17757.6747858, 25.6641741378, 1191.09479231, 
Chromsome [1]: (800.366666667)-0.911448468798, 32.4499362684, 114654.204362, 24.7839583174, 1488.86094386, 
Chromsome [2]: (737.866666667)4.35146060354, -56.5830193102, 949.866345082, 12.5230707514, 2333.71177318, 
Chromsome [3]: (737.866666667)4.35146060354, -75.3720480006, 949.866345082, 6.15771525177, 2739.16098678, 
Chromsome [4]: (713.433333333)2.23558195211, -13.8717743377, 130408.817549, 46.2578658075, 2186.92538885, 
<------------ GEN 8--------------->
Chromsome [0]: (800.1)-40.7407646386, 81.7861775749, 17757.6747858, 25.6641741378, 1191.09479231, 
Chromsome [1]: (728.533333333)4.35146060354, -75.3720480006, 949.866345082, 2.21122430019, 2739.16098678, 
Chromsome [2]: (713.033333333)2.23558195211, -114.341312333, 116607.689066, 12.2858400489, 2346.06215496, 
Chromsome [3]: (709.366666667)1.1114484688, 32.4499362684, 114654.204362, 22.0548614505, 1488.86094386, 
Chromsome [4]: (709.366666667)1.1114484688, 32.4499362684, 114654.204362, 24.7839583174, 1719.25359896, 
<------------ GEN 9--------------->
Chromsome [0]: (826.066666667)-10.4246528393, -74.6178439816, 77616.7913429, 17.8202163268, 1392.15397247, 
Chromsome [1]: (826.066666667)-40.7407646386, 81.7861775749, 17757.6747858, 25.6641741378, 1191.09479231, 
Chromsome [2]: (755.7)4.35146060354, -87.4585278966, 949.866345082, 2.21122430019, 2432.81580318, 
Chromsome [3]: (746.166666667)1.1114484688, 32.4499362684, 114654.204362, 24.7839583174, 1191.09479231, 
Chromsome [4]: (742.433333333)1.1114484688, -20.1018295396, 114654.204362, 22.0548614505, 620.086108931, 
<------------ GEN 10--------------->
Chromsome [0]: (844.866666667)-2.71757280969, 49.0876078695, 114794.255315, 7.29863469215, 1653.08804244, 
Chromsome [1]: (844.866666667)-10.4246528393, -74.6178439816, 77616.7913429, 17.8202163268, 1392.15397247, 
Chromsome [2]: (800.3)1.1114484688, 85.4788470535, 9717.60443911, 15.3165338214, 2905.31412139, 
Chromsome [3]: (798.266666667)1.1114484688, 45.2201560674, 114654.204362, 10.0373323573, 2899.79209454, 
Chromsome [4]: (790.133333333)2.23558195211, 85.887399614, 16864.8647498, 30.5719927113, 2739.16098678, 
<------------ GEN 11--------------->
Chromsome [0]: (817.8)-2.71757280969, 49.0876078695, 114794.255315, 7.29863469215, 1653.08804244, 
Chromsome [1]: (773.833333333)1.1114484688, -131.505576316, 114654.204362, 10.0373323573, 2899.79209454, 
Chromsome [2]: (761.4)1.1114484688, 85.4788470535, 9717.60443911, 15.3165338214, 1822.2888943, 
Chromsome [3]: (760.133333333)2.91757280969, 49.0876078695, 114794.255315, 7.29863469215, 1653.08804244, 
Chromsome [4]: (752.3)2.23558195211, -65.6586876673, 19094.1019135, 12.2858400489, 2346.06215496, 
<------------ GEN 12--------------->
Chromsome [0]: (817.966666667)-40.3329388772, 7.56032103606, 57093.2867489, -10.3509165938, 2684.12600591, 
Chromsome [1]: (817.966666667)-2.71757280969, 49.0876078695, 114794.255315, 7.29863469215, 1653.08804244, 
Chromsome [2]: (767.5)1.1114484688, -65.6586876673, 32771.6588409, 23.8127073219, 2346.06215496, 
Chromsome [3]: (765.033333333)1.1114484688, -48.4944236838, 114654.204362, 10.0373323573, 2899.79209454, 
Chromsome [4]: (763.633333333)2.23558195211, 85.887399614, 45424.5109022, 12.5230707514, 1740.12641669, 
<------------ GEN 13--------------->
Chromsome [0]: (788.366666667)-7.66818802668, 67.4476986264, 98888.724646, 17.8202163268, 1392.15397247, 
Chromsome [1]: (788.366666667)-40.3329388772, 7.56032103606, 57093.2867489, -10.3509165938, 2684.12600591, 
Chromsome [2]: (740.733333333)2.92334262921, 85.887399614, 49683.8509532, 0.901986564018, 2887.37272188, 
Chromsome [3]: (740.2)1.56126285084, -117.66250758, 19094.1019135, 19.4888215186, 639.422235745, 
Chromsome [4]: (734.066666667)1.1114484688, 85.887399614, 45424.5109022, 12.5230707514, 1740.12641669, 
<------------ GEN 14--------------->
Chromsome [0]: (811.333333333)-7.66818802668, 67.4476986264, 98888.724646, 17.8202163268, 1392.15397247, 
Chromsome [1]: (769.2)1.56126285084, -62.3374924197, 9747.23847601, 12.2858400489, 1191.09479231, 
Chromsome [2]: (768.733333333)1.1114484688, 62.6339921588, 179042.895957, 12.1785484348, 2861.43713472, 
Chromsome [3]: (767.7)2.23558195211, -154.268578066, 49146.8346481, 7.9812162623, 1931.27725104, 
Chromsome [4]: (766.833333333)2.92334262921, 85.887399614, 49683.8509532, 0.901986564018, 2887.37272188, 
<------------ GEN 15--------------->
Chromsome [0]: (809.6)-7.66818802668, 67.4476986264, 98888.724646, 17.8202163268, 1392.15397247, 
Chromsome [1]: (786.4)0.200484934574, -40.7857291778, 98888.724646, 12.1785484348, 2861.43713472, 
Chromsome [2]: (773.633333333)1.56126285084, -62.3374924197, 9747.23847601, 3.25023591582, 1191.09479231, 
Chromsome [3]: (773.233333333)1.1114484688, 62.6339921588, 179042.895957, 17.8202163268, 2251.16082521, 
Chromsome [4]: (765.866666667)2.92334262921, 85.887399614, 49683.8509532, 7.9812162623, 1931.27725104, 
<------------ GEN 16--------------->
Chromsome [0]: (799.9)-7.66818802668, 67.4476986264, 98888.724646, 17.8202163268, 1392.15397247, 
Chromsome [1]: (777.466666667)0.200484934574, -40.7857291778, 98888.724646, 13.7421341925, 584.096348309, 
Chromsome [2]: (759.7)2.23558195211, 14.8597473766, -29984.3250299, 25.6641741378, 1878.20675473, 
Chromsome [3]: (756.133333333)1.1114484688, 221.453128858, 179042.895957, 17.8202163268, 2251.16082521, 
Chromsome [4]: (755.933333333)1.56126285084, -62.3374924197, 9747.23847601, 3.25023591582, 1191.09479231, 
<------------ GEN 17--------------->
Chromsome [0]: (812.733333333)-7.66818802668, 67.4476986264, 98888.724646, 17.8202163268, 1392.15397247, 
Chromsome [1]: (800.233333333)0.200484934574, -40.7857291778, 98888.724646, 29.9494739374, 1740.12641669, 
Chromsome [2]: (772.333333333)1.56126285084, 74.3781784875, 9747.23847601, 3.25023591582, 2875.0070866, 
Chromsome [3]: (765.966666667)1.56126285084, -62.3374924197, -104436.29767, 3.25023591582, 1632.67495982, 
Chromsome [4]: (754.0)2.92334262921, 85.887399614, 49683.8509532, 2.6136278953, 1191.09479231, 
<------------ GEN 18--------------->
Chromsome [0]: (798.7)-7.66818802668, 67.4476986264, 98888.724646, 17.8202163268, 1392.15397247, 
Chromsome [1]: (720.866666667)1.56126285084, 74.3781784875, 49146.8346481, 0.901986564018, 641.453561717, 
Chromsome [2]: (719.3)2.92334262921, 85.887399614, 49683.8509532, 2.6136278953, 1111.57871271, 
Chromsome [3]: (714.733333333)2.23558195211, 132.951158386, 94018.1327842, 12.1785484348, 2653.60490255, 
Chromsome [4]: (712.466666667)4.35146060354, -120.032002411, 46187.0547299, 25.9369357931, 1392.15397247, 
<------------ GEN 19--------------->
Chromsome [0]: (822.066666667)-7.66818802668, 67.4476986264, 98888.724646, 17.8202163268, 1392.15397247, 
Chromsome [1]: (736.866666667)2.92334262921, 85.887399614, 114794.255315, 12.2858400489, 684.136103741, 
Chromsome [2]: (735.433333333)1.56126285084, 74.3781784875, 49146.8346481, 18.5048302873, 1653.08804244, 
Chromsome [3]: (734.466666667)4.35146060354, -59.9679975893, 49683.8509532, 4.23556964816, 1931.27725104, 
Chromsome [4]: (726.333333333)4.35146060354, -59.9679975893, 82974.1946429, 25.6641741378, 1878.20675473, 
<------------ GEN 20--------------->
Chromsome [0]: (815.466666667)-57.701534032, 3.95122710209, 104436.29767, 18.2601863698, 1878.20675473, 
Chromsome [1]: (815.466666667)-7.66818802668, 67.4476986264, 98888.724646, 17.8202163268, 1392.15397247, 
Chromsome [2]: (776.433333333)4.35146060354, -59.9679975893, 24805.9181121, 21.8802604152, 1878.20675473, 
Chromsome [3]: (760.1)2.92334262921, 85.887399614, 114794.255315, 10.3509165938, 641.453561717, 
Chromsome [4]: (752.5)2.23558195211, 85.4788470535, 12853.9171459, 0.0232261097158, 890.839275453, 
<------------ GEN 21--------------->
Chromsome [0]: (817.233333333)-57.701534032, 3.95122710209, 104436.29767, 18.2601863698, 1878.20675473, 
Chromsome [1]: (731.433333333)1.56126285084, -87.7644399318, 84641.3540695, 18.2601863698, 2665.94099351, 
Chromsome [2]: (731.433333333)1.56126285084, -47.2382415714, 148172.953019, 12.2858400489, 1720.58656339, 
Chromsome [3]: (731.433333333)1.56126285084, -44.3391481144, 136860.198431, 25.9369357931, 920.070252562, 
Chromsome [4]: (730.1)2.23558195211, -59.9679975893, 24805.9181121, 21.8802604152, 895.965951024, 
<------------ GEN 22--------------->
Chromsome [0]: (827.833333333)-1.48088093897, -28.5352141848, 21890.5445473, 17.0312148025, 1428.66894971, 
Chromsome [1]: (827.833333333)-57.701534032, 3.95122710209, 104436.29767, 18.2601863698, 1878.20675473, 
Chromsome [2]: (786.466666667)1.56126285084, -48.1309980875, 49683.8509532, 2.44362863276, 344.020501109, 
Chromsome [3]: (785.733333333)1.56126285084, -87.7644399318, 84641.3540695, 28.7826661173, 2653.60490255, 
Chromsome [4]: (783.333333333)2.23558195211, -35.6079992528, 139291.145272, 28.8903743354, 1589.65609576, 
<------------ GEN 23--------------->
Chromsome [0]: (800.7)-1.48088093897, -28.5352141848, 21890.5445473, 17.0312148025, 1428.66894971, 
Chromsome [1]: (743.166666667)1.56126285084, -80.0879757857, 15715.2049168, 17.8202163268, 1392.15397247, 
Chromsome [2]: (738.766666667)1.56126285084, -50.6772601937, 16777.9076794, 11.228015343, 2849.01627186, 
Chromsome [3]: (732.3)1.68088093897, -17.96986996, 21890.5445473, 17.0312148025, 4332.93123271, 
Chromsome [4]: (728.9)1.56126285084, -48.1309980875, 31045.664257, 26.3742566015, 1698.1135191, 
<------------ GEN 24--------------->
Chromsome [0]: (819.5)-1.48088093897, -28.5352141848, 21890.5445473, 17.0312148025, 1428.66894971, 
Chromsome [1]: (785.666666667)2.23558195211, -62.3374924197, 11477.305019, 1.81233338129, 1331.77289169, 
Chromsome [2]: (768.4)1.68088093897, -28.5352141848, 21890.5445473, 17.0312148025, 1428.66894971, 
Chromsome [3]: (767.633333333)1.68088093897, -17.96986996, 21890.5445473, 17.0312148025, 1009.12663321, 
Chromsome [4]: (758.933333333)1.56126285084, -29.9419650259, 31045.664257, 26.3742566015, 1698.1135191, 
<------------ GEN 25--------------->
Chromsome [0]: (818.633333333)-1.48088093897, -28.5352141848, 21890.5445473, 17.0312148025, 1428.66894971, 
Chromsome [1]: (772.333333333)2.23558195211, -43.5859784305, 11477.305019, 1.81233338129, 1331.77289169, 
Chromsome [2]: (758.466666667)1.68088093897, -17.96986996, 21890.5445473, 10.5070533509, 2758.1541136, 
Chromsome [3]: (757.933333333)1.68088093897, 19.9074396985, 21890.5445473, 43.0227160305, 1428.66894971, 
Chromsome [4]: (756.566666667)1.68088093897, -28.5352141848, 21890.5445473, 17.0312148025, 1428.66894971, 
<------------ GEN 26--------------->
Chromsome [0]: (814.566666667)-1.48088093897, -28.5352141848, 21890.5445473, 17.0312148025, 1428.66894971, 
Chromsome [1]: (766.133333333)1.68088093897, 19.9074396985, 29695.1751007, 26.3742566015, 1698.1135191, 
Chromsome [2]: (762.266666667)1.68088093897, -17.96986996, 21890.5445473, 10.5070533509, -357.790929441, 
Chromsome [3]: (758.533333333)1.68088093897, -28.5352141848, 21890.5445473, 24.9259742459, 1428.66894971, 
Chromsome [4]: (756.633333333)2.23558195211, 192.633070621, 72871.3908591, 17.0312148025, 1428.66894971, 
<------------ GEN 27--------------->
Chromsome [0]: (825.866666667)-1.48088093897, -28.5352141848, 21890.5445473, 17.0312148025, 1428.66894971, 
Chromsome [1]: (813.333333333)2.23558195211, -38.6995102859, 18474.6283383, 2.44362863276, 655.979498891, 
Chromsome [2]: (777.5)1.68088093897, 19.9074396985, 29695.1751007, 1.24795963633, 1575.10514066, 
Chromsome [3]: (775.8)1.68088093897, 58.8810632157, 21890.5445473, 29.6307174105, 2758.1541136, 
Chromsome [4]: (773.0)1.68088093897, -17.96986996, 21890.5445473, 10.5070533509, 1357.79092944, 
<------------ GEN 28--------------->
Chromsome [0]: (812.433333333)-1.48088093897, -28.5352141848, 21890.5445473, 17.0312148025, 1428.66894971, 
Chromsome [1]: (785.1)1.68088093897, 58.8810632157, 18474.6283383, 2.44362863276, 655.979498891, 
Chromsome [2]: (752.333333333)1.68088093897, -17.96986996, 21890.5445473, 10.5070533509, 1357.79092944, 
Chromsome [3]: (748.6)1.68088093897, 58.8810632157, 170284.860078, 10.9150834475, 1548.96629342, 
Chromsome [4]: (747.233333333)1.68088093897, -28.5352141848, 21890.5445473, 17.0312148025, 1428.66894971, 
<------------ GEN 29--------------->
Chromsome [0]: (799.7)-1.48088093897, -28.5352141848, 21890.5445473, 17.0312148025, 1428.66894971, 
Chromsome [1]: (751.333333333)1.68088093897, 131.250213864, 21890.5445473, 10.5070533509, 1357.79092944, 
Chromsome [2]: (742.6)1.68088093897, 58.8810632157, 18474.6283383, 14.9969366521, 2942.96931791, 
Chromsome [3]: (739.866666667)1.68088093897, -28.5352141848, 21890.5445473, 17.0312148025, 1428.66894971, 
Chromsome [4]: (739.866666667)1.68088093897, -28.5352141848, 21890.5445473, 18.3514266179, 2849.01627186, 
<------------ GEN 30--------------->
Chromsome [0]: (814.433333333)-1.48088093897, -28.5352141848, 21890.5445473, 17.0312148025, 1428.66894971, 
Chromsome [1]: (758.7)0.73938824751, -28.5352141848, 21890.5445473, 9.06570947453, 1428.66894971, 
Chromsome [2]: (754.633333333)1.68088093897, 3.15623181921, 100790.459971, 21.8802604152, 1178.25050752, 
Chromsome [3]: (752.333333333)0.73938824751, -26.1398507955, 60930.8598798, 26.313903711, 1321.04962163, 
Chromsome [4]: (751.833333333)1.68088093897, 53.8616294125, 38101.5237298, 24.9259742459, 1644.10648914, 
<------------ GEN 31--------------->
Chromsome [0]: (828.7)-1.48088093897, -28.5352141848, 21890.5445473, 17.0312148025, 1428.66894971, 
Chromsome [1]: (792.466666667)1.68088093897, 3.15623181921, 10708.8957613, 21.8802604152, 2585.08820959, 
Chromsome [2]: (786.033333333)1.68088093897, 48.749786136, 21890.5445473, 1.30091189982, 1428.66894971, 
Chromsome [3]: (784.866666667)1.68088093897, 22.7242622013, 21890.5445473, 7.63547314026, 990.500760669, 
Chromsome [4]: (778.6)0.73938824751, 58.9093343443, 21890.5445473, 15.7902723272, 1428.66894971, 
<------------ GEN 32--------------->
Chromsome [0]: (825.733333333)-1.48088093897, -28.5352141848, 21890.5445473, 17.0312148025, 1428.66894971, 
Chromsome [1]: (756.7)1.68088093897, 22.7242622013, 21890.5445473, 4.11286457961, 990.500760669, 
Chromsome [2]: (749.8)1.68088093897, 3.15623181921, 10708.8957613, 30.519031889, 2585.08820959, 
Chromsome [3]: (749.2)1.68088093897, 22.7242622013, 21890.5445473, 7.63547314026, 990.500760669, 
Chromsome [4]: (729.333333333)0.73938824751, 58.9093343443, 50573.1162178, 17.6020751122, 1321.04962163, 
<------------ GEN 33--------------->
Chromsome [0]: (822.6)-49.037967009, 61.5561005179, 68338.858913, 24.1539801928, 1316.32329045, 
Chromsome [1]: (822.6)-27.5771773635, 48.749786136, 21890.5445473, 1.12413194767, 2152.03826869, 
Chromsome [2]: (822.6)-1.48088093897, -28.5352141848, 21890.5445473, 17.0312148025, 1428.66894971, 
Chromsome [3]: (775.233333333)1.68088093897, 22.7242622013, 6390.14525605, 7.63547314026, 990.500760669, 
Chromsome [4]: (759.533333333)1.68088093897, 53.8616294125, 38101.5237298, 1.91837064169, 717.594441722, 
<------------ GEN 34--------------->
Chromsome [0]: (830.933333333)-49.037967009, 61.5561005179, 68338.858913, 24.1539801928, 1316.32329045, 
Chromsome [1]: (762.3)4.36380771915, 61.5561005179, 68338.858913, 24.1539801928, 1316.32329045, 
Chromsome [2]: (751.6)1.68088093897, 53.8616294125, 38101.5237298, 1.91837064169, 717.594441722, 
Chromsome [3]: (747.833333333)0.73938824751, -28.5352141848, 21890.5445473, 17.0312148025, 1428.66894971, 
Chromsome [4]: (745.633333333)1.68088093897, -28.5352141848, 21890.5445473, 17.0312148025, 1428.66894971, 
<------------ GEN 35--------------->
Chromsome [0]: (837.866666667)-120.313148459, -67.613693033, 139051.639498, 17.6020751122, 1321.04962163, 
Chromsome [1]: (837.866666667)-68.9703882896, 3.15623181921, 84289.9072268, 7.80043290713, 978.857186951, 
Chromsome [2]: (837.866666667)-49.037967009, 61.5561005179, 68338.858913, 24.1539801928, 1316.32329045, 
Chromsome [3]: (778.533333333)1.68088093897, -144.475401618, 115593.949276, 3.13664156448, 1316.32329045, 
Chromsome [4]: (775.666666667)4.36380771915, 61.5561005179, 68338.858913, 0.868565826457, 1428.66894971, 
<------------ GEN 36--------------->
Chromsome [0]: (812.333333333)-120.313148459, -67.613693033, 139051.639498, 17.6020751122, 1321.04962163, 
Chromsome [1]: (736.8)4.36380771915, 61.5561005179, 68338.858913, 0.868565826457, 4710.20224754, 
Chromsome [2]: (735.466666667)1.68088093897, 3.15623181921, -101604.986376, 31.4430178994, 978.857186951, 
Chromsome [3]: (730.733333333)1.68088093897, 53.8616294125, 1727.78487946, 26.3251932767, 717.594441722, 
Chromsome [4]: (722.266666667)0.73938824751, 58.9093343443, 21890.5445473, 10.7504034818, 2250.72508263, 
<------------ GEN 37--------------->
Chromsome [0]: (801.933333333)-120.313148459, -67.613693033, 139051.639498, 17.6020751122, 1321.04962163, 
Chromsome [1]: (778.8)0.617077907222, -10.6904693615, 13811.1165423, 17.1406060518, 1456.35686407, 
Chromsome [2]: (728.733333333)4.36380771915, 61.5561005179, 68338.858913, 0.868565826457, 1289.79775246, 
Chromsome [3]: (710.666666667)1.68088093897, 38.3069419696, 365515.931617, 28.5569821006, 978.857186951, 
Chromsome [4]: (704.666666667)1.68088093897, 53.8616294125, 139051.639498, 17.6020751122, 2845.18792877, 
<------------ GEN 38--------------->
Chromsome [0]: (821.966666667)-67.8191105687, 23.9062193167, 21890.5445473, 10.7504034818, 2845.18792877, 
Chromsome [1]: (821.966666667)-120.313148459, -67.613693033, 139051.639498, 17.6020751122, 1321.04962163, 
Chromsome [2]: (801.666666667)0.617077907222, -10.6904693615, 13811.1165423, 17.1406060518, 978.857186951, 
Chromsome [3]: (773.666666667)2.23558195211, -12.6330706215, 1814.09987139, 0.598259360956, 1226.11579529, 
Chromsome [4]: (772.9)1.68088093897, 38.3069419696, -209936.31726, 28.5569821006, 978.857186951, 
<------------ GEN 39--------------->
Chromsome [0]: (810.866666667)-67.8191105687, 23.9062193167, 21890.5445473, 10.7504034818, 2845.18792877, 
Chromsome [1]: (790.566666667)0.617077907222, -10.6904693615, 13811.1165423, 17.1406060518, 978.857186951, 
Chromsome [2]: (790.566666667)0.617077907222, -10.6904693615, 13811.1165423, 17.1406060518, 3546.07082322, 
Chromsome [3]: (752.333333333)1.68088093897, 38.3069419696, 168030.180343, 24.0439069688, 589.831964791, 
Chromsome [4]: (752.3)1.68088093897, -4.62508605691, 127925.990043, 22.4305578987, 1218.79499695, 
<------------ GEN 40--------------->
Chromsome [0]: (790.633333333)-67.8191105687, 23.9062193167, 21890.5445473, 10.7504034818, 2845.18792877, 
Chromsome [1]: (754.333333333)0.617077907222, 12.8431332329, 76930.8097803, 24.1814810276, 717.594441722, 
Chromsome [2]: (737.3)4.36380771915, -67.613693033, 38927.9217996, 19.5251385985, 1321.04962163, 
Chromsome [3]: (731.6)7.25709721732, -58.8695653577, 21890.5445473, 10.7504034818, 2845.18792877, 
Chromsome [4]: (728.333333333)7.25709721732, -58.8695653577, 151211.618923, 17.6020751122, 1471.29455911, 
<------------ GEN 41--------------->
Chromsome [0]: (830.5)-67.8191105687, 23.9062193167, 21890.5445473, 10.7504034818, 2845.18792877, 
Chromsome [1]: (818.966666667)0.617077907222, 23.9062193167, 21890.5445473, 10.7504034818, 2845.18792877, 
Chromsome [2]: (789.7)4.36380771915, -67.613693033, 38927.9217996, 19.5251385985, 1321.04962163, 
Chromsome [3]: (786.466666667)1.68088093897, 3.15623181921, 89417.8332834, 10.3747507867, 1050.13269125, 
Chromsome [4]: (785.766666667)1.68088093897, 14.127033828, 57731.8734192, 25.9650744194, 847.522179673, 
<------------ GEN 42--------------->
Chromsome [0]: (840.333333333)-67.8191105687, 23.9062193167, 21890.5445473, 10.7504034818, 2845.18792877, 
Chromsome [1]: (829.533333333)0.617077907222, 64.567497933, 21890.5445473, 26.8294968194, 2845.18792877, 
Chromsome [2]: (797.233333333)1.68088093897, 3.15623181921, 33550.133894, 10.3747507867, 1050.13269125, 
Chromsome [3]: (795.9)6.9476720587, 53.8616294125, 6105.33838929, 1.84893220747, 1401.03310305, 
Chromsome [4]: (795.866666667)1.68088093897, 14.127033828, 102914.833567, 25.9650744194, 847.522179673, 
<------------ GEN 43--------------->
Chromsome [0]: (819.233333333)-26.400800814, -11.0371602498, 111494.726687, 7.28581703237, 1597.67508783, 
Chromsome [1]: (819.233333333)-67.8191105687, 23.9062193167, 21890.5445473, 10.7504034818, 2845.18792877, 
Chromsome [2]: (813.433333333)0.617077907222, -12.6330706215, 61998.9166227, 29.0396126918, 2845.07384083, 
Chromsome [3]: (813.366666667)0.617077907222, 64.567497933, 21890.5445473, 26.8294968194, 2845.18792877, 
Chromsome [4]: (790.033333333)1.68088093897, 14.127033828, 4581.75992621, 25.9650744194, 1283.52793118, 
<------------ GEN 44--------------->
Chromsome [0]: (830.7)-26.400800814, -11.0371602498, 111494.726687, 7.28581703237, 1597.67508783, 
Chromsome [1]: (828.433333333)0.617077907222, 191.352501388, 81458.2376127, 24.1814810276, 717.594441722, 
Chromsome [2]: (827.766666667)0.617077907222, 49.9256109106, 21890.5445473, 20.2983507246, -4052.3530847, 
Chromsome [3]: (796.6)1.68088093897, 23.9062193167, 21890.5445473, 34.7270749324, 2845.18792877, 
Chromsome [4]: (796.6)1.68088093897, 23.9062193167, 115711.280428, 10.7504034818, 2755.57217831, 
<------------ GEN 45--------------->
Chromsome [0]: (851.866666667)-26.400800814, -11.0371602498, 111494.726687, 7.28581703237, 1597.67508783, 
Chromsome [1]: (848.966666667)0.270634355561, -11.3525013882, 81458.2376127, 24.1814810276, 717.594441722, 
Chromsome [2]: (848.933333333)0.617077907222, 49.9256109106, 23712.0192487, 20.2983507246, 5052.3530847, 
Chromsome [3]: (823.366666667)1.68088093897, 53.8616294125, 38927.9217996, 4.50151067369, 920.25219404, 
Chromsome [4]: (821.533333333)1.68088093897, 23.9062193167, 115711.280428, 10.7504034818, -757.642715525, 
<------------ GEN 46--------------->
Chromsome [0]: (822.033333333)-26.400800814, -11.0371602498, 111494.726687, 7.28581703237, 1597.67508783, 
Chromsome [1]: (802.166666667)0.270634355561, -11.3525013882, 81458.2376127, 24.1814810276, 2539.47038004, 
Chromsome [2]: (802.166666667)0.270634355561, -11.3525013882, 99741.1137028, 0.595492305857, 2845.18792877, 
Chromsome [3]: (798.866666667)0.617077907222, 51.3904660695, 50130.2612924, 20.2983507246, 947.646915295, 
Chromsome [4]: (775.966666667)1.68088093897, 23.9062193167, 21890.5445473, 21.4378873424, 1554.45763138, 
<------------ GEN 47--------------->
Chromsome [0]: (813.866666667)-38.3633133732, -0.975821428988, 15253.1333614, 5.50281102341, 2203.19136563, 
Chromsome [1]: (813.866666667)-26.400800814, -11.0371602498, 111494.726687, 7.28581703237, 1597.67508783, 
Chromsome [2]: (808.066666667)0.270634355561, -11.3525013882, 23102.0698419, 24.1814810276, 947.646915295, 
Chromsome [3]: (808.066666667)0.270634355561, -11.3525013882, 99741.1137028, 0.595492305857, 474.098317545, 
Chromsome [4]: (808.0)0.617077907222, 51.3904660695, 50130.2612924, 20.2983507246, 1287.7980778, 
<------------ GEN 48--------------->
Chromsome [0]: (821.166666667)-38.3633133732, -0.975821428988, 15253.1333614, 5.50281102341, 2203.19136563, 
Chromsome [1]: (808.933333333)0.270634355561, -11.3525013882, 23102.0698419, 2.43247993281, 1471.29455911, 
Chromsome [2]: (794.133333333)0.270634355561, -11.3525013882, 23102.0698419, 5.51802504889, 939.261804684, 
Chromsome [3]: (793.9)0.270634355561, -11.3525013882, 61522.5750933, 7.41889942013, 1050.13269125, 
Chromsome [4]: (791.133333333)0.617077907222, 51.3904660695, 115711.280428, 10.7504034818, 774.818805401, 
<------------ GEN 49--------------->
Chromsome [0]: (804.3)-38.3633133732, -0.975821428988, 15253.1333614, 5.50281102341, 2203.19136563, 
Chromsome [1]: (795.133333333)0.270634355561, -11.3525013882, 23102.0698419, 2.43247993281, 1471.29455911, 
Chromsome [2]: (783.933333333)0.270634355561, -11.3525013882, 143932.921047, 2.77800512798, 1446.02859889, 
Chromsome [3]: (783.9)0.617077907222, 51.3904660695, 115711.280428, 10.7504034818, 2400.09816197, 
Chromsome [4]: (748.433333333)1.68088093897, 82.9137912563, 21890.5445473, 5.50281102341, 2203.19136563, 
<------------ GEN 50--------------->
Chromsome [0]: (813.066666667)-23.3944471579, -66.1322288888, 136448.288328, 1.35986840597, 476.643501046, 
Chromsome [1]: (813.066666667)-38.3633133732, -0.975821428988, 15253.1333614, 5.50281102341, 2203.19136563, 
Chromsome [2]: (783.1)0.270634355561, 22.5992413411, 60475.5128355, 5.8373635615, 1597.67508783, 
Chromsome [3]: (775.633333333)0.270634355561, -11.3525013882, 143932.921047, 2.77800512798, 1446.02859889, 
Chromsome [4]: (744.033333333)5.97487475643, 36.7983851537, 26376.8969542, 13.3424160207, 2845.18792877, 
<------------ GEN 51--------------->
Chromsome [0]: (823.1)-23.3944471579, -66.1322288888, 136448.288328, 1.35986840597, 476.643501046, 
Chromsome [1]: (804.633333333)0.270634355561, 22.5992413411, 60475.5128355, 27.5165330998, 1597.67508783, 
Chromsome [2]: (767.033333333)1.68088093897, 82.9137912563, 21890.5445473, 5.00930660924, 927.15529989, 
Chromsome [3]: (766.466666667)5.97487475643, 36.7983851537, 26376.8969542, 20.5308199841, 2845.18792877, 
Chromsome [4]: (766.166666667)1.68088093897, 23.9062193167, 15253.1333614, 22.1614702057, 1821.19323318, 
<------------ GEN 52--------------->
Chromsome [0]: (793.3)-23.3944471579, -66.1322288888, 136448.288328, 1.35986840597, 476.643501046, 
Chromsome [1]: (772.466666667)0.270634355561, 22.5992413411, 136448.288328, 1.35986840597, 523.356498954, 
Chromsome [2]: (730.466666667)5.97487475643, 22.5609005711, 26376.8969542, 8.69852629843, 2845.18792877, 
Chromsome [3]: (730.2)1.68088093897, 82.9137912563, 21890.5445473, 1.17148920944, 1009.07910417, 
Chromsome [4]: (729.333333333)1.68088093897, 23.9062193167, 15253.1333614, 22.1614702057, 1525.39579945, 
<------------ GEN 53--------------->
Chromsome [0]: (825.933333333)-23.3944471579, -66.1322288888, 136448.288328, 1.35986840597, 476.643501046, 
Chromsome [1]: (772.733333333)0.270634355561, -39.4662893708, 99654.1883857, 9.01205903776, 1371.4311656, 
Chromsome [2]: (771.6)5.97487475643, 22.5609005711, 26376.8969542, 8.69852629843, 1634.71920398, 
Chromsome [3]: (770.233333333)5.97487475643, -38.3138128869, 26376.8969542, 8.69852629843, 943.223750311, 
Chromsome [4]: (752.433333333)1.68088093897, 82.9137912563, 21890.5445473, 2.08134355759, 568.310320123, 
<------------ GEN 54--------------->
Chromsome [0]: (819.866666667)-23.3944471579, -66.1322288888, 136448.288328, 1.35986840597, 476.643501046, 
Chromsome [1]: (773.166666667)0.270634355561, 54.9256885565, 74003.380418, 1.35986840597, 523.356498954, 
Chromsome [2]: (757.466666667)5.12935318144, 62.7752209828, 61006.4601192, 51.1003062, 1093.96244418, 
Chromsome [3]: (746.033333333)1.68088093897, 82.9137912563, 21890.5445473, 2.08134355759, 568.310320123, 
Chromsome [4]: (744.966666667)1.68088093897, -30.0694563702, 15253.1333614, 5.29875201549, 1525.39579945, 
<------------ GEN 55--------------->
Chromsome [0]: (810.933333333)-23.3944471579, -66.1322288888, 136448.288328, 1.35986840597, 476.643501046, 
Chromsome [1]: (785.366666667)0.270634355561, 6.50170433636, 26376.8969542, 2.02858522755, 1707.43994377, 
Chromsome [2]: (757.366666667)1.68088093897, -30.0694563702, 15253.1333614, 5.29875201549, 1525.39579945, 
Chromsome [3]: (749.7)1.68088093897, 23.9062193167, 21597.2859995, 8.96914435176, 523.356498954, 
Chromsome [4]: (749.633333333)6.5633699908, 23.9062193167, 149962.834946, 22.1614702057, 2423.01670177, 
<------------ GEN 56--------------->
Chromsome [0]: (784.433333333)-23.3944471579, -66.1322288888, 136448.288328, 1.35986840597, 476.643501046, 
Chromsome [1]: (767.633333333)0.270634355561, 6.50170433636, 26376.8969542, 1.35986840597, 523.356498954, 
Chromsome [2]: (713.133333333)1.68088093897, 21.9258415329, 59510.5678487, 3.20579831209, 2101.36864539, 
Chromsome [3]: (709.1)1.68088093897, 23.9062193167, 168638.549011, 12.4701986162, 2036.60242426, 
Chromsome [4]: (709.1)1.68088093897, 23.9062193167, 166377.528781, 8.96914435176, 1634.71920398, 
<------------ GEN 57--------------->
Chromsome [0]: (789.066666667)-23.3944471579, -66.1322288888, 136448.288328, 1.35986840597, 476.643501046, 
Chromsome [1]: (760.333333333)0.270634355561, 6.50170433636, 135294.590476, 39.8478214434, 523.356498954, 
Chromsome [2]: (735.2)1.68088093897, -9.91354103203, -90282.2843804, 12.4701986162, 2036.60242426, 
Chromsome [3]: (722.533333333)1.68088093897, 23.9062193167, 166377.528781, 8.96914435176, 1634.71920398, 
Chromsome [4]: (710.133333333)6.5633699908, 23.9062193167, 149962.834946, 22.1614702057, 795.260809429, 
<------------ GEN 58--------------->
Chromsome [0]: (798.466666667)-101.225141789, 23.9062193167, 111494.726687, 29.7682327844, 2604.64452797, 
Chromsome [1]: (798.466666667)-23.3944471579, -66.1322288888, 136448.288328, 1.35986840597, 476.643501046, 
Chromsome [2]: (735.666666667)1.68088093897, 23.9062193167, 166377.528781, 8.96914435176, 1634.71920398, 
Chromsome [3]: (727.433333333)1.68088093897, -9.91354103203, 90282.2843804, 12.4701986162, 2036.60242426, 
Chromsome [4]: (727.1)1.68088093897, -15.0833184556, 77611.0269574, 5.00930660924, 927.15529989, 
<------------ GEN 59--------------->
Chromsome [0]: (812.3)-117.998966371, 4.95428448638, 135294.590476, 25.7368840133, 523.356498954, 
Chromsome [1]: (812.3)-101.225141789, 23.9062193167, 111494.726687, 29.7682327844, 2604.64452797, 
Chromsome [2]: (732.466666667)1.68088093897, 23.9062193167, 166377.528781, 8.96914435176, 1634.71920398, 
Chromsome [3]: (732.466666667)1.68088093897, 23.9062193167, 30988.5222078, 8.96914435176, 1634.71920398, 
Chromsome [4]: (724.366666667)1.68088093897, 75.8301597163, 90282.2843804, 21.9416808142, 2036.60242426, 
<------------ GEN 60--------------->
Chromsome [0]: (807.966666667)-12.2790132825, -22.1641436067, 67551.7621959, 8.4588678349, 2344.92303973, 
Chromsome [1]: (807.966666667)-117.998966371, 4.95428448638, 135294.590476, 25.7368840133, 523.356498954, 
Chromsome [2]: (748.833333333)1.68088093897, 75.8301597163, 90282.2843804, 21.9416808142, 2091.8834135, 
Chromsome [3]: (747.033333333)1.68088093897, -22.1641436067, 25777.2110736, 17.593624637, 816.956964176, 
Chromsome [4]: (747.033333333)1.68088093897, -22.1641436067, 25777.2110736, 28.1659633068, 1525.39579945, 
<------------ GEN 61--------------->
Chromsome [0]: (817.233333333)-12.2790132825, -22.1641436067, 67551.7621959, 8.4588678349, 2344.92303973, 
Chromsome [1]: (776.866666667)3.15757253735, 86.0743326206, 145371.539637, 16.8512846467, 887.624865621, 
Chromsome [2]: (761.6)1.68088093897, 4.95428448638, 135294.590476, 21.1307539601, 523.356498954, 
Chromsome [3]: (757.566666667)1.68088093897, -11.2358434864, 25777.2110736, 17.593624637, 816.956964176, 
Chromsome [4]: (757.166666667)1.68088093897, -9.91354103203, 135929.532779, 3.73999060348, 795.260809429, 
<------------ GEN 62--------------->
Chromsome [0]: (801.966666667)-12.2790132825, -22.1641436067, 67551.7621959, 8.4588678349, 2344.92303973, 
Chromsome [1]: (754.833333333)3.15757253735, 86.0743326206, 145371.539637, 11.4994210063, 887.624865621, 
Chromsome [2]: (754.833333333)3.15757253735, 86.0743326206, 145371.539637, 29.7682327844, 927.15529989, 
Chromsome [3]: (734.5)1.68088093897, -11.2358434864, 25777.2110736, 17.593624637, 816.956964176, 
Chromsome [4]: (733.233333333)1.68088093897, 4.95428448638, 135929.532779, 5.7862028925, 2036.60242426, 
<------------ GEN 63--------------->
Chromsome [0]: (786.4)-12.2790132825, -22.1641436067, 67551.7621959, 8.4588678349, 2344.92303973, 
Chromsome [1]: (725.733333333)3.15757253735, 86.0743326206, 71915.6487381, 16.7629743553, 1009.07910417, 
Chromsome [2]: (725.733333333)3.15757253735, 86.0743326206, 145371.539637, -30.436818471, 2267.47902705, 
Chromsome [3]: (698.266666667)1.68088093897, 4.95428448638, 135929.532779, 28.1659633068, 2212.43564594, 
Chromsome [4]: (697.1)1.68088093897, -11.2358434864, 25777.2110736, 17.593624637, 816.956964176, 
<------------ GEN 64--------------->
Chromsome [0]: (800.8)-12.2790132825, -22.1641436067, 67551.7621959, 8.4588678349, 2344.92303973, 
Chromsome [1]: (719.3)1.68088093897, 4.95428448638, 135929.532779, 28.1659633068, 1064.91356568, 
Chromsome [2]: (713.966666667)11.9056952558, -15.0833184556, 124645.835285, 11.4994210063, 1383.42786946, 
Chromsome [3]: (713.966666667)11.9056952558, -15.0833184556, 122786.603541, 29.0604055964, 1159.79354458, 
Chromsome [4]: (713.166666667)12.4790132825, -22.1641436067, 67551.7621959, 16.1727658719, 2438.95410622, 
<------------ GEN 65--------------->
Chromsome [0]: (800.266666667)-12.2790132825, -22.1641436067, 67551.7621959, 8.4588678349, 2344.92303973, 
Chromsome [1]: (743.8)1.68088093897, 61.0668128504, 90282.2843804, 21.9416808142, 2091.8834135, 
Chromsome [2]: (739.4)1.68088093897, -9.91354103203, 104004.292649, 43.2878456617, 503.94187619, 
Chromsome [3]: (739.4)1.68088093897, -9.91354103203, 71915.6487381, 5.1953085386, 1009.07910417, 
Chromsome [4]: (737.466666667)1.68088093897, 73.7167490203, 127917.780819, -14.5173521924, 1449.60984946, 
<------------ GEN 66--------------->
Chromsome [0]: (812.766666667)-12.2790132825, -22.1641436067, 67551.7621959, 8.4588678349, 2344.92303973, 
Chromsome [1]: (755.6)1.68088093897, 61.0668128504, 90282.2843804, 21.9416808142, 2091.8834135, 
Chromsome [2]: (754.133333333)1.68088093897, -9.91354103203, 104004.292649, 8.4588678349, 2344.92303973, 
Chromsome [3]: (752.466666667)1.68088093897, 73.7167490203, 127917.780819, 29.4813885404, 816.956964176, 
Chromsome [4]: (751.9)1.68088093897, -64.8831928701, 71915.6487381, 5.1953085386, 1009.07910417, 
<------------ GEN 67--------------->
Chromsome [0]: (789.6)-45.9741878129, 56.6495527998, 135929.532779, 6.84298778837, 818.15176989, 
Chromsome [1]: (789.6)-12.2790132825, -22.1641436067, 67551.7621959, 8.4588678349, 2344.92303973, 
Chromsome [2]: (748.033333333)0.315688317439, -22.1641436067, 15931.447537, 28.6732659599, 2091.8834135, 
Chromsome [3]: (740.5)3.15757253735, -123.101889177, 53963.0744633, 9.11926425719, 1813.91195094, 
Chromsome [4]: (718.566666667)1.68088093897, 8.53286581431, 71915.6487381, 5.1953085386, 1749.23283412, 
<------------ GEN 68--------------->
Chromsome [0]: (784.433333333)-18.3293897584, 25.2309796093, 165090.026885, 21.4685420108, 1252.02358258, 
Chromsome [1]: (784.433333333)-45.9741878129, 56.6495527998, 135929.532779, 6.84298778837, 818.15176989, 
Chromsome [2]: (708.233333333)1.68088093897, 8.53286581431, 86900.2714948, 5.1953085386, 1749.23283412, 
Chromsome [3]: (707.933333333)1.68088093897, 73.7167490203, 53963.0744633, 9.56448868251, 1546.95582198, 
Chromsome [4]: (707.533333333)1.68088093897, -9.91354103203, 104004.292649, 8.4588678349, 2344.92303973, 
<------------ GEN 69--------------->
Chromsome [0]: (819.133333333)-18.3293897584, 25.2309796093, 165090.026885, 21.4685420108, 1252.02358258, 
Chromsome [1]: (739.933333333)1.68088093897, 73.7167490203, 53963.0744633, 9.56448868251, 795.260809429, 
Chromsome [2]: (734.233333333)3.15757253735, -56.8981108229, 127917.780819, 29.4813885404, 816.956964176, 
Chromsome [3]: (732.266666667)1.68088093897, 8.53286581431, 86900.2714948, 29.4736939491, 1249.69005657, 
Chromsome [4]: (732.133333333)1.68088093897, -9.91354103203, 104004.292649, 8.4588678349, 2344.92303973, 
<------------ GEN 70--------------->
Chromsome [0]: (801.166666667)-18.3293897584, 25.2309796093, 165090.026885, 21.4685420108, 1252.02358258, 
Chromsome [1]: (730.3)1.68088093897, 86.6473914488, 67551.7621959, 16.1727658719, 2438.95410622, 
Chromsome [2]: (722.4)1.68088093897, -9.91354103203, 104004.292649, 25.3777142384, 2167.084331, 
Chromsome [3]: (720.233333333)3.15757253735, 61.0668128504, 46591.650212, 11.4994210063, 2594.58600026, 
Chromsome [4]: (720.233333333)3.15757253735, -56.8981108229, 127917.780819, 29.4813885404, 816.956964176, 
<------------ GEN 71--------------->
Chromsome [0]: (798.233333333)-72.2104245169, 43.669617982, 83111.6124911, 13.2345958624, 831.654311996, 
Chromsome [1]: (798.233333333)-18.3293897584, 25.2309796093, 165090.026885, 21.4685420108, 1252.02358258, 
Chromsome [2]: (723.133333333)1.68088093897, 86.6473914488, 127917.780819, 16.2211074884, 910.585190535, 
Chromsome [3]: (719.166666667)1.68088093897, -9.91354103203, 104004.292649, -8.05176287616, -502.221136803, 
Chromsome [4]: (719.133333333)1.68088093897, -82.4173692607, 67551.7621959, 16.1727658719, 1880.64077928, 
<------------ GEN 72--------------->
Chromsome [0]: (798.133333333)-14.8008370496, -443.575283211, 176779.29256, 18.213505825, 2693.46753686, 
Chromsome [1]: (798.133333333)-72.2104245169, 43.669617982, 83111.6124911, 13.2345958624, 831.654311996, 
Chromsome [2]: (703.466666667)1.68088093897, 86.6473914488, 127917.780819, 16.2211074884, 910.585190535, 
Chromsome [3]: (678.766666667)12.4790132825, -19.4913816588, 19868.8755098, 28.8162418726, 818.15176989, 
Chromsome [4]: (662.366666667)14.879284159, 25.4751423711, 194832.189091, 45.3237196751, 2344.92303973, 
<------------ GEN 73--------------->
Chromsome [0]: (787.766666667)-14.8008370496, -443.575283211, 176779.29256, 18.213505825, 2693.46753686, 
Chromsome [1]: (716.0)1.68088093897, 86.6473914488, 127917.780819, 16.2211074884, 910.585190535, 
Chromsome [2]: (658.166666667)12.4790132825, -19.4913816588, 19868.8755098, 28.8162418726, 818.15176989, 
Chromsome [3]: (639.666666667)18.5293897584, 25.2309796093, 67551.7621959, 8.26685714438, 962.029505758, 
Chromsome [4]: (639.666666667)18.5293897584, 25.2309796093, 49920.6502061, 15.0149344791, 856.996182211, 
<------------ GEN 74--------------->
Chromsome [0]: (818.166666667)-14.8008370496, -443.575283211, 176779.29256, 18.213505825, 2693.46753686, 
Chromsome [1]: (686.5)12.4790132825, -19.4913816588, 19868.8755098, 28.8162418726, 818.15176989, 
Chromsome [2]: (662.933333333)11.3155834674, 2.48152239872, 176779.29256, 18.213505825, 2693.46753686, 
Chromsome [3]: (661.166666667)14.879284159, 25.2309796093, 101106.32177, 27.0125330924, 2793.79661188, 
Chromsome [4]: (657.066666667)18.5293897584, 25.2309796093, 67551.7621959, 8.26685714438, 962.029505758, 
<------------ GEN 75--------------->
Chromsome [0]: (828.466666667)-14.8008370496, -443.575283211, 176779.29256, 18.213505825, 2693.46753686, 
Chromsome [1]: (722.666666667)6.79863500756, -58.0231884874, 88158.8676784, 6.17808919805, -520.556146869, 
Chromsome [2]: (708.366666667)12.4790132825, -19.4913816588, 55116.6746196, 28.8162418726, 2693.46753686, 
Chromsome [3]: (706.766666667)14.879284159, 25.2309796093, 101106.32177, 27.0125330924, 2793.79661188, 
Chromsome [4]: (686.666666667)21.5902288631, -23.5927611013, 104004.292649, 15.0149344791, 856.996182211, 
<------------ GEN 76--------------->
Chromsome [0]: (823.766666667)-14.8008370496, -443.575283211, 176779.29256, 18.213505825, 2693.46753686, 
Chromsome [1]: (750.633333333)3.56545581282, -83.4437785886, 88158.8676784, 6.17808919805, 1520.55614687, 
Chromsome [2]: (731.4)6.93018455328, -83.5752832111, 15094.8440505, 2.90601092791, 1462.64411386, 
Chromsome [3]: (712.833333333)3.56545581282, -65.2423566727, 74233.6970275, 23.8189686966, 1227.10558711, 
Chromsome [4]: (711.566666667)12.4790132825, -25.796521555, 55116.6746196, -1.11255521649, 2362.78242172, 
<------------ GEN 77--------------->
Chromsome [0]: (819.6)-14.8008370496, -443.575283211, 176779.29256, 18.213505825, 2693.46753686, 
Chromsome [1]: (742.033333333)3.56545581282, -83.4437785886, 88158.8676784, 6.17808919805, 1520.55614687, 
Chromsome [2]: (725.1)6.93018455328, -83.5752832111, 15094.8440505, 2.90601092791, 1462.64411386, 
Chromsome [3]: (688.3)12.4790132825, -25.796521555, 126405.094453, 12.1013214537, 2487.55785939, 
Chromsome [4]: (687.3)14.879284159, 25.2309796093, 101106.32177, 0.404792120281, 1890.24281631, 
<------------ GEN 78--------------->
Chromsome [0]: (824.766666667)-14.8008370496, -443.575283211, 176779.29256, 18.213505825, 2693.46753686, 
Chromsome [1]: (749.066666667)3.56545581282, -83.4437785886, 88158.8676784, 6.17808919805, 2487.55785939, 
Chromsome [2]: (735.4)6.93018455328, -83.5752832111, 15094.8440505, 2.90601092791, 1462.64411386, 
Chromsome [3]: (732.266666667)6.79863500756, -65.2423566727, 37275.5219109, 23.8189686966, 933.488311049, 
Chromsome [4]: (706.566666667)12.4790132825, -25.796521555, 126405.094453, 12.1013214537, 1520.55614687, 
<------------ GEN 79--------------->
Chromsome [0]: (824.733333333)-14.8008370496, -443.575283211, 176779.29256, 18.213505825, 2693.46753686, 
Chromsome [1]: (738.4)3.56545581282, -83.4437785886, 88158.8676784, 6.17808919805, 2487.55785939, 
Chromsome [2]: (708.133333333)6.93018455328, -83.5752832111, 15094.8440505, 22.5215810882, 856.996182211, 
Chromsome [3]: (684.933333333)12.4790132825, -25.796521555, 126405.094453, 13.16878457, 962.029505758, 
Chromsome [4]: (684.933333333)12.4790132825, -25.796521555, 126405.094453, 12.1013214537, 1346.89056356, 
<------------ GEN 80--------------->
Chromsome [0]: (810.466666667)-14.8008370496, -443.575283211, 176779.29256, 18.213505825, 2693.46753686, 
Chromsome [1]: (682.366666667)3.56545581282, 226.061818829, 88158.8676784, 6.17808919805, 2487.55785939, 
Chromsome [2]: (671.366666667)3.80760423108, -25.796521555, 20214.5578628, 1.56785045196, 2511.92886986, 
Chromsome [3]: (650.2)18.5293897584, -19.8130763337, 201352.203452, 18.213505825, 997.069626722, 
Chromsome [4]: (647.4)12.9704357815, -23.3770460332, 76932.7772671, 17.9557784235, 1869.92092544, 
<------------ GEN 81--------------->
Chromsome [0]: (798.833333333)-14.8008370496, -443.575283211, 176779.29256, 18.213505825, 2693.46753686, 
Chromsome [1]: (715.166666667)20.1304745912, 0.695310232696, 25599.9148359, 3.61807373705, 1472.8109784, 
Chromsome [2]: (691.7)7.68548372549, -83.5752832111, -106215.490915, 9.8350238354, 2693.46753686, 
Chromsome [3]: (682.733333333)3.56545581282, -28.9411221879, 20214.5578628, 1.56785045196, 1247.34487934, 
Chromsome [4]: (677.633333333)3.80760423108, -46.0618188289, 88158.8676784, 6.17808919805, 2487.55785939, 
<------------ GEN 82--------------->
Chromsome [0]: (814.166666667)-75.0996333455, 11.2018078706, 120948.214663, 9.45355500293, 1930.16542693, 
Chromsome [1]: (814.166666667)-14.8008370496, -443.575283211, 176779.29256, 18.213505825, 2693.46753686, 
Chromsome [2]: (666.766666667)7.68548372549, -83.5752832111, -252988.535055, 18.213505825, 2693.46753686, 
Chromsome [3]: (647.4)18.5293897584, -19.8130763337, -36666.5879058, 10.0837811319, 1440.08027651, 
Chromsome [4]: (646.5)12.9704357815, -19.3272093813, 25599.9148359, 3.61807373705, 1472.8109784, 
<------------ GEN 83--------------->
Chromsome [0]: (809.233333333)-75.0996333455, 11.2018078706, 120948.214663, 9.45355500293, 1930.16542693, 
Chromsome [1]: (635.866666667)10.5043303451, -19.3272093813, 25599.9148359, 3.61807373705, 1472.8109784, 
Chromsome [2]: (630.233333333)20.1304745912, 22.6285237155, 20214.5578628, 23.7949670107, 2014.3182993, 
Chromsome [3]: (629.333333333)15.0008370496, 30.3013238839, 55116.6746196, 3.9753941629, 865.976186458, 
Chromsome [4]: (628.1)12.4790132825, -25.796521555, 132876.943873, 16.5102743734, 2693.46753686, 
<------------ GEN 84--------------->
Chromsome [0]: (805.366666667)-75.0996333455, 11.2018078706, 120948.214663, 9.45355500293, 1930.16542693, 
Chromsome [1]: (735.766666667)0.0898240737409, 30.3013238839, 55116.6746196, 46.5824502606, 865.976186458, 
Chromsome [2]: (652.8)3.80760423108, -33.8341819287, 132876.943873, 16.5102743734, 2693.46753686, 
Chromsome [3]: (643.066666667)20.1304745912, -17.5786455631, 90267.973364, 29.1223730461, 1472.8109784, 
Chromsome [4]: (640.066666667)20.7237018933, 22.6285237155, 20214.5578628, 23.7949670107, 2014.3182993, 
<------------ GEN 85--------------->
Chromsome [0]: (783.666666667)-51.288292963, -25.796521555, 20214.5578628, 1.56785045196, 1876.47547346, 
Chromsome [1]: (783.666666667)-75.0996333455, 11.2018078706, 120948.214663, 9.45355500293, 1930.16542693, 
Chromsome [2]: (701.8)0.110175926259, -35.3576641996, 44475.0432389, 12.1013214537, 3778.48763003, 
Chromsome [3]: (676.266666667)0.803504223155, -33.8341819287, 132876.943873, 16.5102743734, 2693.46753686, 
Chromsome [4]: (612.9)18.5293897584, -27.9813479393, 138673.341365, 12.7501430282, 1746.17831669, 
<------------ GEN 86--------------->
Chromsome [0]: (776.5)-51.288292963, -25.796521555, 20214.5578628, 1.56785045196, 1876.47547346, 
Chromsome [1]: (698.8)0.110175926259, -35.3576641996, 44475.0432389, 12.1013214537, 2221.51236997, 
Chromsome [2]: (680.733333333)0.803504223155, -33.8341819287, 190913.875425, 13.4175497394, 865.976186458, 
Chromsome [3]: (626.866666667)14.9263769805, -25.796521555, 173132.047303, 24.6278807311, 1868.37977098, 
Chromsome [4]: (612.933333333)18.5293897584, -27.9813479393, 138673.341365, 24.1966910555, 1472.8109784, 
<------------ GEN 87--------------->
Chromsome [0]: (778.6)-51.288292963, -25.796521555, 20214.5578628, 1.56785045196, 1876.47547346, 
Chromsome [1]: (698.966666667)0.110175926259, -35.3576641996, 44475.0432389, 12.1013214537, 2221.51236997, 
Chromsome [2]: (691.0)0.110175926259, -35.3576641996, 119604.148737, 12.1013214537, 545.188846075, 
Chromsome [3]: (678.8)0.803504223155, 11.0817350105, 120948.214663, 17.0861471283, 1904.17761942, 
Chromsome [4]: (656.466666667)7.68548372549, 52.507660494, 103094.198095, 5.67822667656, 1733.39730461, 
<------------ GEN 88--------------->
Chromsome [0]: (778.366666667)-42.8703646051, 25.3523778836, 63054.7353045, 17.8649485919, 1876.47547346, 
Chromsome [1]: (778.366666667)-51.288292963, -25.796521555, 20214.5578628, 1.56785045196, 1876.47547346, 
Chromsome [2]: (703.3)0.110175926259, -35.3576641996, 44475.0432389, 9.45355500293, 1738.56108897, 
Chromsome [3]: (701.666666667)0.803504223155, -180.843620712, 120948.214663, 17.0861471283, 1904.17761942, 
Chromsome [4]: (685.533333333)0.110175926259, -35.3576641996, 119604.148737, 9.91163094746, 545.188846075, 
<------------ GEN 89--------------->
Chromsome [0]: (782.033333333)-42.8703646051, 25.3523778836, 63054.7353045, 17.8649485919, 1876.47547346, 
Chromsome [1]: (732.533333333)0.110175926259, -35.3576641996, 44475.0432389, 9.45355500293, 2723.64130521, 
Chromsome [2]: (722.7)0.803504223155, -130.663051711, 44659.2080341, 22.2359565135, 1356.58989792, 
Chromsome [3]: (719.766666667)0.803504223155, -36.1621660383, 16773.4556852, 17.7979043481, 954.706787097, 
Chromsome [4]: (688.633333333)4.66476916646, 11.0817350105, 120948.214663, 17.0861471283, 2816.63803871, 
<------------ GEN 90--------------->
Chromsome [0]: (802.333333333)-6.51054525415, 11.2018078706, 23753.5499809, 28.9800340174, 1275.16966249, 
Chromsome [1]: (802.333333333)-42.8703646051, 25.3523778836, 63054.7353045, 17.8649485919, 1876.47547346, 
Chromsome [2]: (747.366666667)0.110175926259, -35.3576641996, 44475.0432389, 56.3986595537, 2487.55785939, 
Chromsome [3]: (742.066666667)0.803504223155, -36.1621660383, 16773.4556852, 17.7979043481, 954.706787097, 
Chromsome [4]: (739.7)0.803504223155, -49.3369482886, 44659.2080341, 22.2359565135, 1356.58989792, 
<------------ GEN 91--------------->
Chromsome [0]: (806.666666667)-6.51054525415, 11.2018078706, 23753.5499809, 28.9800340174, 1275.16966249, 
Chromsome [1]: (739.3)0.110175926259, -35.3576641996, 44475.0432389, 16.3407960052, 2487.55785939, 
Chromsome [2]: (736.9)4.66476916646, 113.810580877, 40498.8650115, 8.7293062634, 1199.2891462, 
Chromsome [3]: (734.166666667)0.803504223155, -49.3369482886, 44659.2080341, 22.2359565135, 1356.58989792, 
Chromsome [4]: (734.166666667)0.803504223155, -49.3369482886, 44659.2080341, 22.2359565135, 2560.73810387, 
<------------ GEN 92--------------->
Chromsome [0]: (782.733333333)-30.0214065162, 3.88252345176, 157616.374799, 27.8489318699, 1904.17761942, 
Chromsome [1]: (782.733333333)-6.51054525415, 11.2018078706, 23753.5499809, 28.9800340174, 1275.16966249, 
Chromsome [2]: (735.833333333)4.66476916646, 87.9979331372, 117597.589399, 8.7293062634, 1275.16966249, 
Chromsome [3]: (735.833333333)4.66476916646, 66.189419123, 40498.8650115, 8.7293062634, 2364.23066526, 
Chromsome [4]: (731.333333333)6.71054525415, 60.7144034637, 23753.5499809, 28.9800340174, 1602.51748802, 
<------------ GEN 93--------------->
Chromsome [0]: (788.0)-31.9456430922, 20.7322765955, 63260.2693572, 16.3407960052, 2487.55785939, 
Chromsome [1]: (788.0)-140.301013837, -25.796521555, 76978.9352979, 1.56785045196, 2218.21587024, 
Chromsome [2]: (788.0)-30.0214065162, 3.88252345176, 157616.374799, 27.8489318699, 1904.17761942, 
Chromsome [3]: (733.833333333)4.66476916646, 66.189419123, 140647.057012, 28.9800340174, 1275.16966249, 
Chromsome [4]: (727.1)0.803504223155, -49.3369482886, 7729.83610441, 10.3669429882, 989.623103768, 
<------------ GEN 94--------------->
Chromsome [0]: (776.533333333)-27.9053564361, 41.2908830571, 55116.6746196, 5.75518530609, 2962.47282479, 
Chromsome [1]: (776.533333333)-31.9456430922, 20.7322765955, 63260.2693572, 16.3407960052, 2487.55785939, 
Chromsome [2]: (705.033333333)0.803504223155, -49.3369482886, 7729.83610441, 10.3669429882, 989.623103768, 
Chromsome [3]: (701.6)0.803504223155, 87.9979331372, 118047.986034, 8.7293062634, 1275.16966249, 
Chromsome [4]: (700.966666667)0.803504223155, -79.1583612665, 129703.473838, 24.1966910555, 2627.85134864, 
<------------ GEN 95--------------->
Chromsome [0]: (785.366666667)-37.7893074198, 15.6853811155, 38653.6491713, 0.480547035354, 954.706787097, 
Chromsome [1]: (785.366666667)-27.9053564361, 41.2908830571, 55116.6746196, 5.75518530609, 2962.47282479, 
Chromsome [2]: (727.6)6.71054525415, -75.5618893852, 296806.294068, 28.9800340174, 1865.14835325, 
Chromsome [3]: (709.733333333)0.803504223155, -54.1509499179, 51470.4620378, 22.2359565135, 1356.58989792, 
Chromsome [4]: (708.533333333)0.803504223155, -49.3369482886, 93297.074512, 32.7807203895, 2985.84900461, 
<------------ GEN 96--------------->
Chromsome [0]: (800.7)-37.7893074198, 15.6853811155, 38653.6491713, 0.480547035354, 954.706787097, 
Chromsome [1]: (735.233333333)0.803504223155, -49.3369482886, 93297.074512, 10.5970923893, 2985.84900461, 
Chromsome [2]: (733.1)6.71054525415, -75.5618893852, 63193.7059322, 23.8733378954, 1865.14835325, 
Chromsome [3]: (729.733333333)0.803504223155, -2.35279791429, 129703.473838, 5.39202596657, 2125.13881168, 
Chromsome [4]: (729.7)0.110175926259, -83.1587441152, 123772.628691, 22.2359565135, 1356.58989792, 
<------------ GEN 97--------------->
Chromsome [0]: (800.666666667)-37.7893074198, 15.6853811155, 38653.6491713, 0.480547035354, 954.706787097, 
Chromsome [1]: (725.7)0.803504223155, 20.7322765955, 23753.5499809, 26.7535294011, 2962.47282479, 
Chromsome [2]: (721.066666667)7.614296857, -38.5787713495, 93297.074512, 10.5970923893, 959.017721657, 
Chromsome [3]: (720.133333333)0.803504223155, -2.35279791429, 129703.473838, 5.39202596657, 1212.33617436, 
Chromsome [4]: (719.966666667)0.803504223155, -8.7183530622, 171327.087589, 18.7283585833, 1044.29209771, 
<------------ GEN 98--------------->
Chromsome [0]: (818.6)-61.4074440573, 20.7322765955, 169149.350044, 0.480547035354, 2567.93855576, 
Chromsome [1]: (818.6)-37.7893074198, 15.6853811155, 38653.6491713, 0.480547035354, 954.706787097, 
Chromsome [2]: (731.166666667)0.803504223155, -2.35279791429, 129703.473838, 13.9416555714, 989.623103768, 
Chromsome [3]: (730.533333333)0.803504223155, -74.3515322716, 10666.0649201, 5.81681026523, 2500.46295975, 
Chromsome [4]: (730.033333333)7.614296857, -38.5787713495, 72496.8075887, 10.5970923893, 959.017721657, 
<------------ GEN 99--------------->
Chromsome [0]: (804.666666667)-61.4074440573, 20.7322765955, 169149.350044, 0.480547035354, 2567.93855576, 
Chromsome [1]: (743.1)0.803504223155, -178.883431952, 123772.628691, 4.61195281595, 2021.97070222, 
Chromsome [2]: (723.833333333)0.803504223155, 1.54198795617, 140647.057012, 24.5009318711, 1865.14835325, 
Chromsome [3]: (723.833333333)0.803504223155, -2.35279791429, 129703.473838, 13.9416555714, 989.623103768, 
Chromsome [4]: (718.2)0.110175926259, -83.1587441152, 90769.1466316, 10.5970923893, 959.017721657, 
<------------ GEN 100--------------->
Chromsome [0]: (788.466666667)-61.4074440573, 20.7322765955, 169149.350044, 0.480547035354, 2567.93855576, 
Chromsome [1]: (729.133333333)0.110175926259, 12.7225708662, 28450.7843875, 53.6364881502, 520.447934396, 
Chromsome [2]: (717.733333333)0.803504223155, 1.54198795617, 140647.057012, 24.5009318711, 1865.14835325, 
Chromsome [3]: (717.733333333)0.803504223155, -2.35279791429, 129703.473838, 13.9416555714, 3984.4756563, 
Chromsome [4]: (713.566666667)0.803504223155, 84.9885797636, 123772.628691, 5.75518530609, 1605.72734042, 
