<------------ GEN 1--------------->
Chromsome [0]: (807.633333333)1.35386604462, -58.8688196016, 10127.5446391, 23.6124522374, 1048.88350043, 
Chromsome [1]: (798.933333333)9.12135183675, -31.1562969516, 75527.6694916, 17.902467799, 1942.6830649, 
Chromsome [2]: (792.333333333)3.5837212249, -59.6363549122, 100811.638952, 8.72467651493, 933.829586365, 
Chromsome [3]: (792.133333333)3.78757538867, -21.5766485373, 110079.344253, 11.1779860727, 1766.62391025, 
Chromsome [4]: (774.833333333)15.6272431312, 23.2431423738, 68142.8611628, 20.8429992173, 2038.52525938, 
<------------ GEN 2--------------->
Chromsome [0]: (818.866666667)1.35386604462, -58.8688196016, 10127.5446391, 23.6124522374, 1048.88350043, 
Chromsome [1]: (818.8)1.35386604462, 67.6704034254, 169057.01419, 15.0561787299, 1920.80409611, 
Chromsome [2]: (790.3)9.12135183675, -31.1562969516, 75527.6694916, 17.902467799, 2289.3169238, 
Chromsome [3]: (790.3)9.12135183675, -31.1562969516, 75527.6694916, 17.902467799, 1942.6830649, 
Chromsome [4]: (777.1)3.5837212249, -59.6363549122, 158999.338549, 8.72467651493, 933.829586365, 
<------------ GEN 3--------------->
Chromsome [0]: (809.466666667)-22.2310104536, 47.3204729408, 57678.7681426, 1.74760508932, 1555.45656213, 
Chromsome [1]: (789.733333333)1.35386604462, -58.8688196016, 10127.5446391, 23.6124522374, 1856.50663634, 
Chromsome [2]: (789.733333333)1.35386604462, -58.8688196016, 10127.5446391, 23.6124522374, 1048.88350043, 
Chromsome [3]: (789.566666667)1.35386604462, 59.484260406, 169057.01419, 25.2250423767, 1381.58168937, 
Chromsome [4]: (740.133333333)9.12135183675, -31.1562969516, 75527.6694916, 17.6723833742, 2508.93706878, 
<------------ GEN 4--------------->
Chromsome [0]: (822.4)-22.2310104536, 47.3204729408, 57678.7681426, 1.74760508932, 1555.45656213, 
Chromsome [1]: (800.1)1.35386604462, -0.596277087089, 114084.486595, 13.3306138441, 2143.05185397, 
Chromsome [2]: (800.033333333)1.35386604462, 1.43456454836, 59794.3810267, 0.0147426486796, 2927.97621634, 
Chromsome [3]: (797.366666667)1.35386604462, -58.8688196016, 10127.5446391, 23.6124522374, 1856.50663634, 
Chromsome [4]: (797.133333333)1.35386604462, 54.9760091997, 10127.5446391, 20.8429992173, 1493.99190765, 
<------------ GEN 5--------------->
Chromsome [0]: (809.3)-22.2310104536, 47.3204729408, 57678.7681426, 1.74760508932, 1555.45656213, 
Chromsome [1]: (794.766666667)1.35386604462, 1.43456454836, 15273.775334, 1.84998095482, 2143.06282016, 
Chromsome [2]: (790.633333333)1.35386604462, -0.596277087089, 114084.486595, 35.8430825376, 3704.59573916, 
Chromsome [3]: (789.2)1.35386604462, -88.2613673851, 10127.5446391, 19.9386721112, 1766.62391025, 
Chromsome [4]: (788.4)1.35386604462, -50.8080271848, 10127.5446391, 23.6124522374, 1856.50663634, 
<------------ GEN 6--------------->
Chromsome [0]: (811.1)-32.2581972813, -72.9232499226, 48441.1675379, 24.5303275786, 1834.61427466, 
Chromsome [1]: (811.1)-22.2310104536, 47.3204729408, 57678.7681426, 1.74760508932, 1555.45656213, 
Chromsome [2]: (774.266666667)1.35386604462, -37.0189227281, 5925.95137858, 19.1743768706, 1241.39974293, 
Chromsome [3]: (773.233333333)1.35386604462, -50.8080271848, 10127.5446391, 21.9699195862, 2143.06282016, 
Chromsome [4]: (771.9)1.35386604462, -0.596277087089, 114084.486595, 14.6474730444, 2295.40426084, 
<------------ GEN 7--------------->
Chromsome [0]: (794.933333333)-9.1185939472, -21.5766485373, 47533.2476981, 19.9386721112, 1896.84794084, 
Chromsome [1]: (794.933333333)-32.2581972813, -72.9232499226, 48441.1675379, 24.5303275786, 1834.61427466, 
Chromsome [2]: (759.8)1.35386604462, -0.596277087089, -39025.3370114, 13.3306138441, 1818.80097218, 
Chromsome [3]: (748.633333333)1.31845293726, -31.1562969516, 75527.6694916, 17.902467799, -965.684338399, 
Chromsome [4]: (744.166666667)1.35386604462, -37.0189227281, 156058.882468, 9.95577065877, 2654.11059263, 
<------------ GEN 8--------------->
Chromsome [0]: (802.666666667)-42.849464133, -88.2613673851, 124245.246073, 25.5178672582, 1818.86851553, 
Chromsome [1]: (802.666666667)-9.1185939472, -21.5766485373, 47533.2476981, 19.9386721112, 1896.84794084, 
Chromsome [2]: (760.8)1.35386604462, -0.596277087089, 39025.3370114, 13.3306138441, 1818.80097218, 
Chromsome [3]: (757.1)1.35386604462, -0.596277087089, 215681.517349, 26.4644710695, 1354.36172111, 
Chromsome [4]: (755.666666667)1.31845293726, -21.7712390772, 113185.387482, 12.9149106709, 2443.02621015, 
<------------ GEN 9--------------->
Chromsome [0]: (828.0)-42.849464133, -88.2613673851, 124245.246073, 25.5178672582, 1818.86851553, 
Chromsome [1]: (789.6)1.35386604462, -0.596277087089, 144318.482651, 27.4949571456, 1354.36172111, 
Chromsome [2]: (784.766666667)1.31845293726, -21.7712390772, 151246.687911, 12.9149106709, 1942.6830649, 
Chromsome [3]: (777.666666667)1.35386604462, -67.8927686674, 39025.3370114, 13.3306138441, 1818.80097218, 
Chromsome [4]: (772.8)1.35386604462, -47.5090451913, 75527.6694916, 17.6723833742, 607.066430369, 
<------------ GEN 10--------------->
Chromsome [0]: (812.866666667)-42.849464133, -88.2613673851, 124245.246073, 25.5178672582, 1818.86851553, 
Chromsome [1]: (774.766666667)1.35386604462, -0.596277087089, 144318.482651, 7.26393228032, 961.456751519, 
Chromsome [2]: (774.366666667)1.35386604462, 16.2282151091, 75527.6694916, 24.001999141, 2667.29730143, 
Chromsome [3]: (766.733333333)1.35386604462, -67.8927686674, 39025.3370114, 13.3306138441, 1818.80097218, 
Chromsome [4]: (761.966666667)1.31845293726, 54.4380441196, 151246.687911, 12.9149106709, 1942.6830649, 
<------------ GEN 11--------------->
Chromsome [0]: (799.2)-42.849464133, -88.2613673851, 124245.246073, 25.5178672582, 1818.86851553, 
Chromsome [1]: (753.066666667)1.35386604462, 16.2282151091, 166912.041852, 19.9386721112, 1489.37637504, 
Chromsome [2]: (753.0)1.35386604462, -0.596277087089, -76688.571556, 15.400412334, 2927.97621634, 
Chromsome [3]: (749.9)1.35386604462, -67.8927686674, 39025.3370114, 3.39128757393, 1818.80097218, 
Chromsome [4]: (742.2)1.31845293726, 54.4380441196, 151246.687911, 12.9149106709, 1942.6830649, 
<------------ GEN 12--------------->
Chromsome [0]: (805.966666667)-0.0521528582087, -31.1562969516, 75527.6694916, 14.3043864941, 1241.39974293, 
Chromsome [1]: (805.966666667)-42.849464133, -88.2613673851, 124245.246073, 25.5178672582, 1818.86851553, 
Chromsome [2]: (778.0)1.35386604462, -0.596277087089, 76688.571556, 12.0159499953, 2927.97621634, 
Chromsome [3]: (777.633333333)1.35386604462, 7.04933685592, 134233.623956, 19.9386721112, 1896.84794084, 
Chromsome [4]: (777.6)1.35386604462, 16.2282151091, 166912.041852, 19.9386721112, 1489.37637504, 
<------------ GEN 13--------------->
Chromsome [0]: (793.2)-0.0521528582087, -31.1562969516, 75527.6694916, 14.3043864941, 1241.39974293, 
Chromsome [1]: (762.733333333)0.252152858209, -31.1562969516, 75527.6694916, 14.3043864941, 1241.39974293, 
Chromsome [2]: (756.033333333)1.35386604462, -0.596277087089, 76688.571556, 10.7633814327, 2927.97621634, 
Chromsome [3]: (755.533333333)1.35386604462, 7.04933685592, 134233.623956, 24.2194250478, 1896.84794084, 
Chromsome [4]: (755.466666667)1.35386604462, 16.2282151091, 158999.338549, 9.25660087889, 2073.1120952, 
<------------ GEN 14--------------->
Chromsome [0]: (829.2)-55.9952561791, 67.8150428588, 144318.482651, 5.06833008733, 207.871578912, 
Chromsome [1]: (829.2)-0.0521528582087, -31.1562969516, 75527.6694916, 14.3043864941, 1241.39974293, 
Chromsome [2]: (810.733333333)0.252152858209, -31.1562969516, 75527.6694916, 14.3043864941, 2927.97621634, 
Chromsome [3]: (810.733333333)0.252152858209, -31.1562969516, 75527.6694916, 14.3043864941, 1241.39974293, 
Chromsome [4]: (797.0)1.35386604462, -0.596277087089, 85111.1140093, 10.7633814327, 1241.39974293, 
<------------ GEN 15--------------->
Chromsome [0]: (821.666666667)-55.9952561791, 67.8150428588, 144318.482651, 5.06833008733, 207.871578912, 
Chromsome [1]: (800.3)0.252152858209, -31.1562969516, 75527.6694916, 4.99702818241, 1964.58229456, 
Chromsome [2]: (800.3)0.252152858209, -31.1562969516, 75527.6694916, 14.3043864941, 691.343146901, 
Chromsome [3]: (800.3)0.252152858209, -31.1562969516, 75527.6694916, 16.7396424416, -1790.34045166, 
Chromsome [4]: (793.0)1.35386604462, -0.596277087089, 85111.1140093, 24.2518363755, 3977.71779125, 
<------------ GEN 16--------------->
Chromsome [0]: (810.4)-55.9952561791, 67.8150428588, 144318.482651, 5.06833008733, 207.871578912, 
Chromsome [1]: (798.933333333)0.252152858209, 3.25149014071, -186832.517607, 24.2194250478, 1896.84794084, 
Chromsome [2]: (798.8)0.252152858209, -31.1562969516, 118750.366713, 12.1058495746, 2098.58162768, 
Chromsome [3]: (798.8)0.252152858209, -31.1562969516, 75527.6694916, 16.7396424416, 2790.34045166, 
Chromsome [4]: (791.566666667)1.35386604462, 86.4204697278, 166912.041852, 16.0304322553, 1241.39974293, 
<------------ GEN 17--------------->
Chromsome [0]: (837.833333333)-1.6115508239, -31.1562969516, 33259.028978, 14.4700855014, 554.441254234, 
Chromsome [1]: (837.833333333)-55.9952561791, 67.8150428588, 144318.482651, 5.06833008733, 207.871578912, 
Chromsome [2]: (832.033333333)0.252152858209, -31.1562969516, 118750.366713, 12.1058495746, 1896.84794084, 
Chromsome [3]: (832.033333333)0.252152858209, 18.4340674121, 108558.833924, 5.06833008733, 792.128421088, 
Chromsome [4]: (832.033333333)0.252152858209, -31.1562969516, 118750.366713, 8.82660990884, 2098.58162768, 
<------------ GEN 18--------------->
Chromsome [0]: (845.1)-1.6115508239, -31.1562969516, 33259.028978, 14.4700855014, 554.441254234, 
Chromsome [1]: (842.2)0.252152858209, 88.2777883453, 58641.1317129, 5.76525089203, 1241.39974293, 
Chromsome [2]: (842.2)0.252152858209, -31.1562969516, 118750.366713, 12.1058495746, 2415.84226963, 
Chromsome [3]: (842.2)0.252152858209, -69.2138414897, 108558.833924, 6.03513203191, 2975.43389621, 
Chromsome [4]: (842.2)0.252152858209, -31.1562969516, 118750.366713, 5.06833008733, 792.128421088, 
<------------ GEN 19--------------->
Chromsome [0]: (823.5)-24.2676321067, 67.8150428588, 144318.482651, 5.06833008733, 904.899083682, 
Chromsome [1]: (823.5)-1.6115508239, -31.1562969516, 33259.028978, 14.4700855014, 554.441254234, 
Chromsome [2]: (807.2)0.252152858209, -37.0001063861, 144318.482651, 0.999599618682, 2032.06806514, 
Chromsome [3]: (807.2)0.252152858209, -69.2138414897, 35623.3227948, 14.3154854961, 2581.47044082, 
Chromsome [4]: (807.2)0.252152858209, -31.1562969516, 123711.472827, 5.06833008733, 792.128421088, 
<------------ GEN 20--------------->
Chromsome [0]: (857.366666667)-24.2676321067, 67.8150428588, 144318.482651, 5.06833008733, 904.899083682, 
Chromsome [1]: (833.466666667)0.252152858209, -31.1562969516, 151028.362803, 5.06833008733, 792.128421088, 
Chromsome [2]: (833.466666667)0.252152858209, -31.1562969516, 102107.446591, 12.1058495746, 2504.96577802, 
Chromsome [3]: (833.466666667)0.252152858209, 29.8526329645, 152405.730877, 10.4975938203, 1708.40266902, 
Chromsome [4]: (833.466666667)0.252152858209, -69.2138414897, 35623.3227948, 14.3154854961, 2581.47044082, 
<------------ GEN 21--------------->
Chromsome [0]: (843.466666667)-24.2676321067, 67.8150428588, 144318.482651, 5.06833008733, 904.899083682, 
Chromsome [1]: (833.9)0.252152858209, 71.3181449627, 118750.366713, 12.1058495746, 2748.56599263, 
Chromsome [2]: (830.766666667)0.252152858209, -31.1562969516, 151028.362803, 5.06833008733, 1241.39974293, 
Chromsome [3]: (830.766666667)0.252152858209, -31.1562969516, 102107.446591, 13.4825760956, 2022.28220875, 
Chromsome [4]: (830.766666667)0.252152858209, -31.1562969516, 151862.224011, 14.4700855014, 902.345265009, 
<------------ GEN 22--------------->
Chromsome [0]: (850.7)-24.2676321067, 67.8150428588, 144318.482651, 5.06833008733, 904.899083682, 
Chromsome [1]: (837.3)0.252152858209, -31.1562969516, 151028.362803, 5.06833008733, 2586.68436182, 
Chromsome [2]: (837.3)0.252152858209, -31.1562969516, 102107.446591, 13.4825760956, 2022.28220875, 
Chromsome [3]: (837.3)0.252152858209, -31.1562969516, 56314.178274, 13.4825760956, 3058.62429153, 
Chromsome [4]: (837.3)0.252152858209, 71.3181449627, 118750.366713, 5.06833008733, 705.896042305, 
<------------ GEN 23--------------->
Chromsome [0]: (832.433333333)-24.2676321067, 67.8150428588, 144318.482651, 5.06833008733, 904.899083682, 
Chromsome [1]: (803.533333333)0.252152858209, 71.3181449627, -65532.3459026, 0.736725650095, 705.896042305, 
Chromsome [2]: (791.533333333)0.252152858209, 63.9130006212, 5885.91909993, 14.4700855014, 902.345265009, 
Chromsome [3]: (790.633333333)0.252152858209, 70.8050360105, 102107.446591, 25.202392045, 2504.96577802, 
Chromsome [4]: (788.9)0.252152858209, -31.1562969516, 75527.6694916, 8.28316832568, 2790.34045166, 
<------------ GEN 24--------------->
Chromsome [0]: (832.0)-55.0574913574, -24.0434707821, 101633.617323, 20.4914554384, 546.611473416, 
Chromsome [1]: (832.0)-24.2676321067, 67.8150428588, 144318.482651, 5.06833008733, 904.899083682, 
Chromsome [2]: (820.633333333)0.252152858209, 56.5770917671, 75527.6694916, 8.28316832568, 2790.34045166, 
Chromsome [3]: (819.0)0.252152858209, 63.9130006212, 151088.663566, 14.1013342031, 1037.94986331, 
Chromsome [4]: (818.066666667)0.252152858209, 70.8050360105, 102107.446591, 0.999599618682, 609.978851828, 
<------------ GEN 25--------------->
Chromsome [0]: (831.066666667)-55.0574913574, -24.0434707821, 101633.617323, 20.4914554384, 546.611473416, 
Chromsome [1]: (798.7)0.252152858209, 9.48055239362, 167887.38014, 13.9947855144, 807.883338257, 
Chromsome [2]: (798.7)0.252152858209, 56.5770917671, 75527.6694916, 8.28316832568, 2790.34045166, 
Chromsome [3]: (798.7)0.252152858209, 56.5770917671, 144318.482651, 5.06833008733, 1570.61420988, 
Chromsome [4]: (796.133333333)0.252152858209, 70.8050360105, 212823.068259, 0.999599618682, 609.978851828, 
<------------ GEN 26--------------->
Chromsome [0]: (844.333333333)-55.0574913574, -24.0434707821, 101633.617323, 20.4914554384, 546.611473416, 
Chromsome [1]: (835.333333333)0.252152858209, -196.450730798, 101633.617323, 2.34957587056, 546.611473416, 
Chromsome [2]: (831.9)0.252152858209, 56.5770917671, 75527.6694916, 23.4339350426, 792.943171284, 
Chromsome [3]: (831.733333333)0.252152858209, 71.3181449627, 102107.446591, 1.54308261089, 2022.28220875, 
Chromsome [4]: (831.733333333)0.252152858209, 56.5770917671, 144318.482651, 5.06833008733, 1570.61420988, 
<------------ GEN 27--------------->
Chromsome [0]: (851.0)-55.0574913574, -24.0434707821, 101633.617323, 20.4914554384, 546.611473416, 
Chromsome [1]: (842.2)0.252152858209, -104.633451341, 138507.991188, 1.54308261089, 2022.28220875, 
Chromsome [2]: (840.7)0.252152858209, 56.5770917671, 144318.482651, 5.06833008733, 1962.79389413, 
Chromsome [3]: (838.4)0.252152858209, -0.323463220017, 161838.586641, 10.9534140955, 913.48320932, 
Chromsome [4]: (838.366666667)0.252152858209, 16.5696949844, 102107.446591, 4.10180047664, 755.796373739, 
<------------ GEN 28--------------->
Chromsome [0]: (809.4)-55.0574913574, -24.0434707821, 101633.617323, 20.4914554384, 546.611473416, 
Chromsome [1]: (794.433333333)0.849934228109, -49.2956626896, 21950.3528798, 1.54308261089, 2022.28220875, 
Chromsome [2]: (793.3)0.252152858209, -0.323463220017, 161838.586641, 5.06833008733, 1906.55674084, 
Chromsome [3]: (793.1)0.252152858209, 16.5696949844, 102107.446591, 4.10180047664, 755.796373739, 
Chromsome [4]: (787.1)0.849934228109, 52.2653888165, 147176.931741, 24.0319888854, 515.544991731, 
<------------ GEN 29--------------->
Chromsome [0]: (820.433333333)-55.0574913574, -24.0434707821, 101633.617323, 20.4914554384, 546.611473416, 
Chromsome [1]: (818.833333333)1.35386604462, -49.2956626896, 21950.3528798, 1.54308261089, 2022.28220875, 
Chromsome [2]: (808.733333333)0.849934228109, 52.2653888165, 92321.6968241, 24.0319888854, 515.544991731, 
Chromsome [3]: (805.5)1.35386604462, 84.8280283448, 93617.8456875, 17.7165970432, 2932.25251803, 
Chromsome [4]: (804.633333333)0.849934228109, -0.596277087089, 127381.293803, 27.9470614634, 1513.11093699, 
<------------ GEN 30--------------->
Chromsome [0]: (815.833333333)-2.54395017407, -57.1282530044, 130585.981669, 25.2897461558, 2941.37570847, 
Chromsome [1]: (815.833333333)-55.0574913574, -24.0434707821, 101633.617323, 20.4914554384, 546.611473416, 
Chromsome [2]: (793.533333333)0.849934228109, 52.2653888165, 145318.098489, 1.54308261089, 1344.60593209, 
Chromsome [3]: (793.533333333)0.849934228109, 56.5786045526, 118750.366713, 27.5038938827, 2390.52759371, 
Chromsome [4]: (793.433333333)1.35386604462, 66.8036771912, 179787.087234, 12.1949306767, 1566.18829262, 
<------------ GEN 31--------------->
Chromsome [0]: (811.5)-2.54395017407, -57.1282530044, 130585.981669, 25.2897461558, 2941.37570847, 
Chromsome [1]: (795.133333333)0.849934228109, 145.042289608, 78831.8910588, 1.54308261089, 1344.60593209, 
Chromsome [2]: (789.8)0.849934228109, 56.5786045526, 105164.208605, 17.7165970432, 2932.25251803, 
Chromsome [3]: (789.6)1.35386604462, 48.8775505384, 77833.8909645, 27.5302121246, 755.796373739, 
Chromsome [4]: (788.0)1.35386604462, 84.8280283448, 93617.8456875, 5.06833008733, 2428.15829805, 
<------------ GEN 32--------------->
Chromsome [0]: (820.3)-2.54395017407, -57.1282530044, 130585.981669, 25.2897461558, 2941.37570847, 
Chromsome [1]: (805.333333333)1.35386604462, -536.135564918, 93617.8456875, 5.06833008733, 2428.15829805, 
Chromsome [2]: (804.933333333)1.35386604462, 84.8280283448, 35105.1540507, 7.01747836177, 2043.8073526, 
Chromsome [3]: (804.933333333)1.35386604462, 84.8280283448, 93617.8456875, 27.0706921801, 546.611473416, 
Chromsome [4]: (800.233333333)0.849934228109, 34.9577103918, 78831.8910588, 1.54308261089, 1959.108407, 
<------------ GEN 33--------------->
Chromsome [0]: (813.866666667)-2.54395017407, -57.1282530044, 130585.981669, 25.2897461558, 2941.37570847, 
Chromsome [1]: (801.733333333)0.849934228109, 34.9577103918, 78831.8910588, 1.54308261089, 1959.108407, 
Chromsome [2]: (801.666666667)1.35386604462, 5.89995227402, 93617.8456875, 27.0706921801, 546.611473416, 
Chromsome [3]: (801.666666667)1.59602778622, 84.3482999245, -94.6655544529, 1.35475976638, 814.812944107, 
Chromsome [4]: (801.6)1.35386604462, 34.5054839617, 132409.007182, 5.42295313888, 537.230687643, 
<------------ GEN 34--------------->
Chromsome [0]: (823.4)-2.54395017407, -57.1282530044, 130585.981669, 25.2897461558, 2941.37570847, 
Chromsome [1]: (813.733333333)2.25417810143, -49.2956626896, -176733.293457, 17.7165970432, 2932.25251803, 
Chromsome [2]: (809.933333333)0.849934228109, 34.9577103918, 5568.63854118, 20.4914554384, 1500.18061689, 
Chromsome [3]: (809.9)0.849934228109, 84.8280283448, 40687.4500909, 20.4914554384, 546.611473416, 
Chromsome [4]: (809.9)0.849934228109, 56.5786045526, 94616.1090655, 14.4030377131, 2208.12063058, 
<------------ GEN 35--------------->
Chromsome [0]: (805.566666667)-2.54395017407, -57.1282530044, 130585.981669, 25.2897461558, 2941.37570847, 
Chromsome [1]: (772.633333333)2.74395017407, 58.9142007935, 47273.9175852, 6.04896123894, 1568.66578097, 
Chromsome [2]: (772.2)1.35386604462, 66.8036771912, 33548.6157761, 2.67268118221, 814.812944107, 
Chromsome [3]: (772.066666667)2.74395017407, -57.1282530044, 37896.4311115, 25.2897461558, 2941.37570847, 
Chromsome [4]: (771.966666667)3.50317089532, -0.596277087089, 77991.6284738, 5.67125257871, 807.883338257, 
<------------ GEN 36--------------->
Chromsome [0]: (853.7)-2.54395017407, -57.1282530044, 130585.981669, 25.2897461558, 2941.37570847, 
Chromsome [1]: (837.3)2.74395017407, -57.1282530044, -66268.4696413, 18.8125716047, 1941.73202842, 
Chromsome [2]: (834.6)2.74395017407, -57.1282530044, 37896.4311115, 25.2897461558, 2941.37570847, 
Chromsome [3]: (833.7)3.50317089532, -0.596277087089, 77991.6284738, 5.67125257871, 2850.75213961, 
Chromsome [4]: (833.666666667)1.35386604462, 22.8574320751, 168649.750947, -2.88150604848, 1513.11093699, 
<------------ GEN 37--------------->
Chromsome [0]: (830.066666667)-2.54395017407, -57.1282530044, 130585.981669, 25.2897461558, 2941.37570847, 
Chromsome [1]: (818.0)1.59602778622, -0.596277087089, 66270.8248378, 25.2897461558, 2403.4555797, 
Chromsome [2]: (817.8)1.59602778622, 2.48718056159, 33548.6157761, 2.67268118221, 814.812944107, 
Chromsome [3]: (817.666666667)1.35386604462, 22.8574320751, 190152.867124, 2.88150604848, 1513.11093699, 
Chromsome [4]: (816.933333333)1.35386604462, -56.1928907727, 33548.6157761, 2.94071326415, 2572.36772787, 
<------------ GEN 38--------------->
Chromsome [0]: (836.733333333)-2.54395017407, -57.1282530044, 130585.981669, 25.2897461558, 2941.37570847, 
Chromsome [1]: (827.533333333)0.849934228109, -0.596277087089, 66270.8248378, 25.2897461558, 2403.4555797, 
Chromsome [2]: (827.433333333)1.59602778622, -3.86443508182, 84572.3687797, 20.9543026899, 2428.15829805, 
Chromsome [3]: (827.333333333)1.35386604462, 22.8574320751, 179691.741386, 27.464857376, 2941.37570847, 
Chromsome [4]: (827.333333333)1.35386604462, 11.1002068133, 43017.761708, 14.4030377131, 2781.87599127, 
<------------ GEN 39--------------->
Chromsome [0]: (830.7)-2.54395017407, -57.1282530044, 130585.981669, 25.2897461558, 2941.37570847, 
Chromsome [1]: (829.3)1.59602778622, -200.388696583, 171390.599301, 20.9543026899, 2428.15829805, 
Chromsome [2]: (821.5)2.74395017407, 191.897867563, 35389.3296493, 25.2897461558, -797.01019604, 
Chromsome [3]: (820.933333333)2.74395017407, -133.932812201, 130585.981669, 20.9543026899, 2428.15829805, 
Chromsome [4]: (815.033333333)1.59602778622, -250.051956557, 175453.141184, 28.7595028369, 1225.55194222, 
<------------ GEN 40--------------->
Chromsome [0]: (850.333333333)-2.54395017407, -57.1282530044, 130585.981669, 25.2897461558, 2941.37570847, 
Chromsome [1]: (847.4)0.849934228109, 21.9052130494, 105428.301887, 0.515938894244, 2685.36356365, 
Chromsome [2]: (847.4)0.849934228109, 88.3022601871, 75517.1352894, 25.7141637612, 2792.89865727, 
Chromsome [3]: (847.4)0.849934228109, 44.6488175831, 75517.1352894, 22.815326315, 1748.78919521, 
Chromsome [4]: (847.4)0.849934228109, 80.6986231169, 130585.981669, 27.464857376, 2941.37570847, 
<------------ GEN 41--------------->
Chromsome [0]: (847.3)-2.54395017407, -57.1282530044, 130585.981669, 25.2897461558, 2941.37570847, 
Chromsome [1]: (844.366666667)0.849934228109, 62.8702497107, 75517.1352894, 22.815326315, 1748.78919521, 
Chromsome [2]: (844.366666667)0.849934228109, -39.3692098387, 19923.4500062, 14.4030377131, 996.474447164, 
Chromsome [3]: (844.366666667)0.849934228109, 76.4499068083, 45685.0917681, 25.7141637612, 2792.89865727, 
Chromsome [4]: (844.366666667)0.849934228109, -17.815509317, 97331.1567147, 2.53416436352, 2539.15770356, 
<------------ GEN 42--------------->
Chromsome [0]: (856.0)-2.54395017407, -57.1282530044, 130585.981669, 25.2897461558, 2941.37570847, 
Chromsome [1]: (853.066666667)0.849934228109, 76.4499068083, 45685.0917681, 25.7141637612, 1619.63457473, 
Chromsome [2]: (853.066666667)0.849934228109, -17.815509317, 97331.1567147, 2.53416436352, 2792.89865727, 
Chromsome [3]: (853.066666667)0.849934228109, 21.9052130494, 105428.301887, 25.2897461558, 1664.0977413, 
Chromsome [4]: (853.066666667)0.849934228109, 62.8702497107, 75517.1352894, 22.815326315, 1748.78919521, 
<------------ GEN 43--------------->
Chromsome [0]: (840.7)-2.54395017407, -57.1282530044, 130585.981669, 25.2897461558, 2941.37570847, 
Chromsome [1]: (836.066666667)1.59602778622, 70.0519565575, 14905.4730495, 0.755482975157, 2841.61257996, 
Chromsome [2]: (820.3)0.849934228109, 85.0683963344, 19923.4500062, 14.4030377131, 1547.25042803, 
Chromsome [3]: (817.3)0.849934228109, -17.815509317, 97331.1567147, 13.0479638438, 1988.70289685, 
Chromsome [4]: (817.1)0.387793898696, 22.4691172942, 156136.738281, 26.6607284383, 2792.89865727, 
<------------ GEN 44--------------->
Chromsome [0]: (845.5)-2.54395017407, -57.1282530044, 130585.981669, 25.2897461558, 2941.37570847, 
Chromsome [1]: (836.1)0.849934228109, 21.9052130494, 105428.301887, 22.815326315, 1748.78919521, 
Chromsome [2]: (834.966666667)0.849934228109, 85.0683963344, 19923.4500062, 33.6909434706, 577.076917445, 
Chromsome [3]: (832.3)0.387793898696, 63.8326803358, 156136.738281, 26.6607284383, 1389.54723431, 
Chromsome [4]: (829.933333333)2.25417810143, 48.0500537623, 19285.2270032, 4.39970979973, 1568.66578097, 
<------------ GEN 45--------------->
Chromsome [0]: (831.166666667)-2.54395017407, -57.1282530044, 130585.981669, 25.2897461558, 2941.37570847, 
Chromsome [1]: (814.766666667)2.74395017407, 85.0683963344, 19923.4500062, 26.3090565294, 4241.69931409, 
Chromsome [2]: (814.766666667)2.74395017407, 71.0001570935, 177886.764761, 15.5286417033, 796.454768046, 
Chromsome [3]: (814.466666667)3.50317089532, -57.1282530044, 106143.279375, 29.7948332124, 1990.48691266, 
Chromsome [4]: (807.2)0.387793898696, 63.8326803358, 156136.738281, 26.6607284383, 1389.54723431, 
<------------ GEN 46--------------->
Chromsome [0]: (835.733333333)-2.54395017407, -57.1282530044, 130585.981669, 25.2897461558, 2941.37570847, 
Chromsome [1]: (832.833333333)0.387793898696, -34.3113574171, 156136.738281, 15.5286417033, 796.454768046, 
Chromsome [2]: (832.8)0.849934228109, 21.9052130494, 105428.301887, 19.8315036863, 1917.3380204, 
Chromsome [3]: (832.733333333)1.35386604462, -35.6277114622, 12280.7280348, 22.815326315, 2193.63816103, 
Chromsome [4]: (832.633333333)1.59602778622, 48.0500537623, 19285.2270032, 4.39970979973, 4457.02009969, 
<------------ GEN 47--------------->
Chromsome [0]: (820.933333333)-2.54395017407, -57.1282530044, 130585.981669, 25.2897461558, 2941.37570847, 
Chromsome [1]: (803.8)2.74395017407, -128.537363833, 130585.981669, 25.2897461558, 2941.37570847, 
Chromsome [2]: (798.4)2.25417810143, -152.417886561, -118138.054221, 26.3941038256, 1276.79482572, 
Chromsome [3]: (796.966666667)0.387793898696, -34.3113574171, 156136.738281, 15.5286417033, 796.454768046, 
Chromsome [4]: (796.8)0.849934228109, 21.9052130494, 105428.301887, 0.353805719503, 1917.3380204, 
<------------ GEN 48--------------->
Chromsome [0]: (818.166666667)-17.1058933029, -43.9889669423, 69263.5519426, 13.0479638438, 1315.82513887, 
Chromsome [1]: (818.166666667)-3.51920394611, -34.3113574171, 156136.738281, 15.5286417033, 796.454768046, 
Chromsome [2]: (818.166666667)-2.54395017407, -57.1282530044, 130585.981669, 25.2897461558, 2941.37570847, 
Chromsome [3]: (812.366666667)0.387793898696, 49.7377495386, 134152.006592, 6.73283620018, 4488.81155858, 
Chromsome [4]: (812.3)0.849934228109, 21.9052130494, 105428.301887, 0.353805719503, 1917.3380204, 
<------------ GEN 49--------------->
Chromsome [0]: (819.7)-36.2459909945, -57.1282530044, 24207.5142032, 28.6528369614, 2942.18024958, 
Chromsome [1]: (819.7)-17.1058933029, -43.9889669423, 69263.5519426, 13.0479638438, 1315.82513887, 
Chromsome [2]: (796.833333333)0.849934228109, 21.9052130494, -18946.4065461, 0.353805719503, 1917.3380204, 
Chromsome [3]: (791.433333333)0.849934228109, 48.0500537623, 19285.2270032, 8.53555094419, 2193.63816103, 
Chromsome [4]: (760.433333333)2.25417810143, 21.9052130494, 241822.511035, 11.6739438989, 1664.0977413, 
<------------ GEN 50--------------->
Chromsome [0]: (824.366666667)-36.2459909945, -57.1282530044, 24207.5142032, 28.6528369614, 2942.18024958, 
Chromsome [1]: (822.866666667)0.849934228109, 21.9052130494, 18946.4065461, 0.353805719503, 1917.3380204, 
Chromsome [2]: (806.1)2.74395017407, -57.1282530044, 24207.5142032, 25.2897461558, 2193.63816103, 
Chromsome [3]: (805.9)2.74395017407, -57.1282530044, 45685.0917681, 4.49618003333, 1542.97990031, 
Chromsome [4]: (804.366666667)2.74395017407, 0.687604496879, 11934.2387301, 8.60529403122, 2004.61613885, 
<------------ GEN 51--------------->
Chromsome [0]: (842.033333333)0.849934228109, 21.9052130494, 18946.4065461, 0.353805719503, 1917.3380204, 
Chromsome [1]: (842.033333333)-56.8584896206, 49.7377495386, 134152.006592, 8.38477615606, 554.134889184, 
Chromsome [2]: (842.033333333)-36.2459909945, -57.1282530044, 24207.5142032, 28.6528369614, 2942.18024958, 
Chromsome [3]: (839.133333333)2.74395017407, 0.687604496879, 11934.2387301, 9.23250008527, 746.57437116, 
Chromsome [4]: (839.1)0.849934228109, 21.9052130494, 171689.083448, 0.353805719503, 1917.3380204, 
<------------ GEN 52--------------->
Chromsome [0]: (815.633333333)0.849934228109, 21.9052130494, 18946.4065461, 0.353805719503, 1917.3380204, 
Chromsome [1]: (814.333333333)0.849934228109, 21.9052130494, 14610.0977358, 0.353805719503, 2941.37570847, 
Chromsome [2]: (812.766666667)1.54250723731, 0.687604496879, 11934.2387301, 9.23250008527, 746.57437116, 
Chromsome [3]: (812.7)0.849934228109, 21.9052130494, 115107.142999, 0.353805719503, 1014.47234592, 
Chromsome [4]: (812.533333333)1.59602778622, -27.9607807895, 77368.772273, 26.1649386087, 2941.37570847, 
<------------ GEN 53--------------->
Chromsome [0]: (804.433333333)0.849934228109, 21.9052130494, 18946.4065461, 0.353805719503, 1917.3380204, 
Chromsome [1]: (803.133333333)0.849934228109, 21.9052130494, 14610.0977358, 0.353805719503, 2941.37570847, 
Chromsome [2]: (802.166666667)0.849934228109, 64.1197688647, 18946.4065461, 0.353805719503, 1917.3380204, 
Chromsome [3]: (801.566666667)1.54250723731, 0.687604496879, 11934.2387301, 9.23250008527, 746.57437116, 
Chromsome [4]: (801.5)0.849934228109, 21.9052130494, 115107.142999, 27.5949034326, 1315.82513887, 
<------------ GEN 54--------------->
Chromsome [0]: (834.1)0.849934228109, 21.9052130494, 18946.4065461, 0.353805719503, 1917.3380204, 
Chromsome [1]: (831.233333333)1.54250723731, 0.687604496879, 11934.2387301, 9.23250008527, 746.57437116, 
Chromsome [2]: (831.166666667)0.849934228109, 64.1197688647, 18946.4065461, 11.2902157875, 1917.3380204, 
Chromsome [3]: (831.166666667)0.849934228109, 21.9052130494, 49459.1946093, 25.2897461558, 2941.37570847, 
Chromsome [4]: (831.166666667)0.849934228109, 21.9052130494, 99160.134741, 9.23469625576, 2941.37570847, 
<------------ GEN 55--------------->
Chromsome [0]: (823.9)0.849934228109, 21.9052130494, 18946.4065461, 0.353805719503, 1917.3380204, 
Chromsome [1]: (821.166666667)0.849934228109, 110.618765568, 18946.4065461, 0.353805719503, 1917.3380204, 
Chromsome [2]: (818.166666667)1.54250723731, 0.687604496879, 11934.2387301, 9.23250008527, 746.57437116, 
Chromsome [3]: (818.033333333)0.849934228109, 64.1197688647, 18946.4065461, 11.2902157875, 1917.3380204, 
Chromsome [4]: (818.033333333)0.849934228109, 64.1197688647, 130677.228116, 11.6147478577, 1014.47234592, 
<------------ GEN 56--------------->
Chromsome [0]: (844.066666667)0.849934228109, 69.3812344318, 18946.4065461, 0.353805719503, 1917.3380204, 
Chromsome [1]: (837.166666667)0.849934228109, 21.9052130494, 18946.4065461, 0.353805719503, 1917.3380204, 
Chromsome [2]: (816.1)0.849934228109, 21.9052130494, 127839.616725, 0.353805719503, 1917.3380204, 
Chromsome [3]: (816.1)0.849934228109, 21.9052130494, 162188.0496, 9.23469625576, 694.074972581, 
Chromsome [4]: (812.3)0.849934228109, 66.741928223, 71031.9217876, 25.2897461558, 2239.23256105, 
<------------ GEN 57--------------->
Chromsome [0]: (849.433333333)0.849934228109, 69.3812344318, 18946.4065461, 0.353805719503, 1315.82513887, 
Chromsome [1]: (849.433333333)0.849934228109, 69.3812344318, 18946.4065461, 0.353805719503, 1917.3380204, 
Chromsome [2]: (832.966666667)0.849934228109, 10.4345117225, 18946.4065461, 24.0273515602, 1917.3380204, 
Chromsome [3]: (829.7)0.849934228109, -1.430635841, 76705.2218601, 25.2897461558, 825.413596173, 
Chromsome [4]: (827.9)0.849934228109, 66.741928223, 71031.9217876, 23.8293834098, 825.413596173, 
<------------ GEN 58--------------->
Chromsome [0]: (825.6)0.849934228109, 69.3812344318, 18946.4065461, 0.353805719503, 1315.82513887, 
Chromsome [1]: (817.066666667)0.849934228109, -9.31388723557, 18946.4065461, 0.353805719503, 1397.44001856, 
Chromsome [2]: (816.766666667)0.849934228109, 21.9052130494, 18946.4065461, 0.353805719503, 1917.3380204, 
Chromsome [3]: (800.166666667)0.849934228109, 10.4345117225, 18946.4065461, 25.2897461558, 825.413596173, 
Chromsome [4]: (795.6)0.849934228109, -1.430635841, 76705.2218601, 21.0159813016, 1917.3380204, 
<------------ GEN 59--------------->
Chromsome [0]: (815.233333333)0.849934228109, 69.3812344318, 18946.4065461, 0.353805719503, 1315.82513887, 
Chromsome [1]: (806.933333333)0.849934228109, -9.31388723557, 18946.4065461, 0.353805719503, 1397.44001856, 
Chromsome [2]: (795.066666667)0.849934228109, 25.5581445623, 158973.702399, 25.2897461558, 2085.01800085, 
Chromsome [3]: (793.8)0.849934228109, 10.4345117225, 71031.9217876, 23.8293834098, 4527.62564508, 
Chromsome [4]: (792.2)0.849934228109, -1.430635841, 94555.4582868, 11.4793784698, 1461.44670668, 
<------------ GEN 60--------------->
Chromsome [0]: (808.333333333)0.849934228109, 69.3812344318, 18946.4065461, 0.353805719503, 569.864702731, 
Chromsome [1]: (808.333333333)0.849934228109, 69.3812344318, 18946.4065461, 0.353805719503, 1315.82513887, 
Chromsome [2]: (807.466666667)0.849934228109, -53.8966858246, 18946.4065461, 3.53866112143, -1651.38016592, 
Chromsome [3]: (804.066666667)0.849934228109, -9.31388723557, 18946.4065461, 0.353805719503, 1397.44001856, 
Chromsome [4]: (802.9)0.849934228109, 6.09136603184, 73929.8894339, 3.24994578709, 1248.30828518, 
<------------ GEN 61--------------->
Chromsome [0]: (802.333333333)0.849934228109, 69.3812344318, 18946.4065461, 0.353805719503, 1315.82513887, 
Chromsome [1]: (802.333333333)0.849934228109, 69.3812344318, 18946.4065461, 0.353805719503, 569.864702731, 
Chromsome [2]: (799.8)0.849934228109, 79.659495288, 18946.4065461, 3.53866112143, 2651.38016592, 
Chromsome [3]: (796.966666667)0.849934228109, -9.31388723557, 18946.4065461, 0.353805719503, 932.955509026, 
Chromsome [4]: (796.966666667)0.849934228109, -9.31388723557, 18946.4065461, 0.353805719503, 1397.44001856, 
<------------ GEN 62--------------->
Chromsome [0]: (813.566666667)0.849934228109, 69.3812344318, 18946.4065461, 0.353805719503, 1315.82513887, 
Chromsome [1]: (809.733333333)0.849934228109, -9.31388723557, 18946.4065461, 0.353805719503, 2281.57518981, 
Chromsome [2]: (809.733333333)0.849934228109, -9.31388723557, 18946.4065461, 0.353805719503, 932.955509026, 
Chromsome [3]: (802.4)0.849934228109, 169.466787551, 148577.377722, 3.24994578709, 985.916626821, 
Chromsome [4]: (798.866666667)0.849934228109, -8.26521154888, 3509.90835749, 25.9735214759, 1024.48588226, 
<------------ GEN 63--------------->
Chromsome [0]: (825.6)1.59602778622, 69.3812344318, 18946.4065461, 0.353805719503, 2760.78975854, 
Chromsome [1]: (806.9)0.849934228109, -9.31388723557, 18946.4065461, 0.353805719503, 932.955509026, 
Chromsome [2]: (805.766666667)0.849934228109, 69.3812344318, 18946.4065461, 0.353805719503, 1315.82513887, 
Chromsome [3]: (791.366666667)0.849934228109, -8.26521154888, 3509.90835749, 25.9735214759, 1024.48588226, 
Chromsome [4]: (791.033333333)0.849934228109, 10.5332124489, -29159.8902039, 17.4271719833, 985.916626821, 
<------------ GEN 64--------------->
Chromsome [0]: (837.633333333)1.59602778622, 69.3812344318, 18946.4065461, 0.353805719503, 2760.78975854, 
Chromsome [1]: (837.633333333)1.59602778622, 69.3812344318, 18946.4065461, 0.353805719503, 2760.78975854, 
Chromsome [2]: (823.7)0.849934228109, -25.4904686904, 18946.4065461, 0.353805719503, 2998.6609922, 
Chromsome [3]: (815.966666667)0.849934228109, 69.3812344318, 18946.4065461, 0.353805719503, 2599.7655205, 
Chromsome [4]: (805.3)0.849934228109, -10.6222200637, 3509.90835749, 25.9735214759, 2899.66430786, 
<------------ GEN 65--------------->
Chromsome [0]: (852.766666667)-106.7386888, 68.26122578, 105240.364669, 0.353805719503, 1315.82513887, 
Chromsome [1]: (851.1)1.59602778622, 69.3812344318, 18946.4065461, 0.353805719503, 2760.78975854, 
Chromsome [2]: (838.766666667)0.849934228109, 69.3812344318, 18946.4065461, 0.353805719503, 2599.7655205, 
Chromsome [3]: (826.3)0.849934228109, 190.193316432, 18946.4065461, 22.5572384981, 2760.78975854, 
Chromsome [4]: (824.366666667)0.849934228109, 69.3812344318, 24424.3817384, 25.1737017991, 985.916626821, 
<------------ GEN 66--------------->
Chromsome [0]: (821.433333333)-106.7386888, 68.26122578, 105240.364669, 0.353805719503, 1315.82513887, 
Chromsome [1]: (806.633333333)1.59602778622, 69.3812344318, 18946.4065461, 0.353805719503, 1315.82513887, 
Chromsome [2]: (790.4)0.849934228109, -56.7748897017, 3509.90835749, 22.5673496926, 2899.66430786, 
Chromsome [3]: (788.9)0.849934228109, -38.148963887, 14460.8946597, 27.6228680738, -389.543925874, 
Chromsome [4]: (788.366666667)0.849934228109, -55.9949530869, 18946.4065461, 25.1644776804, 2599.7655205, 
<------------ GEN 67--------------->
Chromsome [0]: (786.8)-41.503032783, 26.5017538487, 175394.882328, 13.5911721333, 932.955509026, 
Chromsome [1]: (786.8)-106.7386888, 68.26122578, 105240.364669, 0.353805719503, 1315.82513887, 
Chromsome [2]: (759.766666667)0.849934228109, 302.470041351, 14460.8946597, 16.518708777, 1172.23592201, 
Chromsome [3]: (759.766666667)0.849934228109, 69.3812344318, 116161.560007, 0.353805719503, 2375.65676638, 
Chromsome [4]: (759.733333333)0.849934228109, 69.3812344318, 24424.3817384, 8.30016556979, 1315.82513887, 
<------------ GEN 68--------------->
Chromsome [0]: (773.333333333)-14.1423104795, -12.4787569093, 175394.882328, 13.5911721333, 932.955509026, 
Chromsome [1]: (773.333333333)-41.503032783, 26.5017538487, 175394.882328, 13.5911721333, 932.955509026, 
Chromsome [2]: (756.6)0.849934228109, 69.3812344318, 116161.560007, 11.0282234361, 2760.78975854, 
Chromsome [3]: (756.566666667)0.849934228109, 69.3812344318, 24424.3817384, 12.4247968298, 2668.97088334, 
Chromsome [4]: (752.466666667)0.849934228109, -86.8017042209, 20849.7027217, 22.5673496926, 2899.66430786, 
<------------ GEN 69--------------->
Chromsome [0]: (822.4)-14.1423104795, -12.4787569093, 175394.882328, 13.5911721333, 932.955509026, 
Chromsome [1]: (793.7)0.849934228109, 69.3812344318, 57096.1657268, 5.75267520589, 1397.44001856, 
Chromsome [2]: (789.8)0.849934228109, -86.8017042209, 20849.7027217, 22.5673496926, 2375.65676638, 
Chromsome [3]: (783.166666667)0.849934228109, -72.4718493765, 71031.9217876, 8.30016556979, -789.928982514, 
Chromsome [4]: (783.0)0.849934228109, 11.178209039, 54514.6740713, 16.518708777, 1172.23592201, 
<------------ GEN 70--------------->
Chromsome [0]: (842.6)-14.1423104795, -12.4787569093, 175394.882328, 13.5911721333, 932.955509026, 
Chromsome [1]: (816.666666667)0.849934228109, 4.32367423297, 20849.7027217, 22.5673496926, 2375.65676638, 
Chromsome [2]: (816.066666667)0.849934228109, -37.5469430473, 16311.4138744, 23.4981212946, 932.955509026, 
Chromsome [3]: (814.033333333)0.849934228109, -62.8905391692, 57096.1657268, 5.75267520589, 1397.44001856, 
Chromsome [4]: (813.866666667)0.849934228109, 11.178209039, 54514.6740713, 43.8557992257, 1172.23592201, 
<------------ GEN 71--------------->
Chromsome [0]: (862.666666667)-14.1423104795, -12.4787569093, 175394.882328, 13.5911721333, 932.955509026, 
Chromsome [1]: (858.066666667)1.59602778622, 69.3812344318, -110597.941258, 16.518708777, 2123.89273008, 
Chromsome [2]: (856.033333333)0.849934228109, 54.415505387, 21592.155114, 4.99343824135, 2375.65676638, 
Chromsome [3]: (854.133333333)0.849934228109, -37.5469430473, 16311.4138744, 23.4981212946, 1113.28039274, 
Chromsome [4]: (854.133333333)0.849934228109, 11.178209039, 54514.6740713, 21.6041444148, 1172.23592201, 
<------------ GEN 72--------------->
Chromsome [0]: (861.466666667)-54.4923564603, 55.4299240139, 56773.7499583, 5.75267520589, 1397.44001856, 
Chromsome [1]: (861.466666667)-14.1423104795, -12.4787569093, 175394.882328, 13.5911721333, 932.955509026, 
Chromsome [2]: (852.7)0.849934228109, 80.0412260326, 16311.4138744, 11.0282234361, 675.685787101, 
Chromsome [3]: (851.266666667)0.849934228109, -33.1584765955, 21592.155114, 4.99343824135, 1151.33146668, 
Chromsome [4]: (850.366666667)0.849934228109, 30.221787992, 54514.6740713, 3.03599158313, 1315.82513887, 
<------------ GEN 73--------------->
Chromsome [0]: (846.166666667)-54.4923564603, 55.4299240139, 56773.7499583, 5.75267520589, 1397.44001856, 
Chromsome [1]: (834.466666667)0.849934228109, -86.8017042209, 18946.4065461, 14.3736241091, 866.076564202, 
Chromsome [2]: (834.033333333)0.849934228109, 80.0412260326, 16311.4138744, 11.0282234361, 932.955509026, 
Chromsome [3]: (833.866666667)0.849934228109, -33.1584765955, 21592.155114, 4.99343824135, 2941.21986658, 
Chromsome [4]: (830.6)0.849934228109, 33.8549846346, 116161.560007, 23.4981212946, 932.955509026, 
<------------ GEN 74--------------->
Chromsome [0]: (844.966666667)-13.4200514553, -33.1584765955, 21592.155114, 2.94593487115, 1484.24166977, 
Chromsome [1]: (844.966666667)-54.4923564603, 55.4299240139, 56773.7499583, 5.75267520589, 1397.44001856, 
Chromsome [2]: (832.333333333)0.849934228109, 33.8549846346, 116161.560007, 23.4981212946, 932.955509026, 
Chromsome [3]: (832.233333333)0.849934228109, -44.5180068266, 123278.012831, 5.12882957558, 536.28594751, 
Chromsome [4]: (832.233333333)0.849934228109, -86.8017042209, 75542.7275112, 22.8347504103, 564.793819659, 
<------------ GEN 75--------------->
Chromsome [0]: (845.6)-52.1174639737, -8.8727085155, 16311.4138744, 28.1407480016, 2375.65676638, 
Chromsome [1]: (845.6)-54.888125949, -86.8017042209, 75542.7275112, 4.80012903397, 564.793819659, 
Chromsome [2]: (845.6)-13.4200514553, -33.1584765955, 21592.155114, 2.94593487115, 1484.24166977, 
Chromsome [3]: (814.9)0.849934228109, 67.3216341338, 116161.560007, 28.1298835754, 932.955509026, 
Chromsome [4]: (811.733333333)0.849934228109, -86.8017042209, 64946.1289488, 14.3736241091, 2810.22401056, 
<------------ GEN 76--------------->
Chromsome [0]: (864.3)-14.6946791999, 82.151689674, 84728.3002426, 4.54823153601, 722.4750647, 
Chromsome [1]: (864.3)-109.837559778, -62.8905391692, 51879.4968188, 13.3737961386, 977.527973513, 
Chromsome [2]: (864.3)-52.1174639737, -8.8727085155, 16311.4138744, 28.1407480016, 2375.65676638, 
Chromsome [3]: (844.133333333)0.849934228109, 67.3216341338, 116161.560007, 28.1298835754, 932.955509026, 
Chromsome [4]: (840.966666667)0.849934228109, -44.5180068266, 123278.012831, 2.94593487115, 772.949789831, 
<------------ GEN 77--------------->
Chromsome [0]: (862.266666667)-14.6946791999, 82.151689674, 84728.3002426, 4.54823153601, 722.4750647, 
Chromsome [1]: (832.0)0.849934228109, 67.3216341338, 116161.560007, 21.6639208404, 1066.93145799, 
Chromsome [2]: (828.3)0.849934228109, -86.8017042209, 64946.1289488, 27.0371746671, 1597.66675522, 
Chromsome [3]: (828.3)0.849934228109, -44.5180068266, 123278.012831, 2.94593487115, 1569.002182, 
Chromsome [4]: (827.866666667)1.59602778622, -89.9649502996, 146644.681386, 14.3736241091, -1000.47020319, 
<------------ GEN 78--------------->
Chromsome [0]: (873.466666667)-14.6946791999, 82.151689674, 84728.3002426, 4.54823153601, 722.4750647, 
Chromsome [1]: (847.366666667)0.849934228109, 67.3216341338, 116161.560007, 21.6639208404, 1066.93145799, 
Chromsome [2]: (847.2)0.849934228109, -86.8017042209, 64946.1289488, 27.0371746671, 1597.66675522, 
Chromsome [3]: (846.633333333)0.849934228109, -44.5180068266, 123278.012831, 2.94593487115, 1058.21208823, 
Chromsome [4]: (846.633333333)0.849934228109, -44.5180068266, 123278.012831, 2.94593487115, 1141.89355659, 
<------------ GEN 79--------------->
Chromsome [0]: (866.133333333)-14.6946791999, 82.151689674, 84728.3002426, 4.54823153601, 722.4750647, 
Chromsome [1]: (857.6)0.849934228109, -86.8017042209, 26092.588253, 4.9056344406, 1597.66675522, 
Chromsome [2]: (853.7)0.849934228109, -86.8017042209, 59511.2253332, 28.1298835754, 2048.85808392, 
Chromsome [3]: (853.066666667)0.849934228109, 67.3216341338, 116161.560007, 21.6639208404, 1066.93145799, 
Chromsome [4]: (852.866666667)0.849934228109, -44.5180068266, 123278.012831, 2.94593487115, 1058.21208823, 
<------------ GEN 80--------------->
Chromsome [0]: (848.7)-2.54916379932, -43.6365486596, 108815.810427, 25.7233661346, 2806.41878999, 
Chromsome [1]: (848.7)-14.6946791999, 82.151689674, 84728.3002426, 4.54823153601, 722.4750647, 
Chromsome [2]: (830.3)0.849934228109, -13.3451001504, 119037.459451, 17.8547223409, 2529.56331222, 
Chromsome [3]: (823.166666667)0.18686198275, 67.3216341338, 116161.560007, 10.2001247182, 1066.93145799, 
Chromsome [4]: (822.1)0.849934228109, -78.4214601926, 84728.3002426, 10.2109762726, 2727.80085205, 
<------------ GEN 81--------------->
Chromsome [0]: (851.8)-2.54916379932, -43.6365486596, 108815.810427, 25.7233661346, 2806.41878999, 
Chromsome [1]: (816.833333333)1.59602778622, 206.436689491, 123278.012831, 17.8547223409, 2529.56331222, 
Chromsome [2]: (816.333333333)0.849934228109, -13.3451001504, 119037.459451, 2.94593487115, 1141.89355659, 
Chromsome [3]: (811.533333333)0.18686198275, 41.5764140395, 93609.4176536, 10.2001247182, 696.732592391, 
Chromsome [4]: (804.0)0.849934228109, -64.7083067153, 104453.516097, 23.5826787966, 645.062099725, 
<------------ GEN 82--------------->
Chromsome [0]: (845.866666667)-2.54916379932, -43.6365486596, 108815.810427, 25.7233661346, 2806.41878999, 
Chromsome [1]: (821.933333333)0.204096837737, 35.1047811795, 6941.70235002, 28.1236372801, 2806.41878999, 
Chromsome [2]: (811.466666667)0.18686198275, 41.5764140395, 88445.5321786, 28.1407480016, 1834.82735236, 
Chromsome [3]: (811.466666667)0.18686198275, 41.5764140395, 93609.4176536, 8.03216764746, 696.732592391, 
Chromsome [4]: (804.133333333)0.849934228109, -13.3451001504, 119037.459451, 2.94593487115, 1141.89355659, 
<------------ GEN 83--------------->
Chromsome [0]: (852.933333333)-0.0147126070644, 8.31204937254, 37546.6518436, 4.54823153601, 722.4750647, 
Chromsome [1]: (852.933333333)-2.54916379932, -43.6365486596, 108815.810427, 25.7233661346, 2806.41878999, 
Chromsome [2]: (829.266666667)0.204096837737, 35.1047811795, 6941.70235002, 23.0801864987, 670.481058714, 
Chromsome [3]: (821.566666667)0.18686198275, 41.5764140395, 123278.012831, 7.99754532939, 1211.87715809, 
Chromsome [4]: (821.566666667)0.18686198275, 41.5764140395, 88445.5321786, 28.1407480016, 1834.82735236, 
<------------ GEN 84--------------->
Chromsome [0]: (851.966666667)-21.923636809, 8.31204937254, 37546.6518436, 4.54823153601, 722.4750647, 
Chromsome [1]: (851.966666667)-0.0147126070644, 8.31204937254, 37546.6518436, 4.54823153601, 722.4750647, 
Chromsome [2]: (836.7)0.204096837737, 35.1047811795, 6941.70235002, 23.0801864987, 670.481058714, 
Chromsome [3]: (824.9)0.849934228109, -13.3451001504, 108815.810427, 25.7233661346, 2806.41878999, 
Chromsome [4]: (812.9)1.59602778622, 80.063817536, 50441.2898917, 25.7233661346, 2806.41878999, 
<------------ GEN 85--------------->
Chromsome [0]: (873.733333333)-21.923636809, 8.31204937254, 37546.6518436, 4.54823153601, 722.4750647, 
Chromsome [1]: (862.633333333)0.214712607064, -64.3684879314, 37546.6518436, 8.68167053408, 2613.88927889, 
Chromsome [2]: (862.1)0.204096837737, 35.1047811795, 139329.774578, 23.0801864987, 670.481058714, 
Chromsome [3]: (861.833333333)0.849934228109, -13.3451001504, 108815.810427, 25.7233661346, 2806.41878999, 
Chromsome [4]: (848.766666667)1.59602778622, 80.063817536, 50441.2898917, 7.99754532939, 1211.87715809, 
<------------ GEN 86--------------->
Chromsome [0]: (879.966666667)-21.923636809, 8.31204937254, 37546.6518436, 4.54823153601, 722.4750647, 
Chromsome [1]: (877.066666667)0.204096837737, 35.1047811795, 139329.774578, 23.0801864987, 670.481058714, 
Chromsome [2]: (877.033333333)0.849934228109, -13.3451001504, 108815.810427, 25.7233661346, 2806.41878999, 
Chromsome [3]: (869.0)1.59602778622, 59.1992091727, 37546.6518436, 8.68167053408, 2613.88927889, 
Chromsome [4]: (868.433333333)1.59602778622, 80.063817536, 50441.2898917, 14.5171156501, 1982.40741444, 
<------------ GEN 87--------------->
Chromsome [0]: (860.133333333)-21.923636809, 8.31204937254, 37546.6518436, 4.54823153601, 722.4750647, 
Chromsome [1]: (857.233333333)0.204096837737, 35.1047811795, 139329.774578, 23.0801864987, 2806.41878999, 
Chromsome [2]: (857.233333333)0.204096837737, -55.5072822679, 139329.774578, 26.5998832399, 2187.44804478, 
Chromsome [3]: (857.2)0.849934228109, -13.3451001504, 108815.810427, 25.7233661346, 670.481058714, 
Chromsome [4]: (846.3)1.59602778622, -64.3684879314, 113771.736633, 4.68411504299, 2806.41878999, 
<------------ GEN 88--------------->
Chromsome [0]: (847.8)-19.9620507662, -64.3684879314, 30427.954809, 4.68411504299, 722.4750647, 
Chromsome [1]: (847.8)-21.923636809, 8.31204937254, 37546.6518436, 4.54823153601, 722.4750647, 
Chromsome [2]: (844.933333333)0.204096837737, -7.45342090741, 17791.4746706, 23.3739282559, 645.062099725, 
Chromsome [3]: (844.933333333)0.204096837737, -4.95128985349, 139329.774578, 24.5598678971, 1163.71050337, 
Chromsome [4]: (844.866666667)0.849934228109, -13.3451001504, 108815.810427, 13.7000543803, 2613.88927889, 
<------------ GEN 89--------------->
Chromsome [0]: (837.433333333)-19.9620507662, -64.3684879314, 30427.954809, 4.68411504299, 722.4750647, 
Chromsome [1]: (834.566666667)0.204096837737, -7.45342090741, 17791.4746706, 23.3739282559, 1933.11432038, 
Chromsome [2]: (834.533333333)0.204096837737, 30.0060104824, 37546.6518436, 4.54823153601, 2806.41878999, 
Chromsome [3]: (834.5)0.849934228109, -13.3451001504, 108815.810427, 12.2895693754, 2825.66421696, 
Chromsome [4]: (828.633333333)1.59602778622, -45.8558791103, 57315.9710735, 4.54823153601, 722.4750647, 
<------------ GEN 90--------------->
Chromsome [0]: (828.5)-19.9620507662, -64.3684879314, 30427.954809, 4.68411504299, 722.4750647, 
Chromsome [1]: (825.6)0.204096837737, 30.0060104824, 108815.810427, 9.24349012053, 1508.39143585, 
Chromsome [2]: (825.566666667)0.849934228109, -13.3451001504, 108815.810427, 12.2895693754, 2825.66421696, 
Chromsome [3]: (825.566666667)0.849934228109, -13.3451001504, 74186.9872309, 12.2895693754, 1578.00350896, 
Chromsome [4]: (811.266666667)1.59602778622, -45.8558791103, 57315.9710735, 4.54823153601, 722.4750647, 
<------------ GEN 91--------------->
Chromsome [0]: (835.833333333)-19.9620507662, -64.3684879314, 30427.954809, 4.68411504299, 722.4750647, 
Chromsome [1]: (822.433333333)0.204096837737, 30.0060104824, 108815.810427, 20.0182049406, 1508.39143585, 
Chromsome [2]: (822.3)0.849934228109, 62.3765864132, 98505.1887336, 0.0948425064152, 1718.64363921, 
Chromsome [3]: (822.3)0.849934228109, -13.3451001504, 108815.810427, 6.65734672908, 3885.17224221, 
Chromsome [4]: (804.033333333)1.59602778622, -45.8558791103, 57315.9710735, 4.54823153601, 2820.1474696, 
<------------ GEN 92--------------->
Chromsome [0]: (843.833333333)-19.9620507662, -64.3684879314, 30427.954809, 4.68411504299, 722.4750647, 
Chromsome [1]: (830.433333333)0.204096837737, 30.0060104824, 108815.810427, 20.0182049406, 1508.39143585, 
Chromsome [2]: (830.3)0.849934228109, 52.0148257337, 108815.810427, 4.54823153601, 696.732592391, 
Chromsome [3]: (830.3)0.849934228109, 62.3765864132, 98505.1887336, 2.53728150382, 793.607175887, 
Chromsome [4]: (821.633333333)1.59602778622, -45.8558791103, 57315.9710735, 0.565598579238, 722.4750647, 
<------------ GEN 93--------------->
Chromsome [0]: (842.766666667)-19.9620507662, -64.3684879314, 30427.954809, 4.68411504299, 722.4750647, 
Chromsome [1]: (836.9)0.849934228109, 62.3765864132, 98505.1887336, 26.7238935564, 2329.2554878, 
Chromsome [2]: (836.9)0.849934228109, 52.0148257337, 30427.954809, 26.7238935564, 2329.2554878, 
Chromsome [3]: (830.366666667)1.59602778622, -45.8558791103, 3608.20582906, 28.7763491279, 1973.24569399, 
Chromsome [4]: (826.2)1.59602778622, -45.8558791103, 92150.5562676, 6.65734672908, 2114.82775779, 
<------------ GEN 94--------------->
Chromsome [0]: (857.933333333)-6.46488812002, 30.0060104824, 83540.709914, 4.15144428989, 2820.1474696, 
Chromsome [1]: (857.933333333)-19.9620507662, -64.3684879314, 30427.954809, 4.68411504299, 722.4750647, 
Chromsome [2]: (855.0)0.849934228109, 62.3765864132, 98505.1887336, 26.7238935564, 2681.26540535, 
Chromsome [3]: (855.0)0.849934228109, 52.0148257337, 30427.954809, 26.7238935564, 793.607175887, 
Chromsome [4]: (848.733333333)1.59602778622, -45.8558791103, -63141.5890578, 11.7390134774, 1933.11432038, 
<------------ GEN 95--------------->
Chromsome [0]: (890.6)-6.46488812002, 30.0060104824, 83540.709914, 4.15144428989, 2820.1474696, 
Chromsome [1]: (881.6)0.849934228109, 128.749996092, 30427.954809, 6.3973634993, 2329.2554878, 
Chromsome [2]: (877.066666667)0.849934228109, 62.3765864132, 143596.048596, 4.68411504299, 1961.93830186, 
Chromsome [3]: (876.833333333)1.59602778622, -45.8558791103, 174835.07291, 12.5881566339, 2613.88927889, 
Chromsome [4]: (876.833333333)1.59602778622, -45.8558791103, 158701.721606, 18.8904227164, 2139.53052017, 
<------------ GEN 96--------------->
Chromsome [0]: (892.633333333)-142.844802947, -61.1133388779, 95012.4905286, 20.0182049406, 2548.32985256, 
Chromsome [1]: (892.633333333)-6.46488812002, 30.0060104824, 83540.709914, 4.15144428989, 2820.1474696, 
Chromsome [2]: (889.7)0.849934228109, 62.3765864132, 143596.048596, 6.77841007105, 2820.1474696, 
Chromsome [3]: (889.7)0.849934228109, 62.3765864132, 30427.954809, 6.00874892518, 787.789674915, 
Chromsome [4]: (889.7)0.849934228109, -306.844999401, 30427.954809, 6.3973634993, 1886.0425874, 
<------------ GEN 97--------------->
Chromsome [0]: (859.833333333)-142.844802947, -61.1133388779, 95012.4905286, 20.0182049406, 2548.32985256, 
Chromsome [1]: (853.966666667)0.849934228109, 62.3765864132, 30427.954809, 6.00874892518, 1421.27720577, 
Chromsome [2]: (853.966666667)0.849934228109, 62.3765864132, 143596.048596, 7.74165836758, 2820.1474696, 
Chromsome [3]: (853.633333333)1.59602778622, -45.8558791103, 167651.431915, 12.5881566339, 2038.22262359, 
Chromsome [4]: (853.633333333)1.59602778622, 312.981576638, 143596.048596, 4.68411504299, 1744.30543881, 
<------------ GEN 98--------------->
Chromsome [0]: (853.733333333)-142.844802947, -61.1133388779, 95012.4905286, 20.0182049406, 2548.32985256, 
Chromsome [1]: (851.3)1.59602778622, -143.278234585, 143596.048596, 4.68411504299, 1744.30543881, 
Chromsome [2]: (850.866666667)1.59602778622, 48.6088737404, -54480.1581464, 2.6404527124, 2139.53052017, 
Chromsome [3]: (850.8)0.849934228109, 62.3765864132, 439930.506345, 6.00874892518, 1206.3368895, 
Chromsome [4]: (850.8)0.849934228109, 62.3765864132, 143596.048596, 7.74165836758, 2820.1474696, 
<------------ GEN 99--------------->
Chromsome [0]: (852.866666667)-142.844802947, -61.1133388779, 95012.4905286, 20.0182049406, 2548.32985256, 
Chromsome [1]: (832.266666667)0.849934228109, -189.92665355, 125781.090315, 6.00874892518, 1206.3368895, 
Chromsome [2]: (818.266666667)0.849934228109, 1.45278484655, 158701.721606, 2.85497066415, 1984.79856147, 
Chromsome [3]: (817.733333333)1.59602778622, 43.375110888, 98505.1887336, 29.3230701203, 2681.26540535, 
Chromsome [4]: (817.733333333)1.59602778622, -73.4842416345, 167651.431915, 12.5881566339, 2629.06077306, 
<------------ GEN 100--------------->
Chromsome [0]: (850.133333333)-2.29864140602, -47.0184233616, 50441.2898917, 21.1980400223, 1522.66544705, 
Chromsome [1]: (850.133333333)-142.844802947, -61.1133388779, 95012.4905286, 20.0182049406, 2548.32985256, 
Chromsome [2]: (844.2)2.74916379932, -179.939139205, 95012.4905286, -12.2024201997, 1204.35110739, 
Chromsome [3]: (843.433333333)0.849934228109, 9.92665354982, 125781.090315, 29.165755488, 1522.66544705, 
Chromsome [4]: (843.433333333)0.849934228109, 1.45278484655, 158701.721606, 2.85497066415, 1940.74898605, 
