<------------ GEN 1--------------->
Chromsome [0]: (809.866666667)1.5611475217, 77.7916573308, 31312.0876256, 10.9037592766, 1394.3752827, 
Chromsome [1]: (779.066666667)5.83095898294, -38.309728136, 95072.2896718, 25.6646592056, 2727.03702267, 
Chromsome [2]: (770.733333333)9.20338027698, 45.8005969379, 68151.2274675, 9.06405006493, 2273.48160747, 
Chromsome [3]: (757.433333333)12.1439602156, -76.0900433911, 63809.0999462, 1.47888214219, 550.995638886, 
Chromsome [4]: (757.433333333)13.1078286993, 49.5747762471, 52032.7254934, 12.0349671103, 1578.87128795, 
<------------ GEN 2--------------->
Chromsome [0]: (820.5)1.5611475217, -8.19008606619, 177252.836496, 16.7357105846, 2819.68826675, 
Chromsome [1]: (820.466666667)1.5611475217, 77.7916573308, 31312.0876256, 10.9037592766, 1394.3752827, 
Chromsome [2]: (757.433333333)5.83095898294, 30.9663647826, 25077.4244166, 25.6646592056, 568.541916366, 
Chromsome [3]: (754.433333333)5.83095898294, -38.309728136, 95072.2896718, 22.8535762469, 2727.03702267, 
Chromsome [4]: (687.033333333)13.1078286993, 49.5747762471, 52032.7254934, 12.0349671103, 1578.87128795, 
<------------ GEN 3--------------->
Chromsome [0]: (817.166666667)0.0090308157599, -61.823575765, 128550.783667, 7.02670928117, 990.735691053, 
Chromsome [1]: (806.1)1.5611475217, -8.19008606619, 161594.220396, 10.8877392834, 2081.82301259, 
Chromsome [2]: (806.1)1.5611475217, -8.19008606619, 177252.836496, 16.7357105846, 2819.68826675, 
Chromsome [3]: (806.033333333)1.5611475217, 77.7916573308, 31312.0876256, 10.9037592766, 1394.3752827, 
Chromsome [4]: (806.033333333)1.5611475217, -17.7750220837, 31312.0876256, 10.9037592766, 1394.3752827, 
<------------ GEN 4--------------->
Chromsome [0]: (803.266666667)-21.7130998932, -23.8634364843, 177252.836496, 16.7357105846, 2819.68826675, 
Chromsome [1]: (797.666666667)0.0090308157599, -61.823575765, 128550.783667, 7.02670928117, 990.735691053, 
Chromsome [2]: (765.333333333)1.5611475217, -8.19008606619, 167478.744013, 24.153143027, 1768.16352602, 
Chromsome [3]: (765.333333333)1.5611475217, -8.19008606619, 134189.644476, 10.8877392834, 2081.82301259, 
Chromsome [4]: (765.333333333)1.5611475217, -8.19008606619, 177252.836496, 10.1437688478, 2819.68826675, 
<------------ GEN 5--------------->
Chromsome [0]: (811.566666667)-21.7130998932, -23.8634364843, 177252.836496, 16.7357105846, 2819.68826675, 
Chromsome [1]: (808.666666667)0.19096918424, -38.309728136, 63809.0999462, 17.4743151926, 550.995638886, 
Chromsome [2]: (780.566666667)1.5611475217, 189.509711211, 134189.644476, 10.9037592766, 1394.3752827, 
Chromsome [3]: (777.766666667)1.5611475217, -8.19008606619, 177252.836496, 10.1437688478, 990.735691053, 
Chromsome [4]: (777.766666667)1.5611475217, -8.19008606619, 136078.98174, 24.153143027, 1768.16352602, 
<------------ GEN 6--------------->
Chromsome [0]: (795.866666667)-21.7130998932, -23.8634364843, 177252.836496, 16.7357105846, 2819.68826675, 
Chromsome [1]: (790.066666667)0.19096918424, -52.874051727, 63809.0999462, 23.5395750065, 2727.03702267, 
Chromsome [2]: (790.066666667)0.19096918424, -13.8318996644, 125959.987246, 17.4743151926, 1444.67337561, 
Chromsome [3]: (748.866666667)1.5611475217, -8.19008606619, 167478.744013, 9.42182922956, 2547.264847, 
Chromsome [4]: (748.866666667)1.5611475217, -8.19008606619, 177252.836496, 10.1437688478, 508.405315557, 
<------------ GEN 7--------------->
Chromsome [0]: (824.933333333)-21.7130998932, -23.8634364843, 177252.836496, 16.7357105846, 2819.68826675, 
Chromsome [1]: (813.266666667)0.19096918424, -52.874051727, 63809.0999462, 23.5395750065, 2727.03702267, 
Chromsome [2]: (812.366666667)0.19096918424, -13.8318996644, 117232.516477, 17.4743151926, 2390.04898288, 
Chromsome [3]: (771.466666667)1.5611475217, -4.02701143417, 81691.9944896, 13.0923367271, 1836.29065119, 
Chromsome [4]: (770.866666667)1.5611475217, -8.19008606619, 177252.836496, 65.4661748839, 2563.06224123, 
<------------ GEN 8--------------->
Chromsome [0]: (829.066666667)-58.0095231869, -84.5033453112, 46337.8774271, 28.4950199566, 3120.38922359, 
Chromsome [1]: (829.066666667)-21.7130998932, -23.8634364843, 177252.836496, 16.7357105846, 2819.68826675, 
Chromsome [2]: (816.566666667)0.19096918424, -4.8939928054, 63809.0999462, 23.5395750065, 2727.03702267, 
Chromsome [3]: (816.5)0.19096918424, -13.8318996644, 117232.516477, 17.4743151926, 2390.04898288, 
Chromsome [4]: (782.133333333)1.5611475217, -175.579213036, 81691.9944896, 13.0923367271, 1836.29065119, 
<------------ GEN 9--------------->
Chromsome [0]: (853.066666667)-58.0095231869, -84.5033453112, 46337.8774271, 28.4950199566, 3120.38922359, 
Chromsome [1]: (840.566666667)0.19096918424, -4.8939928054, 63809.0999462, 23.5395750065, 556.892766143, 
Chromsome [2]: (840.5)0.19096918424, -13.8318996644, 117232.516477, 17.4743151926, 1394.3752827, 
Chromsome [3]: (820.766666667)1.5611475217, 0.366898480435, 167478.744013, 10.9037592766, 1919.06754476, 
Chromsome [4]: (820.366666667)1.5611475217, -4.02701143417, 81691.9944896, 7.36267935249, 1384.83652889, 
<------------ GEN 10--------------->
Chromsome [0]: (834.033333333)-31.502338815, 29.7518566853, 70574.5153064, 5.34430824529, 1384.83652889, 
Chromsome [1]: (834.033333333)-58.0095231869, -84.5033453112, 46337.8774271, 28.4950199566, 3120.38922359, 
Chromsome [2]: (831.166666667)0.19096918424, 0.366898480435, 167478.744013, 10.9037592766, 1919.06754476, 
Chromsome [3]: (831.133333333)0.19096918424, -13.8318996644, 117232.516477, 17.4743151926, 3827.1628271, 
Chromsome [4]: (831.133333333)0.19096918424, -13.8318996644, 97008.6016094, 5.46617488385, 2563.06224123, 
<------------ GEN 11--------------->
Chromsome [0]: (840.866666667)-31.502338815, 29.7518566853, 70574.5153064, 5.34430824529, 1384.83652889, 
Chromsome [1]: (817.1)0.19096918424, 0.366898480435, 37371.8365557, 10.9037592766, 1919.06754476, 
Chromsome [2]: (817.1)0.19096918424, 0.366898480435, 167478.744013, 5.42379996805, 1384.83652889, 
Chromsome [3]: (816.966666667)0.19096918424, -13.8318996644, 174324.153631, 24.1779788846, 2515.98136523, 
Chromsome [4]: (795.633333333)1.5611475217, -4.8939928054, 150351.97962, 23.5395750065, 556.892766143, 
<------------ GEN 12--------------->
Chromsome [0]: (815.666666667)-31.502338815, 29.7518566853, 70574.5153064, 5.34430824529, 1384.83652889, 
Chromsome [1]: (809.866666667)0.19096918424, 29.7518566853, 70574.5153064, 5.34430824529, 1384.83652889, 
Chromsome [2]: (809.866666667)0.19096918424, -13.8318996644, 162914.935053, 3.5279791779, 508.405315557, 
Chromsome [3]: (789.8)1.5611475217, 3.83467544596, 83371.7959296, 28.4950199566, 2879.61077641, 
Chromsome [4]: (789.533333333)1.5611475217, -4.8939928054, 150351.97962, 14.552721942, 2792.24277644, 
<------------ GEN 13--------------->
Chromsome [0]: (819.433333333)-72.8935919745, -84.5033453112, 46337.8774271, 10.9037592766, 1919.06754476, 
Chromsome [1]: (819.433333333)-31.502338815, 29.7518566853, 70574.5153064, 5.34430824529, 1384.83652889, 
Chromsome [2]: (816.533333333)0.19096918424, -13.8318996644, 158524.097291, 1.88661197431, 2030.7150378, 
Chromsome [3]: (816.533333333)0.19096918424, 15.3652899599, 47911.7983193, 7.03745802657, 2386.6236765, 
Chromsome [4]: (816.533333333)0.19096918424, 29.7518566853, 133033.58751, 5.34430824529, 1384.83652889, 
<------------ GEN 14--------------->
Chromsome [0]: (801.766666667)-72.8935919745, -84.5033453112, 46337.8774271, 10.9037592766, 1919.06754476, 
Chromsome [1]: (785.466666667)0.19096918424, -53.7107781353, 47911.7983193, 9.69228170382, 1872.45474268, 
Chromsome [2]: (785.466666667)0.19096918424, -13.8318996644, 158524.097291, 1.88661197431, 2030.7150378, 
Chromsome [3]: (785.466666667)0.19096918424, 20.4193446435, 133033.58751, 5.34430824529, 1919.06754476, 
Chromsome [4]: (785.466666667)0.19096918424, 29.7518566853, 167455.136203, 5.34430824529, 1888.81542891, 
<------------ GEN 15--------------->
Chromsome [0]: (815.633333333)-72.8935919745, -84.5033453112, 46337.8774271, 10.9037592766, 1919.06754476, 
Chromsome [1]: (799.333333333)0.19096918424, 20.4193446435, 133033.58751, 0.834777071325, 1919.06754476, 
Chromsome [2]: (799.333333333)0.19096918424, 29.7518566853, 167455.136203, 10.9037592766, 2029.03955349, 
Chromsome [3]: (799.333333333)0.19096918424, -53.7107781353, 64399.2273875, 9.69228170382, 487.453171902, 
Chromsome [4]: (799.333333333)0.19096918424, 29.7518566853, 167455.136203, 5.34430824529, 2895.98475816, 
<------------ GEN 16--------------->
Chromsome [0]: (825.166666667)-0.73516269293, -50.0849565475, 6809.34713624, 5.34430824529, 2895.98475816, 
Chromsome [1]: (825.166666667)-72.8935919745, -84.5033453112, 46337.8774271, 10.9037592766, 1919.06754476, 
Chromsome [2]: (822.266666667)0.19096918424, -53.7107781353, 64399.2273875, 17.8183192627, 512.546828098, 
Chromsome [3]: (822.266666667)0.19096918424, 29.7518566853, 167455.136203, 10.9037592766, 2029.03955349, 
Chromsome [4]: (822.266666667)0.19096918424, -13.8318996644, 158524.097291, 13.8399468121, 1077.89760435, 
<------------ GEN 17--------------->
Chromsome [0]: (818.133333333)-0.73516269293, -50.0849565475, 6809.34713624, 5.34430824529, 2895.98475816, 
Chromsome [1]: (815.233333333)0.19096918424, -13.8318996644, 158524.097291, 2.15291834824, 1966.37296665, 
Chromsome [2]: (815.233333333)0.19096918424, -13.8318996644, 47911.7983193, 7.03745802657, 1758.53528811, 
Chromsome [3]: (815.233333333)0.19096918424, -13.8318996644, 122211.494943, 17.8183192627, 512.546828098, 
Chromsome [4]: (815.233333333)0.19096918424, -53.7107781353, 64399.2273875, 13.8399468121, 2030.7150378, 
<------------ GEN 18--------------->
Chromsome [0]: (816.3)-25.8885720753, 56.1437911654, 43471.1788953, 24.126142237, 1881.57835204, 
Chromsome [1]: (816.3)-0.73516269293, -50.0849565475, 6809.34713624, 5.34430824529, 2895.98475816, 
Chromsome [2]: (811.433333333)2.756528029, -242.348006949, 120353.089227, 2.54985445068, 1985.96672716, 
Chromsome [3]: (810.566666667)1.5611475217, 0.366898480435, 37371.8365557, 5.34430824529, 2487.43742352, 
Chromsome [4]: (810.566666667)0.19096918424, -4.67174986082, 158524.097291, 25.5484010708, 2895.98475816, 
<------------ GEN 19--------------->
Chromsome [0]: (822.3)-25.8885720753, 56.1437911654, 43471.1788953, 24.126142237, 1881.57835204, 
Chromsome [1]: (821.5)0.19096918424, -53.7107781353, 4988.10843444, 1.27057348316, 2713.51576485, 
Chromsome [2]: (817.766666667)0.19096918424, -43.9536943228, 8824.6921668, 2.54985445068, 1384.83652889, 
Chromsome [3]: (802.466666667)0.19096918424, -4.67174986082, 158524.097291, 25.5484010708, 2895.98475816, 
Chromsome [4]: (802.433333333)0.19096918424, -13.8318996644, 47911.7983193, 7.03745802657, 2317.75835774, 
<------------ GEN 20--------------->
Chromsome [0]: (816.033333333)-25.8885720753, 56.1437911654, 43471.1788953, 24.126142237, 1881.57835204, 
Chromsome [1]: (809.7)0.19096918424, -43.9536943228, 8824.6921668, 2.54985445068, 1384.83652889, 
Chromsome [2]: (807.5)2.756528029, -94.6488271899, 59142.6082239, 6.97217356392, 2487.43742352, 
Chromsome [3]: (803.833333333)1.5611475217, 0.366898480435, 41494.1435279, 27.7893727335, 2895.98475816, 
Chromsome [4]: (803.833333333)0.19096918424, -4.67174986082, 158524.097291, 29.086399254, 2314.21962509, 
<------------ GEN 21--------------->
Chromsome [0]: (842.866666667)-39.3731316076, -85.3511728101, 59142.6082239, 6.97217356392, 2487.43742352, 
Chromsome [1]: (842.866666667)-25.8885720753, 56.1437911654, 43471.1788953, 24.126142237, 1881.57835204, 
Chromsome [2]: (833.533333333)1.5611475217, 0.366898480435, 149079.390018, 5.13724124941, 2901.10887985, 
Chromsome [3]: (833.233333333)1.5611475217, -17.5423578831, 37371.8365557, 5.34430824529, 583.890679258, 
Chromsome [4]: (832.966666667)0.93516269293, -50.0849565475, 6809.34713624, 26.5272217098, 2487.43742352, 
<------------ GEN 22--------------->
Chromsome [0]: (831.566666667)-39.3731316076, -85.3511728101, 59142.6082239, 6.97217356392, 2487.43742352, 
Chromsome [1]: (821.933333333)1.5611475217, 14.218464335, 127583.702241, 17.4743151926, 2487.43742352, 
Chromsome [2]: (821.3)0.19096918424, -44.243023465, 33748.3956304, 7.03745802657, 1234.28429877, 
Chromsome [3]: (821.133333333)2.756528029, -23.301672911, 46337.8774271, 4.44514824622, 2052.85156749, 
Chromsome [4]: (820.733333333)2.7647029841, -50.0849565475, 6809.34713624, 7.83248288347, 1881.57835204, 
<------------ GEN 23--------------->
Chromsome [0]: (835.5)-39.3731316076, -85.3511728101, 59142.6082239, 6.97217356392, 2487.43742352, 
Chromsome [1]: (825.866666667)1.5611475217, 14.218464335, 59142.6082239, 6.97217356392, 2487.43742352, 
Chromsome [2]: (825.066666667)2.756528029, -23.301672911, 46337.8774271, 4.44514824622, 2612.3577631, 
Chromsome [3]: (824.666666667)2.7647029841, -50.0849565475, 6809.34713624, 7.83248288347, 2895.98475816, 
Chromsome [4]: (823.866666667)0.19096918424, -44.243023465, 33748.3956304, 7.03745802657, 3400.32575504, 
<------------ GEN 24--------------->
Chromsome [0]: (854.433333333)-39.3731316076, -85.3511728101, 59142.6082239, 6.97217356392, 2487.43742352, 
Chromsome [1]: (844.666666667)2.756528029, 354.307485515, 46337.8774271, 0.834777071325, 2416.34092678, 
Chromsome [2]: (843.9)0.93516269293, 52.2818418302, 33748.3956304, 7.03745802657, 434.571522259, 
Chromsome [3]: (843.566666667)1.5611475217, -59.5831337269, 37371.8365557, 5.34430824529, 731.630889683, 
Chromsome [4]: (841.8)0.19096918424, -40.1167890918, 145625.303536, 17.4743151926, 2293.91657885, 
<------------ GEN 25--------------->
Chromsome [0]: (850.633333333)-39.3731316076, -85.3511728101, 59142.6082239, 6.97217356392, 2487.43742352, 
Chromsome [1]: (841.133333333)0.19096918424, -40.1167890918, -55837.9023328, 14.6585279436, 2293.91657885, 
Chromsome [2]: (837.233333333)0.19096918424, 66.6148156245, 73705.3984506, 29.086399254, 2314.21962509, 
Chromsome [3]: (837.233333333)0.19096918424, -19.117281826, 174324.153631, 9.58687272125, 758.002871421, 
Chromsome [4]: (837.233333333)0.19096918424, -44.243023465, 158336.427304, 0.215191043544, 854.894254351, 
<------------ GEN 26--------------->
Chromsome [0]: (855.166666667)-39.3731316076, -85.3511728101, 59142.6082239, 6.97217356392, 2487.43742352, 
Chromsome [1]: (847.766666667)2.756528029, 225.514395671, 48294.0454038, 24.126142237, 1272.07644734, 
Chromsome [2]: (838.866666667)0.19096918424, -19.117281826, 174324.153631, 9.58687272125, 758.002871421, 
Chromsome [3]: (838.866666667)0.19096918424, 66.6148156245, 73705.3984506, 29.086399254, 2314.21962509, 
Chromsome [4]: (838.866666667)0.19096918424, -40.1167890918, 55837.9023328, 25.2206600481, 2293.91657885, 
<------------ GEN 27--------------->
Chromsome [0]: (866.566666667)-39.3731316076, -85.3511728101, 59142.6082239, 6.97217356392, 2487.43742352, 
Chromsome [1]: (863.666666667)0.19096918424, -19.117281826, 174324.153631, 9.58687272125, 758.002871421, 
Chromsome [2]: (863.666666667)0.19096918424, -40.1167890918, 55837.9023328, 1.16361939088, 2487.43742352, 
Chromsome [3]: (863.6)0.93516269293, -85.3511728101, 43009.1692476, 6.97217356392, 2487.43742352, 
Chromsome [4]: (863.466666667)1.61416306334, -23.301672911, 11957.6519544, 4.44514824622, 2546.10856562, 
<------------ GEN 28--------------->
Chromsome [0]: (839.5)-39.3731316076, -85.3511728101, 59142.6082239, 6.97217356392, 2487.43742352, 
Chromsome [1]: (830.366666667)0.19096918424, -199.903739977, 55837.9023328, 8.80237607335, 1074.49295675, 
Chromsome [2]: (816.5)2.7647029841, -63.1540601568, 175466.062353, 5.34430824529, 731.630889683, 
Chromsome [3]: (816.466666667)6.22523547019, 30.6258363702, 173332.114073, 27.5090044702, 819.692426351, 
Chromsome [4]: (813.6)0.19096918424, -19.117281826, 129482.292701, 27.5090044702, 2487.43742352, 
<------------ GEN 29--------------->
Chromsome [0]: (816.9)-35.8879610529, -126.927636549, 162170.822551, 11.4592551693, 2487.43742352, 
Chromsome [1]: (816.9)-39.3731316076, -85.3511728101, 59142.6082239, 6.97217356392, 2487.43742352, 
Chromsome [2]: (784.466666667)0.19096918424, -19.117281826, 129482.292701, 27.5090044702, 854.894254351, 
Chromsome [3]: (784.166666667)0.19096918424, -61.8236637448, 55837.9023328, 8.80237607335, 972.032809744, 
Chromsome [4]: (781.566666667)0.93516269293, -85.3511728101, 59142.6082239, 6.97217356392, 2487.43742352, 
<------------ GEN 30--------------->
Chromsome [0]: (828.733333333)-35.8879610529, -126.927636549, 162170.822551, 11.4592551693, 2487.43742352, 
Chromsome [1]: (808.9)0.19096918424, 123.16263761, 59142.6082239, 11.3154855676, 2487.43742352, 
Chromsome [2]: (806.0)2.756528029, -45.5143956712, 14362.4658999, 0.685545498471, 1074.49295675, 
Chromsome [3]: (805.7)0.19096918424, -8.63901143756, 175466.062353, 5.72261103927, 819.692426351, 
Chromsome [4]: (805.666666667)0.19096918424, -19.117281826, 129482.292701, 27.5090044702, 854.894254351, 
<------------ GEN 31--------------->
Chromsome [0]: (833.633333333)-35.8879610529, -126.927636549, 162170.822551, 11.4592551693, 2487.43742352, 
Chromsome [1]: (818.8)0.19096918424, 234.914142932, 33748.3956304, 12.8957084354, 2636.39950142, 
Chromsome [2]: (817.233333333)0.19096918424, 56.8373623901, 59142.6082239, 11.3154855676, 2487.43742352, 
Chromsome [3]: (811.733333333)0.19096918424, -61.6459817509, 59142.6082239, 15.5125570319, 2487.43742352, 
Chromsome [4]: (810.6)0.19096918424, -8.63901143756, 146555.371999, 26.8138005251, 819.692426351, 
<------------ GEN 32--------------->
Chromsome [0]: (826.9)-31.6694370044, -61.8236637448, 39362.7213281, 0.685545498471, 1074.49295675, 
Chromsome [1]: (826.9)-37.3577157213, -53.6433802932, 9852.70161615, 3.55799935399, 2487.43742352, 
Chromsome [2]: (826.9)-35.8879610529, -126.927636549, 162170.822551, 11.4592551693, 2487.43742352, 
Chromsome [3]: (790.866666667)0.19096918424, 4.16206243573, 90025.0160849, 14.6243942843, 2849.81244706, 
Chromsome [4]: (790.766666667)0.19096918424, -8.63901143756, 146555.371999, 27.6159078749, 2487.43742352, 
<------------ GEN 33--------------->
Chromsome [0]: (836.466666667)-76.1832972621, -60.6308060298, 180525.195848, 16.4952385793, 2436.61314174, 
Chromsome [1]: (836.466666667)-31.6694370044, -61.8236637448, 39362.7213281, 0.685545498471, 1074.49295675, 
Chromsome [2]: (807.8)0.19096918424, 4.16206243573, 90025.0160849, 11.3154855676, 2580.55890074, 
Chromsome [3]: (807.3)2.756528029, -2.78037423171, 14362.4658999, 28.4203334585, 2035.34507399, 
Chromsome [4]: (718.2)15.5469410744, 13.9083710315, 458821.983764, 27.6159078749, 2487.43742352, 
<------------ GEN 34--------------->
Chromsome [0]: (843.2)-76.1832972621, -60.6308060298, 180525.195848, 16.4952385793, 2436.61314174, 
Chromsome [1]: (817.433333333)0.19096918424, 4.16206243573, 9852.70161615, 27.1118962731, 972.032809744, 
Chromsome [2]: (809.266666667)2.756528029, -2.78037423171, 293944.0897, 28.4203334585, 2035.34507399, 
Chromsome [3]: (713.9)15.3979212339, 30.6258363702, 79843.8273486, 11.3154855676, 1908.40070488, 
Chromsome [4]: (699.033333333)9.1995286477, -69.7817868688, 59142.6082239, 15.5125570319, 1713.01697558, 
<------------ GEN 35--------------->
Chromsome [0]: (843.566666667)-76.1832972621, -60.6308060298, 180525.195848, 16.4952385793, 2436.61314174, 
Chromsome [1]: (813.6)0.19096918424, 4.16206243573, 9852.70161615, 27.1118962731, 972.032809744, 
Chromsome [2]: (811.0)4.38018224309, 75.5016194095, 100631.234037, 6.97217356392, 2436.61314174, 
Chromsome [3]: (679.933333333)9.1995286477, -69.7817868688, 59142.6082239, 3.57767737314, 1517.61621773, 
Chromsome [4]: (679.933333333)9.1995286477, -69.7817868688, 59142.6082239, 10.7196184893, 2044.19869247, 
<------------ GEN 36--------------->
Chromsome [0]: (836.3)-16.7270338076, 52.7169686391, 142289.608473, 16.4952385793, 2425.49937654, 
Chromsome [1]: (836.3)-76.1832972621, -60.6308060298, 180525.195848, 16.4952385793, 2436.61314174, 
Chromsome [2]: (799.433333333)4.38018224309, 75.5016194095, 100631.234037, 10.9394748192, 2436.61314174, 
Chromsome [3]: (686.0)9.1995286477, -68.296786512, 179474.804152, 16.4952385793, 2436.61314174, 
Chromsome [4]: (677.033333333)15.3979212339, 30.6258363702, 9852.70161615, 15.7714993745, 1242.56555835, 
<------------ GEN 37--------------->
Chromsome [0]: (821.533333333)-16.7270338076, 52.7169686391, 142289.608473, 16.4952385793, 2425.49937654, 
Chromsome [1]: (741.733333333)3.30686564803, 1.14343192523, 90025.0160849, 11.3154855676, 2133.79578429, 
Chromsome [2]: (723.466666667)4.38018224309, 75.5016194095, 100631.234037, 10.9394748192, 2436.61314174, 
Chromsome [3]: (723.466666667)4.38018224309, 75.5016194095, 100631.234037, 11.8186798444, 777.729973989, 
Chromsome [4]: (661.866666667)15.3979212339, 30.6258363702, 151685.456292, 4.59872798341, 1074.49295675, 
<------------ GEN 38--------------->
Chromsome [0]: (841.5)-16.7270338076, 52.7169686391, 142289.608473, 16.4952385793, 2425.49937654, 
Chromsome [1]: (768.333333333)3.30686564803, 1.14343192523, 29813.4575812, 22.2530404059, 2713.82287255, 
Chromsome [2]: (768.333333333)3.30686564803, 1.14343192523, 90025.0160849, 7.10375737229, 2133.79578429, 
Chromsome [3]: (748.933333333)4.38018224309, 75.5016194095, 100631.234037, 10.9394748192, 1546.07784997, 
Chromsome [4]: (685.1)6.30828948689, 208.286674997, 142289.608473, 12.3338277848, 777.729973989, 
<------------ GEN 39--------------->
Chromsome [0]: (817.8)-82.0678284939, 52.7169686391, 142289.608473, 8.31242188716, 2425.49937654, 
Chromsome [1]: (817.8)-16.7270338076, 52.7169686391, 142289.608473, 16.4952385793, 2425.49937654, 
Chromsome [2]: (751.466666667)3.30686564803, 1.14343192523, 90025.0160849, 7.10375737229, 2133.79578429, 
Chromsome [3]: (751.466666667)3.30686564803, 1.14343192523, 90025.0160849, 27.3798311786, 1680.75342579, 
Chromsome [4]: (748.8)3.30686564803, 75.5016194095, 100631.234037, 10.9394748192, 1348.49832388, 
<------------ GEN 40--------------->
Chromsome [0]: (810.133333333)-82.0678284939, 52.7169686391, 142289.608473, 8.31242188716, 2425.49937654, 
Chromsome [1]: (769.166666667)3.30686564803, -82.9054544753, 74227.7162989, 39.5796333978, 2959.74881518, 
Chromsome [2]: (750.2)3.30686564803, 75.5016194095, 100631.234037, 10.9394748192, 2500.69371797, 
Chromsome [3]: (746.4)3.30686564803, -60.6308060298, 29426.9916253, 22.3041284479, 2648.56693559, 
Chromsome [4]: (744.166666667)3.30686564803, 1.14343192523, 90025.0160849, 27.3798311786, 1680.75342579, 
<------------ GEN 41--------------->
Chromsome [0]: (829.5)-82.0678284939, 52.7169686391, 142289.608473, 8.31242188716, 2425.49937654, 
Chromsome [1]: (798.5)3.30686564803, -82.9054544753, 74227.7162989, 29.9399713393, 2648.56693559, 
Chromsome [2]: (777.1)2.64284835856, 52.7169686391, 37237.9768329, 26.4911591144, 1713.01697558, 
Chromsome [3]: (775.4)3.30686564803, 1.14343192523, 166482.483481, 22.2530404059, 2713.82287255, 
Chromsome [4]: (772.833333333)3.30686564803, 52.7169686391, 119709.522668, 16.4952385793, 2425.49937654, 
<------------ GEN 42--------------->
Chromsome [0]: (851.333333333)-82.0678284939, 52.7169686391, 142289.608473, 8.31242188716, 2425.49937654, 
Chromsome [1]: (822.8)3.30686564803, 1.14343192523, -206810.891628, 22.2530404059, 2713.82287255, 
Chromsome [2]: (807.233333333)3.30686564803, 1.14343192523, 166482.483481, 22.2530404059, 2713.82287255, 
Chromsome [3]: (807.066666667)4.38018224309, -145.245778918, 8697.97090167, 16.4952385793, 1079.04207868, 
Chromsome [4]: (805.566666667)3.30686564803, 72.05549126, 119709.522668, 15.1607397461, 1074.3745536, 
<------------ GEN 43--------------->
Chromsome [0]: (844.033333333)-18.4561952545, 1.14343192523, 206810.891628, 22.2530404059, 2713.82287255, 
Chromsome [1]: (844.033333333)-82.0678284939, 52.7169686391, 142289.608473, 8.31242188716, 2425.49937654, 
Chromsome [2]: (799.7)3.30686564803, 1.14343192523, 166482.483481, 6.01257292288, 2713.82287255, 
Chromsome [3]: (797.866666667)3.30686564803, -60.6308060298, 91464.0294473, 23.8741378606, 1551.551532, 
Chromsome [4]: (797.866666667)3.30686564803, 8.07868211974, 74227.7162989, 29.9399713393, 2648.56693559, 
<------------ GEN 44--------------->
Chromsome [0]: (837.033333333)-184.330244514, 72.05549126, 119709.522668, 0.860340966188, 2538.13824796, 
Chromsome [1]: (837.033333333)-18.4561952545, 1.14343192523, 206810.891628, 22.2530404059, 2713.82287255, 
Chromsome [2]: (783.733333333)3.30686564803, 1.14343192523, 166482.483481, 6.01257292288, 4185.26157201, 
Chromsome [3]: (782.633333333)6.30828948689, -28.2866749967, 148624.103614, 29.0159971684, -1653.95812618, 
Chromsome [4]: (781.533333333)3.30686564803, 8.07868211974, 74227.7162989, 29.9399713393, 2425.49937654, 
<------------ GEN 45--------------->
Chromsome [0]: (822.933333333)-38.1499247251, 8.07868211974, 74227.7162989, 29.9399713393, 2425.49937654, 
Chromsome [1]: (822.933333333)-184.330244514, 72.05549126, 119709.522668, 0.860340966188, 2538.13824796, 
Chromsome [2]: (791.6)3.30686564803, -88.2608577364, 142289.608473, 15.4740552186, 2425.49937654, 
Chromsome [3]: (772.033333333)6.30828948689, -28.2866749967, 148624.103614, 24.9038250471, 2653.95812618, 
Chromsome [4]: (770.6)6.8734465058, 35.0126442704, 49504.3160473, 6.44735268893, 2840.47968697, 
<------------ GEN 46--------------->
Chromsome [0]: (829.233333333)-38.1499247251, 8.07868211974, 74227.7162989, 29.9399713393, 2425.49937654, 
Chromsome [1]: (798.633333333)3.30686564803, -88.2608577364, 24210.0087075, 15.4740552186, 4027.01299842, 
Chromsome [2]: (798.633333333)3.30686564803, -88.2608577364, 142289.608473, 15.4740552186, 821.105799197, 
Chromsome [3]: (775.433333333)3.30686564803, -60.6308060298, 96035.3405148, 5.03216792117, 1456.00777209, 
Chromsome [4]: (775.433333333)3.30686564803, -50.6322892204, 37772.0072128, 29.9399713393, 703.601967502, 
<------------ GEN 47--------------->
Chromsome [0]: (835.9)-11.8985267957, -2.15925341318, 49504.3160473, 28.5153969296, 975.268805096, 
Chromsome [1]: (835.9)-38.1499247251, 8.07868211974, 74227.7162989, 29.9399713393, 2425.49937654, 
Chromsome [2]: (797.733333333)3.30686564803, -88.2608577364, 19205.6013521, 0.882479509772, 821.105799197, 
Chromsome [3]: (777.933333333)9.61856443391, 75.5016194095, -24757.3859988, 4.38073301403, 2170.4435073, 
Chromsome [4]: (772.433333333)6.30828948689, -28.2866749967, 148624.103614, 13.177176993, 512.766302069, 
<------------ GEN 48--------------->
Chromsome [0]: (826.233333333)-11.8985267957, -2.15925341318, 49504.3160473, 28.5153969296, 975.268805096, 
Chromsome [1]: (789.133333333)3.30686564803, -88.2608577364, 284262.393509, 0.882479509772, 821.105799197, 
Chromsome [2]: (788.666666667)3.30686564803, -86.9112795022, 49504.3160473, 20.0344417075, 508.232340846, 
Chromsome [3]: (772.9)6.30828948689, -28.2866749967, -4812.61720353, 13.177176993, 2061.92712224, 
Chromsome [4]: (762.066666667)3.30686564803, -60.6308060298, 79403.2161827, 26.4911591144, 1055.50715308, 
<------------ GEN 49--------------->
Chromsome [0]: (818.333333333)-11.8985267957, -2.15925341318, 49504.3160473, 28.5153969296, 975.268805096, 
Chromsome [1]: (801.2)3.30686564803, -88.2608577364, 75737.6064909, 0.882479509772, 887.440420278, 
Chromsome [2]: (800.866666667)3.30686564803, -86.9112795022, 49504.3160473, 28.2721976002, 733.899340623, 
Chromsome [3]: (800.033333333)3.30686564803, -125.657221434, 145677.928506, 14.5076057, 2425.49937654, 
Chromsome [4]: (793.8)6.30828948689, -28.2866749967, 4812.61720353, 13.177176993, 2761.49375217, 
<------------ GEN 50--------------->
Chromsome [0]: (817.666666667)-11.8985267957, -2.15925341318, 49504.3160473, 28.5153969296, 975.268805096, 
Chromsome [1]: (789.433333333)3.30686564803, -86.9112795022, 49504.3160473, 28.2721976002, 2128.16362997, 
Chromsome [2]: (788.466666667)3.30686564803, -88.2608577364, 75737.6064909, 4.15025360948, 887.440420278, 
Chromsome [3]: (780.033333333)5.11585393962, -54.3427785656, 145677.928506, 14.5076057, 2425.49937654, 
Chromsome [4]: (778.833333333)6.30828948689, 27.7611664075, 119709.522668, 0.860340966188, 1997.33995489, 
<------------ GEN 51--------------->
Chromsome [0]: (830.2)-11.8985267957, -2.15925341318, 49504.3160473, 28.5153969296, 975.268805096, 
Chromsome [1]: (792.2)3.30686564803, -86.9112795022, 49504.3160473, 8.97788627938, 1456.00777209, 
Chromsome [2]: (779.2)5.11585393962, -54.3427785656, 145677.928506, 10.1221537657, 2425.49937654, 
Chromsome [3]: (777.8)6.30828948689, 27.7611664075, 119709.522668, 0.860340966188, 1997.33995489, 
Chromsome [4]: (774.233333333)3.30686564803, 2.85171501201, 42298.497453, 28.2721976002, 2128.16362997, 
<------------ GEN 52--------------->
Chromsome [0]: (833.666666667)-11.8985267957, -2.15925341318, 49504.3160473, 28.5153969296, 975.268805096, 
Chromsome [1]: (790.133333333)1.86374113102, -24.3078765111, 113330.959047, 1.48330098014, 2706.8163785, 
Chromsome [2]: (788.3)6.30828948689, 27.7611664075, 119709.522668, 0.860340966188, 2425.49937654, 
Chromsome [3]: (769.766666667)3.30686564803, -2.15925341318, 38452.9387527, 25.922211382, 3643.43889067, 
Chromsome [4]: (769.033333333)3.30686564803, 2.85171501201, 42298.497453, 28.2721976002, 2128.16362997, 
<------------ GEN 53--------------->
Chromsome [0]: (846.566666667)-11.8985267957, -2.15925341318, 49504.3160473, 28.5153969296, 975.268805096, 
Chromsome [1]: (794.533333333)3.30686564803, 20.3958192908, 1886.1260401, 29.9399713393, 1155.05912921, 
Chromsome [2]: (780.3)3.30686564803, 22.7004282527, 64559.3984828, -16.6160939514, 1456.00777209, 
Chromsome [3]: (780.133333333)3.30686564803, 27.7611664075, 119709.522668, 0.860340966188, 2425.49937654, 
Chromsome [4]: (778.6)3.30686564803, -8.45096324813, 64559.3984828, 27.4693646041, 1717.76878745, 
<------------ GEN 54--------------->
Chromsome [0]: (832.833333333)-11.8985267957, -2.15925341318, 49504.3160473, 28.5153969296, 975.268805096, 
Chromsome [1]: (787.266666667)2.22399748799, 22.7004282527, 95230.3839813, 16.6160939514, 1456.00777209, 
Chromsome [2]: (761.666666667)5.11585393962, -140.531887315, 145677.928506, 10.7923535978, 2132.39839876, 
Chromsome [3]: (757.033333333)3.30686564803, -2.15925341318, 38452.9387527, 25.922211382, 2356.56110933, 
Chromsome [4]: (755.566666667)3.30686564803, 36.7937687468, 178738.001043, 16.3127412864, 975.268805096, 
<------------ GEN 55--------------->
Chromsome [0]: (817.433333333)-79.4492380601, 27.7611664075, 101821.680305, 0.318888600285, 1529.72754271, 
Chromsome [1]: (817.433333333)-11.8985267957, -2.15925341318, 49504.3160473, 28.5153969296, 975.268805096, 
Chromsome [2]: (772.666666667)2.22399748799, 22.7004282527, 95230.3839813, 16.6160939514, 1456.00777209, 
Chromsome [3]: (761.933333333)3.30686564803, -60.3628224791, -121765.060348, 1.48330098014, 2867.68118868, 
Chromsome [4]: (750.7)5.09745232191, -44.8658617821, 84724.4536028, 8.97788627938, 538.715365217, 
<------------ GEN 56--------------->
Chromsome [0]: (831.933333333)-79.4492380601, 27.7611664075, 101821.680305, 0.318888600285, 1529.72754271, 
Chromsome [1]: (788.166666667)2.22399748799, 22.7004282527, 155355.960881, 28.5153969296, 975.268805096, 
Chromsome [2]: (763.066666667)3.30686564803, 67.3278699517, 121765.060348, 1.48330098014, 2970.05152684, 
Chromsome [3]: (763.066666667)3.30686564803, 75.1699073782, 93036.026489, 16.3127412864, 2417.76520873, 
Chromsome [4]: (760.533333333)5.09745232191, 67.4689758262, 74309.707266, 5.26164288305, 2589.83017388, 
<------------ GEN 57--------------->
Chromsome [0]: (803.666666667)-79.4505984028, -44.8658617821, 43957.4940185, 6.00464681798, 1155.05912921, 
Chromsome [1]: (803.666666667)-79.4492380601, 27.7611664075, 101821.680305, 0.318888600285, 1529.72754271, 
Chromsome [2]: (713.4)5.11585393962, -60.3628224791, 44984.845654, 23.1888256658, 2706.8163785, 
Chromsome [3]: (713.4)5.11585393962, -58.582793626, 183569.606303, 18.4385543048, 2086.75647299, 
Chromsome [4]: (710.133333333)5.11585393962, -39.4681126847, 128275.4642, 10.7923535978, 2417.76520873, 
<------------ GEN 58--------------->
Chromsome [0]: (813.266666667)-79.4505984028, -44.8658617821, 43957.4940185, 6.00464681798, 1155.05912921, 
Chromsome [1]: (736.033333333)3.30686564803, 80.7376955965, 67205.024148, 10.7923535978, 1082.74157016, 
Chromsome [2]: (732.433333333)5.11585393962, -60.3628224791, 44984.845654, 23.1888256658, 929.691694057, 
Chromsome [3]: (730.166666667)3.30686564803, -39.4681126847, 13827.9839857, 10.7923535978, 2672.5382185, 
Chromsome [4]: (729.133333333)5.11585393962, -39.4681126847, 128275.4642, 10.7923535978, 975.268805096, 
<------------ GEN 59--------------->
Chromsome [0]: (810.933333333)-42.5191246835, -38.1363275811, 12482.3550292, 22.0717532776, 975.268805096, 
Chromsome [1]: (810.933333333)-79.4505984028, -44.8658617821, 43957.4940185, 6.00464681798, 1155.05912921, 
Chromsome [2]: (757.266666667)3.30686564803, 80.7376955965, 67205.024148, 10.7923535978, 1082.74157016, 
Chromsome [3]: (755.433333333)3.30686564803, -83.771773013, 52972.4005204, 22.2221191577, 2504.6084536, 
Chromsome [4]: (754.5)5.11585393962, -39.4681126847, 128275.4642, 10.7923535978, 1717.76878745, 
<------------ GEN 60--------------->
Chromsome [0]: (808.466666667)-42.5191246835, -38.1363275811, 12482.3550292, 22.0717532776, 975.268805096, 
Chromsome [1]: (742.266666667)3.30686564803, 80.7376955965, 67205.024148, 10.7923535978, 2974.61315776, 
Chromsome [2]: (735.333333333)3.30686564803, -2.15925341318, 68834.930554, 24.8869543069, 1529.72754271, 
Chromsome [3]: (734.1)3.30686564803, -70.8162955267, 41996.8228944, 28.2954177292, 2885.95655705, 
Chromsome [4]: (727.5)5.11585393962, -39.4681126847, 12482.3550292, 22.0717532776, 975.268805096, 
<------------ GEN 61--------------->
Chromsome [0]: (808.566666667)-42.5191246835, -38.1363275811, 12482.3550292, 22.0717532776, 975.268805096, 
Chromsome [1]: (772.766666667)3.30686564803, -118.684553737, 67205.024148, 10.7923535978, 2974.61315776, 
Chromsome [2]: (761.2)3.30686564803, -87.542447031, 67205.024148, 10.7923535978, 2974.61315776, 
Chromsome [3]: (748.8)4.41974685305, -83.771773013, 52972.4005204, 6.00464681798, 1013.70421683, 
Chromsome [4]: (747.166666667)5.11585393962, -60.3628224791, 83.3796289525, 24.3012202721, 2132.39839876, 
<------------ GEN 62--------------->
Chromsome [0]: (795.233333333)-42.5191246835, -38.1363275811, 12482.3550292, 22.0717532776, 975.268805096, 
Chromsome [1]: (755.933333333)3.15624911449, 82.5938970905, 83.3796289525, 24.3012202721, 2132.39839876, 
Chromsome [2]: (738.166666667)5.11585393962, -60.3628224791, 83.3796289525, 24.3012202721, 1883.53810854, 
Chromsome [3]: (738.166666667)5.11585393962, -60.3628224791, 83.3796289525, 24.3012202721, 842.978371408, 
Chromsome [4]: (734.966666667)4.41974685305, -83.771773013, 169067.416608, 6.00464681798, 1013.70421683, 
<------------ GEN 63--------------->
Chromsome [0]: (816.533333333)-42.5191246835, -38.1363275811, 12482.3550292, 22.0717532776, 975.268805096, 
Chromsome [1]: (791.9)3.15624911449, 82.5938970905, 83.3796289525, 26.916669155, 2132.39839876, 
Chromsome [2]: (767.9)4.41974685305, -83.771773013, -21561.5741959, 24.8869543069, 1529.72754271, 
Chromsome [3]: (766.233333333)5.11585393962, -60.3628224791, 12482.3550292, 22.0717532776, 975.268805096, 
Chromsome [4]: (764.933333333)5.11585393962, -64.5980921414, 55255.062054, 0.318888600285, 1529.72754271, 
<------------ GEN 64--------------->
Chromsome [0]: (819.333333333)-160.146610509, -24.5946247952, 1781.35562204, 28.7349849794, 2180.2914369, 
Chromsome [1]: (819.333333333)-57.6598747906, -38.1363275811, 4080.17944565, 18.0953198504, 1612.73784245, 
Chromsome [2]: (819.333333333)-42.5191246835, -38.1363275811, 12482.3550292, 22.0717532776, 975.268805096, 
Chromsome [3]: (795.366666667)3.15624911449, 82.5938970905, 83.3796289525, 28.2954177292, 2885.95655705, 
Chromsome [4]: (777.066666667)4.41974685305, -83.771773013, 21561.5741959, 24.8869543069, 1529.72754271, 
<------------ GEN 65--------------->
Chromsome [0]: (823.866666667)-70.3397803598, -28.502742453, 141139.352915, 21.4207221766, 2573.35275531, 
Chromsome [1]: (823.866666667)-160.146610509, -24.5946247952, 1781.35562204, 28.7349849794, 2180.2914369, 
Chromsome [2]: (782.566666667)3.15624911449, -6.46658030546, 83.3796289525, 13.1237507976, 842.978371408, 
Chromsome [3]: (769.0)3.30686564803, -51.1586576552, 41996.8228944, 13.5056544257, 1456.00777209, 
Chromsome [4]: (749.8)5.11585393962, -81.2096080619, 1781.35562204, 21.771982721, 2180.2914369, 
<------------ GEN 66--------------->
Chromsome [0]: (821.566666667)-70.3397803598, -28.502742453, 141139.352915, 21.4207221766, 2573.35275531, 
Chromsome [1]: (773.433333333)4.41974685305, -61.3154462633, 59947.6748815, 27.3537518183, 1995.32697485, 
Chromsome [2]: (772.866666667)3.15624911449, -6.46658030546, 38001.2968988, 26.4869277358, 2228.9953082, 
Chromsome [3]: (771.1)5.11585393962, -81.2096080619, 39690.5636011, 21.771982721, 1621.89399758, 
Chromsome [4]: (770.7)5.11585393962, 80.3187540991, 45444.0740982, 13.2810464045, -2653.36450227, 
<------------ GEN 67--------------->
Chromsome [0]: (796.833333333)-9.05435301095, 82.5938970905, 83.3796289525, 28.2954177292, 2626.83582139, 
Chromsome [1]: (796.833333333)-70.3397803598, -28.502742453, 141139.352915, 21.4207221766, 2573.35275531, 
Chromsome [2]: (745.7)5.11585393962, -77.9538291395, 110133.818784, 12.488860793, 1101.56449765, 
Chromsome [3]: (743.3)6.51205785972, 40.3437839752, 68472.5983707, 28.2954177292, 2885.95655705, 
Chromsome [4]: (742.266666667)4.41974685305, -61.3154462633, 59947.6748815, 27.3537518183, 1995.32697485, 
<------------ GEN 68--------------->
Chromsome [0]: (802.1)-9.05435301095, 82.5938970905, 83.3796289525, 28.2954177292, 2626.83582139, 
Chromsome [1]: (745.0)4.41974685305, -112.597396786, 149490.787506, 6.00464681798, 2573.35275531, 
Chromsome [2]: (744.866666667)4.41974685305, 80.4809329106, 149490.787506, 6.00464681798, 2073.09923301, 
Chromsome [3]: (744.0)5.11585393962, -77.9538291395, 110133.818784, 24.8190824051, 2132.39839876, 
Chromsome [4]: (741.0)4.41974685305, 59.0024468934, 59947.6748815, 5.57814263013, 2001.78416815, 
<------------ GEN 69--------------->
Chromsome [0]: (796.2)-56.9964221261, -28.0134511577, 73589.6656258, 25.1215661114, 842.978371408, 
Chromsome [1]: (796.2)-9.05435301095, 82.5938970905, 83.3796289525, 28.2954177292, 2626.83582139, 
Chromsome [2]: (732.8)4.41974685305, 80.4809329106, 45444.0740982, 13.2810464045, 1575.8433288, 
Chromsome [3]: (730.966666667)4.41974685305, -67.4026032138, 149490.787506, 6.00464681798, 1353.84679368, 
Chromsome [4]: (726.166666667)4.41974685305, 59.0024468934, 59947.6748815, 5.57814263013, 1266.8608662, 
<------------ GEN 70--------------->
Chromsome [0]: (808.733333333)-91.3644343943, 69.6226037336, 1781.35562204, 29.1796868086, 719.022758606, 
Chromsome [1]: (808.733333333)-36.0627435261, 40.3437839752, 153678.926406, 19.9981034321, 2321.37036282, 
Chromsome [2]: (808.733333333)-56.9964221261, -28.0134511577, 73589.6656258, 25.1215661114, 842.978371408, 
Chromsome [3]: (735.566666667)4.41974685305, 80.4809329106, 45444.0740982, 13.2810464045, 1575.8433288, 
Chromsome [4]: (735.566666667)4.41974685305, 80.4809329106, 45444.0740982, 13.2810464045, 2626.83582139, 
<------------ GEN 71--------------->
Chromsome [0]: (821.233333333)-91.3644343943, 69.6226037336, 1781.35562204, 29.1796868086, 719.022758606, 
Chromsome [1]: (757.9)4.41974685305, 80.4809329106, 31681.8924494, 13.2810464045, 2626.83582139, 
Chromsome [2]: (757.2)4.41974685305, 80.4809329106, 45444.0740982, 13.2810464045, 1575.8433288, 
Chromsome [3]: (755.7)5.11585393962, -46.9089899255, 53520.7353866, 15.1358033302, 2742.56968328, 
Chromsome [4]: (750.866666667)7.19929047635, 29.6500283512, 45444.0740982, 25.8512514814, 2602.06859108, 
<------------ GEN 72--------------->
Chromsome [0]: (831.3)-233.40520914, 12.3582168435, 83.3796289525, 5.73258750665, 2001.78416815, 
Chromsome [1]: (831.3)-123.13776246, 82.5938970905, 82989.7957416, 5.57814263013, 2132.39839876, 
Chromsome [2]: (831.3)-91.3644343943, 69.6226037336, 1781.35562204, 29.1796868086, 719.022758606, 
Chromsome [3]: (755.366666667)4.41974685305, 80.4809329106, 45444.0740982, 1.46883495943, 2174.2223504, 
Chromsome [4]: (752.233333333)4.41974685305, 80.4809329106, 31681.8924494, 11.4372395801, 2321.37036282, 
<------------ GEN 73--------------->
Chromsome [0]: (844.033333333)-233.40520914, 12.3582168435, 83.3796289525, 5.73258750665, 2001.78416815, 
Chromsome [1]: (778.3)4.41974685305, 80.4809329106, 45444.0740982, 1.46883495943, 2132.39839876, 
Chromsome [2]: (778.3)4.41974685305, 80.4809329106, 80370.0529428, 24.7541365965, 1766.44772193, 
Chromsome [3]: (739.566666667)4.2750306791, -15.678814952, 57505.8846515, 85.3969988089, 2446.49706386, 
Chromsome [4]: (735.433333333)4.41974685305, 28.5386543356, 45444.0740982, 1.46883495943, 2321.37036282, 
<------------ GEN 74--------------->
Chromsome [0]: (855.4)-33.60520914, 12.3582168435, 1781.35562204, 15.3708589389, 1202.41765449, 
Chromsome [1]: (855.4)-233.40520914, 12.3582168435, 83.3796289525, 5.73258750665, 2001.78416815, 
Chromsome [2]: (739.066666667)4.41974685305, 8.30271608954, 1781.35562204, 20.960310266, 2174.2223504, 
Chromsome [3]: (737.4)4.41974685305, -21.9356480509, 23756.6925834, 24.8190824051, 2132.39839876, 
Chromsome [4]: (735.666666667)5.68744000714, -87.0945649076, 120995.027356, 12.0088447109, 1383.10814779, 
<------------ GEN 75--------------->
Chromsome [0]: (853.833333333)-24.0827458732, -24.5946247952, 1781.35562204, 28.2954177292, 2394.6912251, 
Chromsome [1]: (853.833333333)-33.60520914, 12.3582168435, 1781.35562204, 15.3708589389, 1202.41765449, 
Chromsome [2]: (723.833333333)4.41974685305, 8.30271608954, 1781.35562204, 20.960310266, 557.748126553, 
Chromsome [3]: (721.9)4.41974685305, -21.9356480509, 155405.54636, 24.8190824051, 2132.39839876, 
Chromsome [4]: (721.866666667)5.68744000714, -87.0945649076, 72001.9961731, 12.0088447109, 1383.10814779, 
<------------ GEN 76--------------->
Chromsome [0]: (848.9)-59.5324738524, 12.3582168435, 83.3796289525, 5.73258750665, 2321.37036282, 
Chromsome [1]: (848.9)-33.60520914, 12.3582168435, 83.3796289525, 0.234467588266, 2446.49706386, 
Chromsome [2]: (848.9)-24.0827458732, -24.5946247952, 1781.35562204, 28.2954177292, 2394.6912251, 
Chromsome [3]: (842.466666667)1.07682925908, 8.30271608954, 1781.35562204, 20.960310266, 1075.8127998, 
Chromsome [4]: (701.966666667)5.68744000714, -40.9731421602, 169791.491846, 29.1796868086, 719.022758606, 
<------------ GEN 77--------------->
Chromsome [0]: (843.5)-10.1709634374, 0.871857245126, 176727.873066, 11.5095122912, 1202.41765449, 
Chromsome [1]: (843.5)-59.5324738524, 12.3582168435, 83.3796289525, 5.73258750665, 2321.37036282, 
Chromsome [2]: (826.533333333)1.07682925908, 8.30271608954, 1781.35562204, 20.960310266, 2259.16017325, 
Chromsome [3]: (819.7)1.07682925908, 114.841891539, 59187.4275841, 8.83948910582, 725.093840686, 
Chromsome [4]: (702.7)5.68744000714, -87.0945649076, 63082.0759038, 7.92911406921, 1901.06166056, 
<------------ GEN 78--------------->
Chromsome [0]: (835.566666667)-10.1709634374, 0.871857245126, 176727.873066, 11.5095122912, 1202.41765449, 
Chromsome [1]: (823.7)1.07682925908, 8.30271608954, 48462.132466, 20.960310266, 2259.16017325, 
Chromsome [2]: (820.433333333)1.07682925908, 65.1581084606, 59187.4275841, 43.3586507489, 1383.10814779, 
Chromsome [3]: (721.366666667)5.68744000714, -87.0945649076, 63082.0759038, 14.6377782223, 2001.78416815, 
Chromsome [4]: (676.666666667)5.68744000714, 8.30271608954, 179147.285424, 6.2502770987, 1812.70781034, 
<------------ GEN 79--------------->
Chromsome [0]: (834.4)0.147706634306, 12.3582168435, 133758.860841, 20.960310266, 1787.66099184, 
Chromsome [1]: (834.4)-10.1709634374, 0.871857245126, 176727.873066, 11.5095122912, 1202.41765449, 
Chromsome [2]: (818.533333333)1.07682925908, 65.1581084606, 59187.4275841, 16.6413492511, 2446.49706386, 
Chromsome [3]: (814.733333333)1.07682925908, -54.0296568557, 59187.4275841, 9.66602997834, 2626.83582139, 
Chromsome [4]: (814.166666667)1.07682925908, -45.7882414749, 139805.063701, 26.901068979, 563.945811765, 
<------------ GEN 80--------------->
Chromsome [0]: (826.966666667)-23.3310978048, 0.871857245126, 59187.4275841, 9.66602997834, 2626.83582139, 
Chromsome [1]: (816.466666667)0.147706634306, 12.3582168435, 133758.860841, 1.75961312981, 1787.66099184, 
Chromsome [2]: (816.466666667)0.147706634306, 12.3582168435, 133758.860841, 20.960310266, 1787.66099184, 
Chromsome [3]: (804.033333333)1.07682925908, -54.0296568557, 1781.35562204, 14.7845107376, 877.940379557, 
Chromsome [4]: (800.5)1.07682925908, 65.1581084606, 59187.4275841, 16.6413492511, 2446.49706386, 
<------------ GEN 81--------------->
Chromsome [0]: (825.933333333)-23.3310978048, 0.871857245126, 59187.4275841, 9.66602997834, 2626.83582139, 
Chromsome [1]: (815.433333333)0.147706634306, 12.3582168435, 133758.860841, 4.7907256742, 2001.78416815, 
Chromsome [2]: (804.066666667)1.07682925908, -110.230925678, 59187.4275841, 20.2672653142, 2830.73042235, 
Chromsome [3]: (803.066666667)1.07682925908, 65.1581084606, 83.3796289525, 2.19250924851, 2446.49706386, 
Chromsome [4]: (803.0)1.07682925908, -27.9601457151, 1781.35562204, 28.2954177292, 2266.57814104, 
<------------ GEN 82--------------->
Chromsome [0]: (815.0)-23.3310978048, 0.871857245126, 59187.4275841, 9.66602997834, 2626.83582139, 
Chromsome [1]: (808.333333333)0.147706634306, 90.6086813759, 133758.860841, 19.687704224, 1783.77021563, 
Chromsome [2]: (785.566666667)1.07682925908, 65.1581084606, 83.3796289525, 2.19250924851, 2984.46162231, 
Chromsome [3]: (785.5)1.07682925908, 67.7598079562, 1781.35562204, 28.2954177292, 2266.57814104, 
Chromsome [4]: (775.366666667)1.07682925908, -69.7690743219, 59187.4275841, 20.960310266, 2450.31233682, 
<------------ GEN 83--------------->
Chromsome [0]: (830.8)0.147706634306, -81.5551722679, 133758.860841, 23.6169086356, 1783.77021563, 
Chromsome [1]: (830.8)-23.3310978048, 0.871857245126, 59187.4275841, 9.66602997834, 2626.83582139, 
Chromsome [2]: (817.866666667)1.07682925908, 67.7598079562, 1781.35562204, 17.085071333, -401.489862588, 
Chromsome [3]: (815.833333333)1.07682925908, 65.1581084606, 34517.8639308, 16.4770825356, 2815.22500481, 
Chromsome [4]: (813.466666667)1.07682925908, -69.7690743219, 59187.4275841, 6.12798644942, 2450.31233682, 
<------------ GEN 84--------------->
Chromsome [0]: (835.033333333)-99.9897997406, -6.69708665634, 176727.873066, 12.1649602456, 548.352917525, 
Chromsome [1]: (814.266666667)0.147706634306, -81.5551722679, 117721.65179, 0.175378079111, 1795.16048494, 
Chromsome [2]: (814.266666667)0.147706634306, -81.5551722679, 136384.670787, 23.6169086356, 1783.77021563, 
Chromsome [3]: (814.266666667)0.147706634306, -81.5551722679, 133758.860841, 23.6169086356, 1783.77021563, 
Chromsome [4]: (812.066666667)1.07682925908, 65.1581084606, 34517.8639308, 6.12798644942, 2450.31233682, 
<------------ GEN 85--------------->
Chromsome [0]: (838.4)1.07682925908, 26.5272430601, 1781.35562204, 0.385287081799, 1519.01550711, 
Chromsome [1]: (836.9)-134.385653696, -40.3765937545, 59187.4275841, 4.61908629454, 2626.83582139, 
Chromsome [2]: (836.9)-99.9897997406, -6.69708665634, 176727.873066, 12.1649602456, 548.352917525, 
Chromsome [3]: (826.633333333)0.147706634306, -81.5551722679, 133758.860841, 16.7469987464, 1361.66348489, 
Chromsome [4]: (826.633333333)0.147706634306, -81.5551722679, 136384.670787, 23.6169086356, 2602.46281009, 
<------------ GEN 86--------------->
Chromsome [0]: (855.066666667)1.07682925908, 26.5272430601, 1781.35562204, 0.385287081799, 1519.01550711, 
Chromsome [1]: (853.266666667)-8.46441893082, -65.5100793367, 65317.5397329, 12.2589551114, 2909.63073779, 
Chromsome [2]: (833.766666667)1.07682925908, -181.972818188, 50606.3407939, 23.6114365654, 2919.30294627, 
Chromsome [3]: (832.5)0.147706634306, -81.5551722679, 136384.670787, 23.6169086356, 2602.46281009, 
Chromsome [4]: (828.633333333)1.07682925908, 0.871857245126, 26115.4671668, 18.7117652207, 1198.14794669, 
<------------ GEN 87--------------->
Chromsome [0]: (842.4)1.07682925908, 26.5272430601, 1781.35562204, 0.385287081799, 1519.01550711, 
Chromsome [1]: (842.4)1.07682925908, 26.5272430601, 1781.35562204, 0.385287081799, 1519.01550711, 
Chromsome [2]: (831.0)0.147706634306, -81.5551722679, 136384.670787, 20.2672653142, 2446.49706386, 
Chromsome [3]: (822.133333333)1.07682925908, 1.97281818775, 137136.21886, 13.8485170365, 1605.61459287, 
Chromsome [4]: (820.8)1.07682925908, 0.871857245126, 26115.4671668, 18.7117652207, 1198.14794669, 
<------------ GEN 88--------------->
Chromsome [0]: (824.733333333)1.07682925908, 26.5272430601, 1781.35562204, 0.385287081799, 1519.01550711, 
Chromsome [1]: (824.733333333)1.07682925908, 26.5272430601, 1781.35562204, 0.385287081799, 1519.01550711, 
Chromsome [2]: (812.6)0.147706634306, -81.5551722679, 136384.670787, 20.2672653142, 2446.49706386, 
Chromsome [3]: (806.033333333)1.07682925908, 26.5272430601, 15639.8521294, 12.1649602456, 1724.44214845, 
Chromsome [4]: (800.266666667)1.07682925908, -8.98237063632, 67482.3043549, 16.5921092257, 2896.36416183, 
<------------ GEN 89--------------->
Chromsome [0]: (801.1)1.07682925908, 26.5272430601, 1781.35562204, 0.385287081799, 1519.01550711, 
Chromsome [1]: (800.466666667)1.07682925908, 20.7018314873, 1781.35562204, 0.385287081799, 1974.44452077, 
Chromsome [2]: (800.033333333)1.07682925908, 12.3582168435, 1781.35562204, 0.385287081799, 1519.01550711, 
Chromsome [3]: (777.833333333)0.147706634306, -81.5551722679, 136384.670787, 28.2843847898, 1075.55654047, 
Chromsome [4]: (777.7)1.07682925908, 26.5272430601, 15639.8521294, 12.1649602456, 1687.50916858, 
<------------ GEN 90--------------->
Chromsome [0]: (825.666666667)1.07682925908, -123.463886275, 1781.35562204, 0.385287081799, 6290.9410306, 
Chromsome [1]: (825.533333333)-252.350662284, 81.3266968846, 13563.64963, 18.6855975843, 2620.05923065, 
Chromsome [2]: (825.133333333)1.07682925908, 26.5272430601, 1781.35562204, 0.385287081799, 1519.01550711, 
Chromsome [3]: (824.5)1.07682925908, 20.7018314873, 1781.35562204, 0.385287081799, 2139.92904039, 
Chromsome [4]: (801.866666667)0.147706634306, -81.5551722679, 50606.3407939, 23.6114365654, 2919.30294627, 
<------------ GEN 91--------------->
Chromsome [0]: (818.033333333)1.07682925908, 256.077985965, 1781.35562204, 0.385287081799, 1414.75279404, 
Chromsome [1]: (818.033333333)1.07682925908, -123.463886275, 1781.35562204, 0.385287081799, 6290.9410306, 
Chromsome [2]: (807.0)0.147706634306, 11.5278766705, 155068.62133, 20.2672653142, 1662.82646981, 
Chromsome [3]: (800.733333333)1.07682925908, 0.871857245126, 161307.342469, 3.04152754465, 2463.62674143, 
Chromsome [4]: (800.666666667)1.07682925908, 1.97281818775, 166028.94788, 29.2830940151, 2919.30294627, 
<------------ GEN 92--------------->
Chromsome [0]: (829.333333333)-52.5506622839, 81.3266968846, 13563.64963, 18.7878081471, 2620.05923065, 
Chromsome [1]: (828.4)1.07682925908, 256.077985965, 1781.35562204, 0.385287081799, 1414.75279404, 
Chromsome [2]: (828.066666667)1.07682925908, 34.1547296561, 1781.35562204, 0.385287081799, 1687.50916858, 
Chromsome [3]: (826.433333333)0.147706634306, -75.6499985486, 167059.899345, 1.62165695686, 707.160399454, 
Chromsome [4]: (819.733333333)1.07682925908, -1.46925179952, 136384.670787, 8.12779694244, 2139.92904039, 
<------------ GEN 93--------------->
Chromsome [0]: (833.6)-52.5506622839, 81.3266968846, 13563.64963, 18.7878081471, 2620.05923065, 
Chromsome [1]: (817.266666667)0.147706634306, -75.6499985486, 167059.899345, 12.3582805306, 1687.50916858, 
Chromsome [2]: (816.966666667)1.07682925908, -1.46925179952, 136384.670787, 8.12779694244, 2909.63073779, 
Chromsome [3]: (816.866666667)1.07682925908, 26.5272430601, 1781.35562204, 29.2830940151, 2919.30294627, 
Chromsome [4]: (816.866666667)1.07682925908, 34.1547296561, 1781.35562204, 12.5225593244, 2183.84406742, 
<------------ GEN 94--------------->
Chromsome [0]: (834.933333333)-110.931258231, 85.0930838173, 161316.210375, 0.385287081799, 2732.80341397, 
Chromsome [1]: (834.933333333)-102.73395235, 6.06434214281, 330541.976649, 10.2619930885, 1519.01550711, 
Chromsome [2]: (834.933333333)-13.7694511096, 8.44944556799, 1781.35562204, 29.2830940151, 2919.30294627, 
Chromsome [3]: (834.933333333)-52.5506622839, 81.3266968846, 13563.64963, 18.7878081471, 2620.05923065, 
Chromsome [4]: (832.033333333)0.147706634306, -75.6499985486, 167059.899345, 12.3582805306, 2620.05923065, 
<------------ GEN 95--------------->
Chromsome [0]: (813.933333333)-110.931258231, 85.0930838173, 161316.210375, 0.385287081799, 2732.80341397, 
Chromsome [1]: (811.033333333)0.147706634306, -75.6499985486, 167059.899345, 12.3582805306, 2909.63073779, 
Chromsome [2]: (807.766666667)1.07682925908, -1.46925179952, 3988.87402986, 23.6169086356, 2602.46281009, 
Chromsome [3]: (804.566666667)1.07682925908, 26.5272430601, 85544.7626083, 12.1649602456, 1939.94399269, 
Chromsome [4]: (804.466666667)1.07682925908, 52.9163719102, 1781.35562204, 29.2830940151, 2837.29722387, 
<------------ GEN 96--------------->
Chromsome [0]: (823.266666667)-110.931258231, 85.0930838173, 161316.210375, 0.385287081799, 2732.80341397, 
Chromsome [1]: (820.366666667)0.147706634306, -75.6499985486, 105395.956657, 2.5911524273, 1518.13463547, 
Chromsome [2]: (813.833333333)1.07682925908, -1.46925179952, 3988.87402986, 23.6169086356, 2602.46281009, 
Chromsome [3]: (807.7)1.07682925908, 26.5272430601, 28206.198984, 0.385287081799, 2732.80341397, 
Chromsome [4]: (807.5)1.07682925908, 24.9453027857, 85544.7626083, 8.50638518498, 1519.01550711, 
<------------ GEN 97--------------->
Chromsome [0]: (827.733333333)-43.5293355162, 26.9063656453, 120239.360865, 8.12779694244, 2909.63073779, 
Chromsome [1]: (827.733333333)-110.931258231, 85.0930838173, 161316.210375, 0.385287081799, 2732.80341397, 
Chromsome [2]: (824.833333333)0.349879772053, 26.5272430601, 28206.198984, 0.385287081799, 2732.80341397, 
Chromsome [3]: (824.833333333)0.147706634306, -56.5361137248, 176161.276951, 29.8304687633, 1301.21886832, 
Chromsome [4]: (821.566666667)1.07682925908, -1.46925179952, 3988.87402986, 23.6169086356, 2602.46281009, 
<------------ GEN 98--------------->
Chromsome [0]: (822.6)-43.5293355162, 26.9063656453, 120239.360865, 8.12779694244, 2909.63073779, 
Chromsome [1]: (815.866666667)1.07682925908, -3.09683318259, 7162.90701474, -27.721452577, 1315.07743588, 
Chromsome [2]: (809.2)0.147706634306, 52.9163719102, 1781.35562204, 17.0115947392, 2837.29722387, 
Chromsome [3]: (809.166666667)0.349879772053, 26.5272430601, 28206.198984, 3.42443995633, 1768.2754997, 
Chromsome [4]: (809.166666667)0.349879772053, 26.5272430601, 28206.198984, 88.2228934673, 1116.36226213, 
<------------ GEN 99--------------->
Chromsome [0]: (825.966666667)-33.9758853788, 31.8927726694, 140778.695174, 20.3793303393, 774.546560695, 
Chromsome [1]: (825.966666667)-43.5293355162, 26.9063656453, 120239.360865, 8.12779694244, 2909.63073779, 
Chromsome [2]: (812.566666667)0.147706634306, 52.9163719102, 146347.214482, 19.8559759046, 1060.26317623, 
Chromsome [3]: (812.533333333)0.349879772053, 26.5272430601, 7162.90701474, 12.1649602456, 2809.512681, 
Chromsome [4]: (812.533333333)0.349879772053, -56.5361137248, 176161.276951, 29.8304687633, 2518.97204043, 
<------------ GEN 100--------------->
Chromsome [0]: (828.3)-33.9758853788, 31.8927726694, 140778.695174, 20.3793303393, 774.546560695, 
Chromsome [1]: (814.9)0.147706634306, 52.9163719102, 146347.214482, -29.4861619468, 2909.63073779, 
Chromsome [2]: (814.866666667)0.349879772053, 26.5272430601, 82118.0207119, 23.237609929, 1068.56673467, 
Chromsome [3]: (814.866666667)0.349879772053, -56.5361137248, 159148.832366, 29.8304687633, 2518.97204043, 
Chromsome [4]: (814.866666667)0.349879772053, -64.3098278552, 28206.198984, 28.2228934673, 1569.29853782, 
