<------------ GEN 1--------------->
Chromsome [0]: (785.2)2.4537258467, 78.1069357467, 51109.2575728, 0.156026116822, 1123.49189406, 
Chromsome [1]: (783.766666667)2.96614557029, -48.9918216989, 48765.0356246, 11.129763806, 2325.98140145, 
Chromsome [2]: (756.933333333)5.13567438058, 59.891412466, 83507.6728143, 5.65467128162, 756.121626895, 
Chromsome [3]: (746.7)8.19333368988, 39.1412729775, 87680.9833197, 17.7507977099, 1214.28262212, 
Chromsome [4]: (700.666666667)18.3948675819, -22.6415733439, 26613.9485796, 27.3370259335, 2233.3366259, 
<------------ GEN 2--------------->
Chromsome [0]: (767.933333333)2.96614557029, -53.5063989596, 48765.0356246, 11.129763806, 2325.98140145, 
Chromsome [1]: (765.333333333)2.4537258467, 78.1069357467, 24826.777234, 23.5718729427, 2467.97011885, 
Chromsome [2]: (765.033333333)2.4537258467, 78.1069357467, 51109.2575728, 0.156026116822, 719.787861121, 
Chromsome [3]: (765.033333333)2.4537258467, 78.1069357467, 51109.2575728, 0.156026116822, 1123.49189406, 
Chromsome [4]: (752.033333333)5.13567438058, -8.81527513961, 83507.6728143, 26.1235589889, 756.121626895, 
<------------ GEN 3--------------->
Chromsome [0]: (748.933333333)5.13567438058, 59.891412466, 13830.782118, 21.5233782828, 2302.67674194, 
Chromsome [1]: (738.133333333)5.13567438058, 59.891412466, 83507.6728143, 5.65467128162, 1123.49189406, 
Chromsome [2]: (736.9)2.96614557029, -53.5063989596, 48765.0356246, 11.129763806, 2325.98140145, 
Chromsome [3]: (736.2)2.96614557029, -53.5063989596, 48765.0356246, 17.7507977099, 1214.28262212, 
Chromsome [4]: (729.466666667)2.4537258467, 78.1069357467, 26613.9485796, 21.4866310873, 2233.3366259, 
<------------ GEN 4--------------->
Chromsome [0]: (811.333333333)-51.4341168491, -22.6415733439, 105789.064072, 20.5891182817, 2325.98140145, 
Chromsome [1]: (756.166666667)2.4537258467, -188.101879924, 158387.867357, 0.156026116822, 756.121626895, 
Chromsome [2]: (752.2)2.4537258467, 24.6852963432, 51109.2575728, 16.7993266228, 1270.39055752, 
Chromsome [3]: (747.466666667)2.4537258467, 78.1069357467, 26613.9485796, 21.4866310873, 1866.29732193, 
Chromsome [4]: (746.8)2.96614557029, -53.5063989596, 48765.0356246, 11.129763806, 781.448268429, 
<------------ GEN 5--------------->
Chromsome [0]: (806.933333333)-51.4341168491, -22.6415733439, 105789.064072, 20.5891182817, 2325.98140145, 
Chromsome [1]: (756.3)2.4537258467, -96.1766539885, 83507.6728143, 5.65467128162, 1123.49189406, 
Chromsome [2]: (736.666666667)5.13567438058, 78.1069357467, 26613.9485796, 21.4866310873, 1866.29732193, 
Chromsome [3]: (735.366666667)2.4537258467, 8.1018799241, 158387.867357, 0.156026116822, 756.121626895, 
Chromsome [4]: (734.766666667)2.96614557029, -53.5063989596, 114384.582488, 9.41551049264, 2233.3366259, 
<------------ GEN 6--------------->
Chromsome [0]: (825.7)-12.7115374886, 67.2640536869, 104671.159258, 23.5718729427, 2467.97011885, 
Chromsome [1]: (825.7)-51.4341168491, -22.6415733439, 105789.064072, 20.5891182817, 2325.98140145, 
Chromsome [2]: (768.3)2.96614557029, 69.9390583462, -173764.870197, 13.7797521843, 1810.09681012, 
Chromsome [3]: (742.566666667)2.4537258467, 8.1018799241, 164158.972666, 0.156026116822, 756.121626895, 
Chromsome [4]: (742.2)2.4537258467, 22.291444324, 158387.867357, 0.156026116822, 1337.01324911, 
<------------ GEN 7--------------->
Chromsome [0]: (814.5)-12.7115374886, 67.2640536869, 104671.159258, 23.5718729427, 2467.97011885, 
Chromsome [1]: (736.633333333)5.13567438058, 59.891412466, 26613.9485796, 21.4866310873, 1866.29732193, 
Chromsome [2]: (733.566666667)5.13567438058, 78.1069357467, 153598.545042, 23.0857741648, 1123.49189406, 
Chromsome [3]: (733.466666667)2.4537258467, 20.7963500335, 83507.6728143, 5.65467128162, 3169.21079546, 
Chromsome [4]: (733.433333333)2.4537258467, 22.291444324, 158387.867357, 0.156026116822, 1337.01324911, 
<------------ GEN 8--------------->
Chromsome [0]: (823.7)-1.03265866668, -83.563996047, 153598.545042, 8.75781591269, 1943.47993155, 
Chromsome [1]: (823.7)-12.7115374886, 67.2640536869, 104671.159258, 23.5718729427, 2467.97011885, 
Chromsome [2]: (753.866666667)2.4537258467, 7.8713885135, 134836.932067, 21.9504106245, 2869.49489228, 
Chromsome [3]: (753.6)2.4537258467, 22.291444324, 158387.867357, 0.156026116822, 1866.29732193, 
Chromsome [4]: (753.533333333)2.4537258467, 24.6852963432, 51109.2575728, 24.2183259335, 1363.88154793, 
<------------ GEN 9--------------->
Chromsome [0]: (822.0)-1.03265866668, -83.563996047, 153598.545042, 8.75781591269, 1943.47993155, 
Chromsome [1]: (742.4)2.4537258467, 7.8713885135, 134836.932067, 21.9504106245, 1161.62504666, 
Chromsome [2]: (742.066666667)2.4537258467, 24.6852963432, 104671.159258, 5.37626111283, 2467.97011885, 
Chromsome [3]: (740.766666667)1.23265866668, 45.4564316134, 153598.545042, 8.75781591269, 2869.49489228, 
Chromsome [4]: (740.4)2.4537258467, -85.8641667105, 31313.4558321, 14.0664344047, 2439.73250601, 
<------------ GEN 10--------------->
Chromsome [0]: (822.7)-1.03265866668, -83.563996047, 153598.545042, 8.75781591269, 1943.47993155, 
Chromsome [1]: (730.766666667)1.23265866668, 45.4564316134, 153598.545042, 9.30288441499, 2373.40907839, 
Chromsome [2]: (730.633333333)1.23265866668, -83.563996047, 153598.545042, 23.5718729427, 1339.70621972, 
Chromsome [3]: (721.8)2.4537258467, 24.6852963432, 104671.159258, 5.37626111283, 2467.97011885, 
Chromsome [4]: (721.033333333)2.4537258467, 7.8713885135, 134836.932067, 11.7836509705, 1161.62504666, 
<------------ GEN 11--------------->
Chromsome [0]: (792.533333333)-1.03265866668, -83.563996047, 153598.545042, 8.75781591269, 1943.47993155, 
Chromsome [1]: (694.633333333)5.13567438058, -78.9464849435, 31848.5942291, 5.65467128162, 1869.40752266, 
Chromsome [2]: (684.533333333)1.23265866668, 45.4564316134, 57374.2268664, 8.75781591269, 1323.29939684, 
Chromsome [3]: (684.4)1.23265866668, -83.563996047, 153598.545042, 23.5718729427, 1339.70621972, 
Chromsome [4]: (682.5)5.13567438058, 59.891412466, 26613.9485796, 27.9305446156, 2282.93022824, 
<------------ GEN 12--------------->
Chromsome [0]: (810.633333333)-1.03265866668, -83.563996047, 153598.545042, 8.75781591269, 1943.47993155, 
Chromsome [1]: (759.9)5.13567438058, -78.9464849435, 31848.5942291, 17.8858803788, 781.448268429, 
Chromsome [2]: (759.9)5.13567438058, 59.891412466, 26613.9485796, 27.9305446156, 2282.93022824, 
Chromsome [3]: (736.766666667)1.23265866668, -83.563996047, 77910.4858082, 8.75781591269, 1161.62504666, 
Chromsome [4]: (736.766666667)1.23265866668, 45.4564316134, 57374.2268664, 8.75781591269, 2467.97011885, 
<------------ GEN 13--------------->
Chromsome [0]: (817.633333333)-1.03265866668, -83.563996047, 153598.545042, 8.75781591269, 1943.47993155, 
Chromsome [1]: (745.833333333)5.13567438058, -78.9464849435, 153598.545042, 9.30288441499, 2399.91516305, 
Chromsome [2]: (745.733333333)5.13567438058, 86.0409540852, 104671.159258, 23.5718729427, 571.426231599, 
Chromsome [3]: (737.333333333)1.23265866668, -83.563996047, 49207.9613571, 8.75781591269, 1943.47993155, 
Chromsome [4]: (735.1)1.23265866668, 45.4564316134, 145814.486384, 8.75781591269, 1339.70621972, 
<------------ GEN 14--------------->
Chromsome [0]: (821.7)-1.13898553351, 12.9023151121, 97446.8627591, 9.41551049264, 2136.79736126, 
Chromsome [1]: (821.7)-1.03265866668, -83.563996047, 153598.545042, 8.75781591269, 1943.47993155, 
Chromsome [2]: (773.5)5.13567438058, 86.0409540852, -210254.170256, 23.5718729427, 2427.47821263, 
Chromsome [3]: (767.166666667)5.13567438058, 43.8421052674, 153598.545042, 9.30288441499, 2399.91516305, 
Chromsome [4]: (767.166666667)5.13567438058, 86.0409540852, 280134.294791, 23.5718729427, 571.426231599, 
<------------ GEN 15--------------->
Chromsome [0]: (824.433333333)-1.13898553351, 12.9023151121, 97446.8627591, 9.41551049264, 2136.79736126, 
Chromsome [1]: (738.066666667)5.13567438058, 86.0409540852, 79865.7052091, 29.8734174114, 1487.51584193, 
Chromsome [2]: (735.8)1.23265866668, 8.96212040161, 141883.336649, 27.9926894628, 2467.97011885, 
Chromsome [3]: (735.5)1.33898553351, 12.9023151121, 97446.8627591, 9.41551049264, 2786.2387075, 
Chromsome [4]: (733.766666667)1.23265866668, -83.563996047, 49207.9613571, 8.75781591269, 1943.47993155, 
<------------ GEN 16--------------->
Chromsome [0]: (805.4)-279.125619024, 72.4697019775, 4850.94075083, 15.7368011738, 1792.57336537, 
Chromsome [1]: (805.4)-1.13898553351, 12.9023151121, 97446.8627591, 9.41551049264, 2136.79736126, 
Chromsome [2]: (730.1)5.13567438058, -115.266893412, 2902.20208232, 0.301038829555, 1270.39055752, 
Chromsome [3]: (725.166666667)2.96614557029, 98.3693365498, 149745.829744, 23.5718729427, 2427.47821263, 
Chromsome [4]: (721.666666667)1.33898553351, 12.9023151121, 1673.93098542, 9.41551049264, 896.640189225, 
<------------ GEN 17--------------->
Chromsome [0]: (794.266666667)-279.125619024, 72.4697019775, 4850.94075083, 15.7368011738, 1792.57336537, 
Chromsome [1]: (720.266666667)5.13567438058, -191.660587395, 97446.8627591, 9.41551049264, 2136.79736126, 
Chromsome [2]: (714.933333333)1.33898553351, 12.9023151121, 2902.20208232, 0.301038829555, 1270.39055752, 
Chromsome [3]: (682.666666667)1.33898553351, 12.9023151121, 97446.8627591, 9.41551049264, 2136.79736126, 
Chromsome [4]: (682.666666667)1.23265866668, 18.881127334, 111708.919184, 50.0218309396, 2786.2387075, 
<------------ GEN 18--------------->
Chromsome [0]: (785.8)-5.17505341147, -22.375066857, 149745.829744, 23.5718729427, 1040.89259401, 
Chromsome [1]: (785.8)-44.3258215617, 12.9023151121, 157606.467114, 8.75781591269, 1943.47993155, 
Chromsome [2]: (785.8)-79.3256190241, 72.4697019775, 4850.94075083, 12.0779915355, 1792.57336537, 
Chromsome [3]: (785.8)-279.125619024, 72.4697019775, 4850.94075083, 15.7368011738, 1792.57336537, 
Chromsome [4]: (689.966666667)1.23265866668, 18.881127334, -29510.6647363, 9.97816906036, 2786.2387075, 
<------------ GEN 19--------------->
Chromsome [0]: (807.066666667)-169.731338112, -45.2116794212, 79865.7052091, 29.8734174114, 1487.51584193, 
Chromsome [1]: (807.066666667)-5.17505341147, -22.375066857, 149745.829744, 23.5718729427, 1040.89259401, 
Chromsome [2]: (729.266666667)1.33898553351, 12.9023151121, 2902.20208232, 0.301038829555, 758.250516697, 
Chromsome [3]: (708.7)6.62172165923, 39.6257354666, 159396.567913, 27.4440299356, 781.448268429, 
Chromsome [4]: (703.133333333)1.23265866668, -131.50565881, 127571.841648, 19.9304804072, 2467.97011885, 
<------------ GEN 20--------------->
Chromsome [0]: (785.7)-125.739987538, 72.4697019775, 147678.283693, 12.0779915355, 2282.93022824, 
Chromsome [1]: (785.7)-169.731338112, -45.2116794212, 79865.7052091, 29.8734174114, 1487.51584193, 
Chromsome [2]: (722.8)5.37505341147, 63.4573433472, 149745.829744, 23.5718729427, 2578.77358651, 
Chromsome [3]: (711.266666667)1.33898553351, -5.43817664419, 2902.20208232, 0.301038829555, 1040.89259401, 
Chromsome [4]: (704.7)6.62172165923, 39.6257354666, 96852.0704221, 15.7368011738, 2548.22345102, 
<------------ GEN 21--------------->
Chromsome [0]: (813.1)-125.739987538, 72.4697019775, 147678.283693, 12.0779915355, 2282.93022824, 
Chromsome [1]: (775.1)1.33898553351, 12.9023151121, -227652.134027, 29.5611158197, 785.098128469, 
Chromsome [2]: (767.5)1.23265866668, 58.5927424473, 13212.4094321, 1.65403748267, 1401.23308938, 
Chromsome [3]: (764.0)1.33898553351, -5.43817664419, 2902.20208232, 0.301038829555, 1040.89259401, 
Chromsome [4]: (762.633333333)5.37505341147, 15.9689069836, -261239.725098, 23.5718729427, 2643.52457024, 
<------------ GEN 22--------------->
Chromsome [0]: (802.3)-8.74390271564, -48.4943411899, 127571.841648, 14.5859780679, 2548.22345102, 
Chromsome [1]: (802.3)-125.739987538, 72.4697019775, 147678.283693, 12.0779915355, 2282.93022824, 
Chromsome [2]: (735.233333333)0.821153161951, 47.0300113521, 153598.545042, 10.9778963821, 2136.79736126, 
Chromsome [3]: (734.7)1.23265866668, 58.5927424473, 13212.4094321, 3.68853035417, 1401.23308938, 
Chromsome [4]: (734.7)1.23265866668, -53.7397636654, 149745.829744, 23.5718729427, 2578.77358651, 
<------------ GEN 23--------------->
Chromsome [0]: (814.833333333)-8.74390271564, -48.4943411899, 127571.841648, 14.5859780679, 2548.22345102, 
Chromsome [1]: (727.3)0.821153161951, 47.0300113521, 153598.545042, 10.9778963821, 1488.50106927, 
Chromsome [2]: (727.066666667)1.23265866668, -12.0143288998, 5994.1423244, 17.5755354902, 2160.89257997, 
Chromsome [3]: (726.7)1.23265866668, 58.5927424473, 13212.4094321, 29.4045893747, 1161.62504666, 
Chromsome [4]: (726.7)1.33898553351, 12.9023151121, 158223.970786, 24.2427505518, 1401.23308938, 
<------------ GEN 24--------------->
Chromsome [0]: (828.666666667)-8.74390271564, -48.4943411899, 127571.841648, 14.5859780679, 2548.22345102, 
Chromsome [1]: (763.9)0.821153161951, 47.0300113521, 153598.545042, 12.0779915355, 2282.93022824, 
Chromsome [2]: (763.433333333)1.23265866668, -53.7397636654, 133974.251521, 9.2940317859, 2422.64365418, 
Chromsome [3]: (763.433333333)1.33898553351, -29.8942885817, 158223.970786, 29.489094932, 1401.23308938, 
Chromsome [4]: (763.433333333)1.23265866668, 58.5927424473, 35287.2788876, 2.41330563283, 4298.71878455, 
<------------ GEN 25--------------->
Chromsome [0]: (826.3)-7.9264410386, 42.8641841078, 98538.1581425, 26.1822630719, 1161.62504666, 
Chromsome [1]: (826.3)-8.74390271564, -48.4943411899, 127571.841648, 14.5859780679, 2548.22345102, 
Chromsome [2]: (734.866666667)1.33898553351, -29.8942885817, 158223.970786, 20.7544645939, 2166.05351096, 
Chromsome [3]: (731.6)1.23265866668, -53.7397636654, 48124.0122541, 14.5859780679, 392.593945744, 
Chromsome [4]: (730.733333333)1.33898553351, -82.4596553839, 127571.841648, 14.6830151408, 742.935903449, 
<------------ GEN 26--------------->
Chromsome [0]: (809.233333333)-7.9264410386, 42.8641841078, 98538.1581425, 26.1822630719, 1161.62504666, 
Chromsome [1]: (750.866666667)4.60162145587, -69.381587084, 13212.4094321, 15.5641370591, 1487.51584193, 
Chromsome [2]: (715.633333333)4.90708579211, 65.3577246526, 166882.437435, -12.2744068644, 1529.95604549, 
Chromsome [3]: (714.433333333)5.1772082329, 56.4258050838, 132347.865973, 29.523257876, 665.204728506, 
Chromsome [4]: (714.4)5.37505341147, 65.3577246526, 85765.1086122, 28.3580770538, 892.481164735, 
<------------ GEN 27--------------->
Chromsome [0]: (815.066666667)-18.0522306155, -82.0770306314, 51487.0571122, 12.0779915355, 2282.93022824, 
Chromsome [1]: (815.066666667)-7.9264410386, 42.8641841078, 98538.1581425, 26.1822630719, 1161.62504666, 
Chromsome [2]: (746.366666667)4.60162145587, -73.5669508126, 35287.2788876, 20.7544645939, 2166.05351096, 
Chromsome [3]: (743.466666667)4.60162145587, -69.381587084, 168255.749368, 15.5641370591, 1487.51584193, 
Chromsome [4]: (720.833333333)1.33898553351, -29.8942885817, 31712.1606963, 20.7544645939, 2867.50837026, 
<------------ GEN 28--------------->
Chromsome [0]: (828.633333333)-18.0522306155, -82.0770306314, 51487.0571122, 12.0779915355, 2282.93022824, 
Chromsome [1]: (774.966666667)1.23265866668, -53.7397636654, 48124.0122541, 4.80330203238, 2009.07434152, 
Chromsome [2]: (774.966666667)1.33898553351, -42.6937117906, 13212.4094321, 15.5641370591, 1487.51584193, 
Chromsome [3]: (774.966666667)1.33898553351, -48.4943411899, 127571.841648, 15.4102564367, 1152.65985377, 
Chromsome [4]: (774.966666667)1.33898553351, 84.4545646325, 127571.841648, 16.5318153372, 904.957594253, 
<------------ GEN 29--------------->
Chromsome [0]: (799.266666667)-37.9512512378, 23.2146848955, 33891.7603004, 26.1822630719, 1161.62504666, 
Chromsome [1]: (799.266666667)-18.0522306155, -82.0770306314, 51487.0571122, 12.0779915355, 2282.93022824, 
Chromsome [2]: (740.866666667)1.33898553351, -126.152334054, 153536.013099, 19.7763118878, 2734.38341, 
Chromsome [3]: (737.0)1.33898553351, 55.3159679778, 161024.327365, 12.0779915355, 4651.85898019, 
Chromsome [4]: (736.966666667)1.23265866668, 57.8949637575, 48124.0122541, 4.80330203238, 1923.05288639, 
<------------ GEN 30--------------->
Chromsome [0]: (793.833333333)-37.9512512378, 23.2146848955, 33891.7603004, 26.1822630719, 1161.62504666, 
Chromsome [1]: (746.766666667)4.60162145587, 76.6519561351, 127571.841648, 6.53303938138, 1152.65985377, 
Chromsome [2]: (744.333333333)4.90708579211, 65.3577246526, 13212.4094321, 15.5641370591, 2350.55252241, 
Chromsome [3]: (729.133333333)5.37505341147, -67.2933919338, 76965.09889, 14.6830151408, 1135.96524914, 
Chromsome [4]: (728.966666667)1.33898553351, 55.3159679778, 161024.327365, 1.32734579881, 2166.05351096, 
<------------ GEN 31--------------->
Chromsome [0]: (793.866666667)-26.7854378959, -82.0770306314, 325935.514208, 16.2578942288, 1161.62504666, 
Chromsome [1]: (793.866666667)-37.9512512378, 23.2146848955, 33891.7603004, 26.1822630719, 1161.62504666, 
Chromsome [2]: (715.566666667)4.60162145587, 76.6519561351, 127571.841648, 10.05456511, 1152.65985377, 
Chromsome [3]: (705.266666667)1.33898553351, -11.9343734921, 126951.662383, 12.0779915355, 1348.14101981, 
Chromsome [4]: (704.933333333)8.1264410386, 64.7891390987, -61400.9785862, 2.96360299546, 904.957594253, 
<------------ GEN 32--------------->
Chromsome [0]: (812.366666667)-26.7854378959, -82.0770306314, 325935.514208, 16.2578942288, 1161.62504666, 
Chromsome [1]: (763.1)0.360026621675, -67.2933919338, 38857.8007668, 1.32734579881, 2014.48458891, 
Chromsome [2]: (736.2)4.60162145587, 76.6519561351, 127571.841648, 10.05456511, 1284.68575936, 
Chromsome [3]: (735.833333333)1.33898553351, -53.847665946, 15279.1167091, 22.5998660969, 2779.6463811, 
Chromsome [4]: (732.666666667)1.33898553351, -43.1459698213, 126951.662383, 12.0779915355, 1989.54183906, 
<------------ GEN 33--------------->
Chromsome [0]: (818.733333333)-26.7854378959, -82.0770306314, 325935.514208, 16.2578942288, 1161.62504666, 
Chromsome [1]: (775.0)0.360026621675, -67.2933919338, 38857.8007668, 1.32734579881, 2014.48458891, 
Chromsome [2]: (775.0)0.360026621675, -67.2933919338, 38857.8007668, 1.32734579881, 2014.48458891, 
Chromsome [3]: (747.9)1.33898553351, -53.847665946, 15279.1167091, 22.5998660969, 1958.63304684, 
Chromsome [4]: (734.433333333)5.37505341147, -36.553678116, 3790.66980747, 18.742141273, 954.651327337, 
<------------ GEN 34--------------->
Chromsome [0]: (812.733333333)-26.7854378959, -82.0770306314, 325935.514208, 16.2578942288, 1161.62504666, 
Chromsome [1]: (754.3)1.74072992111, -31.7586548574, -22147.746474, 7.1122667653, 1161.62504666, 
Chromsome [2]: (750.633333333)0.360026621675, -67.2933919338, 38857.8007668, 1.32734579881, 2014.48458891, 
Chromsome [3]: (739.4)0.360026621675, -67.2933919338, 38857.8007668, 18.5069341693, 2697.34190027, 
Chromsome [4]: (739.4)0.360026621675, -67.2933919338, 38857.8007668, 24.3366751254, 2014.48458891, 
<------------ GEN 35--------------->
Chromsome [0]: (819.933333333)-57.7645782681, -80.5125712426, 47454.3465259, 1.35759436648, 2734.38341, 
Chromsome [1]: (819.933333333)-26.7854378959, -82.0770306314, 325935.514208, 16.2578942288, 1161.62504666, 
Chromsome [2]: (765.8)0.360026621675, -76.1825224573, 333.252948013, 24.3366751254, 1578.09949571, 
Chromsome [3]: (763.9)0.360026621675, -67.2933919338, 38857.8007668, 4.23407298764, 1056.23588944, 
Chromsome [4]: (758.066666667)0.360026621675, -82.0770306314, 34064.4857917, 16.2578942288, 1722.38447407, 
<------------ GEN 36--------------->
Chromsome [0]: (798.866666667)-102.675034777, -84.6704129103, 63266.2153653, 1.59114758315, 727.616714333, 
Chromsome [1]: (798.866666667)-57.7645782681, -80.5125712426, 47454.3465259, 1.35759436648, 2734.38341, 
Chromsome [2]: (744.4)0.360026621675, 51.7565698392, 333.252948013, 24.3366751254, 1630.05691639, 
Chromsome [3]: (741.066666667)0.360026621675, -48.3963840132, 13064.2179904, 29.8734174114, 2220.33764844, 
Chromsome [4]: (732.566666667)0.360026621675, -67.2933919338, 38857.8007668, 18.5069341693, 1161.62504666, 
<------------ GEN 37--------------->
Chromsome [0]: (800.3)-102.675034777, -84.6704129103, 63266.2153653, 1.59114758315, 727.616714333, 
Chromsome [1]: (733.7)0.360026621675, 51.7565698392, 151593.702623, 24.3366751254, 2697.34190027, 
Chromsome [2]: (732.433333333)0.360026621675, 65.3577246526, 115966.72135, 23.0569284642, 2805.70137827, 
Chromsome [3]: (732.4)0.360026621675, -48.3963840132, 22147.746474, 16.2578942288, 2764.23768217, 
Chromsome [4]: (729.233333333)0.360026621675, -67.2933919338, 38857.8007668, 18.5069341693, 1161.62504666, 
<------------ GEN 38--------------->
Chromsome [0]: (800.666666667)-102.675034777, -84.6704129103, 63266.2153653, 1.59114758315, 727.616714333, 
Chromsome [1]: (744.633333333)0.360026621675, 51.7565698392, 151593.702623, 24.3366751254, 2697.34190027, 
Chromsome [2]: (744.333333333)0.360026621675, 83.7605115841, 52035.00717, 24.8195978968, 2734.38341, 
Chromsome [3]: (743.9)0.360026621675, -67.2933919338, 38857.8007668, 18.5069341693, 1161.62504666, 
Chromsome [4]: (743.9)0.360026621675, -67.2933919338, 38857.8007668, 18.5069341693, 1161.62504666, 
<------------ GEN 39--------------->
Chromsome [0]: (804.533333333)-102.675034777, -84.6704129103, 63266.2153653, 1.59114758315, 727.616714333, 
Chromsome [1]: (755.566666667)0.360026621675, -67.2933919338, 38857.8007668, 4.23407298764, 843.547072117, 
Chromsome [2]: (748.933333333)0.360026621675, 51.7565698392, 151593.702623, 18.6838610758, 2697.34190027, 
Chromsome [3]: (748.4)0.360026621675, -67.2933919338, 38857.8007668, 24.7257219768, 2126.71619394, 
Chromsome [4]: (741.066666667)5.37505341147, 83.7605115841, 13602.4818162, 24.8195978968, 2734.38341, 
<------------ GEN 40--------------->
Chromsome [0]: (794.666666667)-57.9136110439, -64.3705579414, 133536.793457, -0.781298582915, 1161.62504666, 
Chromsome [1]: (794.666666667)-102.675034777, -84.6704129103, 63266.2153653, 1.59114758315, 727.616714333, 
Chromsome [2]: (727.233333333)5.37505341147, 83.7605115841, 20811.1722343, 24.8195978968, 2297.38735007, 
Chromsome [3]: (724.1)4.90708579211, 85.4577617143, 35736.4862723, 26.0386621783, 2754.25546589, 
Chromsome [4]: (723.533333333)5.37505341147, 25.3454235556, -120876.109182, 1.59114758315, 1006.24515615, 
<------------ GEN 41--------------->
Chromsome [0]: (828.433333333)-57.9136110439, -64.3705579414, 133536.793457, -0.781298582915, 1161.62504666, 
Chromsome [1]: (770.5)4.90708579211, 85.4577617143, 35736.4862723, -6.51400325052, 2754.25546589, 
Chromsome [2]: (769.966666667)0.360026621675, -67.2933919338, 38857.8007668, 24.7257219768, 2616.77752711, 
Chromsome [3]: (769.5)5.37505341147, 83.7605115841, 20811.1722343, 24.8195978968, 2297.38735007, 
Chromsome [4]: (765.966666667)0.360026621675, -50.0718120256, 151593.702623, 13.7787921073, 727.616714333, 
<------------ GEN 42--------------->
Chromsome [0]: (776.566666667)-57.9136110439, -64.3705579414, 133536.793457, -0.781298582915, 1161.62504666, 
Chromsome [1]: (712.3)0.360026621675, 9.58534581808, 58874.7328241, 10.3471942168, 1904.86009073, 
Chromsome [2]: (709.966666667)4.90708579211, 63.4410399808, 710.017642312, 9.36994390848, 2348.76898489, 
Chromsome [3]: (708.666666667)5.37505341147, 83.7605115841, 20811.1722343, 0.431717683253, 2297.38735007, 
Chromsome [4]: (700.566666667)0.360026621675, -67.2933919338, 38857.8007668, 24.7257219768, 2616.77752711, 
<------------ GEN 43--------------->
Chromsome [0]: (764.033333333)-57.9136110439, -64.3705579414, 133536.793457, -0.781298582915, 1161.62504666, 
Chromsome [1]: (715.566666667)0.360026621675, 9.58534581808, 58874.7328241, 10.3471942168, 1904.86009073, 
Chromsome [2]: (714.233333333)0.360026621675, 62.4639701943, 38857.8007668, 24.7257219768, 2015.88158475, 
Chromsome [3]: (703.866666667)0.360026621675, -50.0718120256, 137137.859846, 1.22861562772, 1844.35557089, 
Chromsome [4]: (702.266666667)4.90708579211, 63.4410399808, 97380.7297149, 9.36994390848, 994.589566308, 
<------------ GEN 44--------------->
Chromsome [0]: (804.933333333)-57.9136110439, -64.3705579414, 133536.793457, -0.781298582915, 1161.62504666, 
Chromsome [1]: (768.1)0.360026621675, 9.58534581808, 58874.7328241, 10.3471942168, 1904.86009073, 
Chromsome [2]: (759.733333333)0.360026621675, 62.4639701943, 38857.8007668, 24.7257219768, 2015.88158475, 
Chromsome [3]: (753.5)0.360026621675, -50.0718120256, 76378.559442, 9.36994390848, 994.589566308, 
Chromsome [4]: (751.5)0.360026621675, -50.0718120256, 137137.859846, 30.4339911034, 1476.45424605, 
<------------ GEN 45--------------->
Chromsome [0]: (792.066666667)-51.622314102, 7.05181936803, 35736.4862723, 9.17863985991, 2616.77752711, 
Chromsome [1]: (792.066666667)-57.9136110439, -64.3705579414, 133536.793457, -0.781298582915, 1161.62504666, 
Chromsome [2]: (742.633333333)0.360026621675, 62.4639701943, 38857.8007668, -22.4731580747, 3586.32080446, 
Chromsome [3]: (726.8)0.360026621675, 113.501549933, 133861.413268, 10.3471942168, 1904.86009073, 
Chromsome [4]: (718.5)4.90708579211, 65.4649135523, 97380.7297149, 29.9390043834, 1844.35557089, 
<------------ GEN 46--------------->
Chromsome [0]: (791.8)-51.622314102, 7.05181936803, 35736.4862723, 9.17863985991, 2616.77752711, 
Chromsome [1]: (728.133333333)0.360026621675, 66.4984500672, 93632.3099844, 10.3471942168, 1161.62504666, 
Chromsome [2]: (716.0)0.360026621675, -50.0718120256, 134237.845992, 26.1194053848, 1844.35557089, 
Chromsome [3]: (656.0)16.315819113, -34.257176011, 20811.1722343, 21.785980562, 1476.45424605, 
Chromsome [4]: (655.933333333)68.3245222106, -20.6098556169, -204251.008259, 0.781298582915, 1161.62504666, 
<------------ GEN 47--------------->
Chromsome [0]: (798.966666667)-47.5956048643, 22.3477468391, 133536.793457, 22.2250534211, 3406.83428903, 
Chromsome [1]: (798.966666667)-51.622314102, 7.05181936803, 35736.4862723, 9.17863985991, 2616.77752711, 
Chromsome [2]: (770.133333333)16.8186401165, -50.0718120256, -18851.9876733, -5.18803194928, 323.40427853, 
Chromsome [3]: (746.6)0.360026621675, 66.4984500672, 93632.3099844, 14.4558416045, 2516.70711093, 
Chromsome [4]: (746.6)0.360026621675, 66.4984500672, 93632.3099844, 10.3471942168, 1161.62504666, 
<------------ GEN 48--------------->
Chromsome [0]: (797.6)-72.7478947017, -77.5724957832, 165260.476151, 9.94033879829, 1625.10136089, 
Chromsome [1]: (797.6)-47.5956048643, 22.3477468391, 133536.793457, 22.2250534211, 3406.83428903, 
Chromsome [2]: (745.866666667)0.360026621675, 7.05181936803, 35736.4862723, 9.17863985991, 2616.77752711, 
Chromsome [3]: (741.666666667)0.360026621675, 66.4984500672, 133045.689772, 14.4558416045, 2516.70711093, 
Chromsome [4]: (733.5)0.360026621675, -50.0718120256, 134237.845992, 26.1194053848, 1844.35557089, 
<------------ GEN 49--------------->
Chromsome [0]: (770.5)-62.8917776546, -48.1588489852, 70325.135071, 16.1536839472, -307.788328286, 
Chromsome [1]: (770.5)-72.7478947017, -77.5724957832, 165260.476151, 9.94033879829, 1625.10136089, 
Chromsome [2]: (722.766666667)0.360026621675, -7.34668501786, 64717.785726, 4.35545207133, 1098.49100339, 
Chromsome [3]: (722.3)0.360026621675, 327.496023505, 154893.658614, 22.2250534211, 2593.16571097, 
Chromsome [4]: (674.966666667)8.8031649976, 60.9023644445, 59132.6708864, 28.1616717126, 1791.9141765, 
<------------ GEN 50--------------->
Chromsome [0]: (784.333333333)-62.8917776546, -48.1588489852, 70325.135071, 16.1536839472, -307.788328286, 
Chromsome [1]: (756.366666667)0.360026621675, -147.496023505, 154893.658614, 22.2250534211, 2616.77752711, 
Chromsome [2]: (721.3)0.360026621675, 15.939254172, 92908.3086822, 27.0214480804, 2814.63168445, 
Chromsome [3]: (687.733333333)8.8031649976, 60.9023644445, 93640.7276091, 18.1755331417, 994.589566308, 
Chromsome [4]: (687.733333333)8.8031649976, 60.9023644445, 59132.6708864, 28.1616717126, 1791.9141765, 
<------------ GEN 51--------------->
Chromsome [0]: (772.766666667)-262.910428323, -64.3705579414, 72210.1975859, 13.168492442, 2579.30602113, 
Chromsome [1]: (772.766666667)-62.8917776546, -48.1588489852, 70325.135071, 16.1536839472, -307.788328286, 
Chromsome [2]: (724.6)0.360026621675, 15.3514057347, 154893.658614, 22.2250534211, 2616.77752711, 
Chromsome [3]: (679.166666667)8.8031649976, 60.9023644445, 93640.7276091, 18.1755331417, 994.589566308, 
Chromsome [4]: (679.166666667)8.8031649976, 60.9023644445, 93640.7276091, 18.1755331417, 1662.11843716, 
<------------ GEN 52--------------->
Chromsome [0]: (778.0)-262.910428323, -64.3705579414, 72210.1975859, 13.168492442, 2579.30602113, 
Chromsome [1]: (725.266666667)0.360026621675, 72.0563534351, 154893.658614, 22.2250534211, 2616.77752711, 
Chromsome [2]: (673.533333333)8.8031649976, 60.9023644445, 93640.7276091, 18.1755331417, 1016.95776833, 
Chromsome [3]: (662.333333333)15.5711475394, 15.3514057347, 154893.658614, 7.53242657884, 1537.8631773, 
Chromsome [4]: (615.266666667)19.931977505, -30.8081970361, 179934.088252, 1.72515271884, 1856.29810385, 
<------------ GEN 53--------------->
Chromsome [0]: (798.1)-5.10448392456, 50.5694670428, 72210.1975859, -7.70708844392, 1693.12228033, 
Chromsome [1]: (798.1)-243.473097802, -64.3705579414, 70325.135071, 16.1536839472, 1307.78832829, 
Chromsome [2]: (798.1)-13.234267607, -64.3705579414, 30260.2621914, 13.168492442, 1791.8810494, 
Chromsome [3]: (798.1)-262.910428323, -64.3705579414, 72210.1975859, 13.168492442, 2579.30602113, 
Chromsome [4]: (746.2)0.360026621675, 20.1036782608, 59132.6708864, 4.50238308687, 2551.78812327, 
<------------ GEN 54--------------->
Chromsome [0]: (791.1)-63.110428323, -67.6392393805, 124542.07124, 1.59114758315, 1791.9141765, 
Chromsome [1]: (791.1)-114.694306327, -64.3705579414, 72210.1975859, 10.3471942168, 2579.30602113, 
Chromsome [2]: (791.1)-5.10448392456, 50.5694670428, 72210.1975859, -7.70708844392, 1693.12228033, 
Chromsome [3]: (712.233333333)8.8031649976, 60.9023644445, 93640.7276091, 18.1755331417, 2080.76257872, 
Chromsome [4]: (694.6)15.5711475394, 23.3243155104, 139586.222603, 27.0214480804, 4188.96099479, 
<------------ GEN 55--------------->
Chromsome [0]: (775.4)-63.110428323, -64.3705579414, 72210.1975859, 13.168492442, 1630.65645224, 
Chromsome [1]: (775.4)-63.110428323, -64.3705579414, 72210.1975859, 13.168492442, 1168.33169048, 
Chromsome [2]: (775.4)-190.962894374, 20.1036782608, 59132.6708864, 9.8644318298, 1359.90673891, 
Chromsome [3]: (775.4)-63.110428323, -67.6392393805, 124542.07124, 1.59114758315, 1791.9141765, 
Chromsome [4]: (707.666666667)5.30448392456, 50.5694670428, 72210.1975859, 10.3471942168, 2579.30602113, 
<------------ GEN 56--------------->
Chromsome [0]: (779.5)-44.2713666877, 72.5629136909, -340340.807597, 13.168492442, 663.405830537, 
Chromsome [1]: (779.5)-63.110428323, -64.3705579414, 72210.1975859, 13.168492442, 1630.65645224, 
Chromsome [2]: (703.766666667)5.5427754374, -84.6704129103, 93632.3099844, 25.0637762829, 2422.36927507, 
Chromsome [3]: (674.6)8.8031649976, 60.9023644445, 39830.1404981, 28.1171638386, 1791.9141765, 
Chromsome [4]: (654.5)5.97718678205, -3.79666896659, 45764.7714576, 5.12223930751, 1168.33169048, 
<------------ GEN 57--------------->
Chromsome [0]: (792.166666667)-44.2713666877, 72.5629136909, -340340.807597, 13.168492442, 663.405830537, 
Chromsome [1]: (708.733333333)5.5427754374, -64.3705579414, 72210.1975859, 7.12891207811, 988.881441361, 
Chromsome [2]: (708.2)5.5427754374, -84.6704129103, 93632.3099844, 25.0637762829, 2404.80607846, 
Chromsome [3]: (698.5)7.27038054708, 44.8102539704, 13398.571994, 5.96344922128, 1519.95747597, 
Chromsome [4]: (683.666666667)8.8031649976, 60.9023644445, 39830.1404981, 28.1171638386, 1791.9141765, 
<------------ GEN 58--------------->
Chromsome [0]: (779.733333333)-44.2713666877, 72.5629136909, -340340.807597, 13.168492442, 663.405830537, 
Chromsome [1]: (687.166666667)5.54703976727, -64.3705579414, 70325.135071, 18.338703048, 2579.30602113, 
Chromsome [2]: (687.166666667)5.5427754374, -64.3705579414, 72210.1975859, 28.4532572812, 2035.1004764, 
Chromsome [3]: (687.166666667)5.5427754374, -84.6704129103, 93632.3099844, 14.7821578769, 2303.30481568, 
Chromsome [4]: (681.833333333)7.27038054708, 44.8102539704, 13398.571994, 5.96344922128, 1519.95747597, 
<------------ GEN 59--------------->
Chromsome [0]: (805.233333333)-44.2713666877, 72.5629136909, -340340.807597, 13.168492442, 663.405830537, 
Chromsome [1]: (691.866666667)8.61405808158, 48.8246063994, -114848.319912, 13.168492442, 663.405830537, 
Chromsome [2]: (683.6)5.54703976727, -29.4762039448, 154893.658614, 24.671342866, 3085.53251115, 
Chromsome [3]: (683.066666667)5.5427754374, -64.3705579414, 126796.702023, 22.6419136273, 1693.12228033, 
Chromsome [4]: (683.066666667)5.5427754374, -84.6704129103, 93632.3099844, 14.7821578769, 2303.30481568, 
<------------ GEN 60--------------->
Chromsome [0]: (814.833333333)-44.2713666877, 72.5629136909, -340340.807597, 13.168492442, 663.405830537, 
Chromsome [1]: (692.6)5.54703976727, -29.4762039448, 164951.549155, 16.1536839472, 918.168983092, 
Chromsome [2]: (692.066666667)5.5427754374, -76.9312571647, 126796.702023, 22.6419136273, 1693.12228033, 
Chromsome [3]: (692.066666667)5.5427754374, -64.3705579414, 114848.319912, 13.168492442, 4248.10713146, 
Chromsome [4]: (692.066666667)5.54703976727, 231.854854517, 154893.658614, 24.671342866, 2914.46748885, 
<------------ GEN 61--------------->
Chromsome [0]: (803.5)-44.2713666877, 72.5629136909, -340340.807597, 13.168492442, 663.405830537, 
Chromsome [1]: (667.166666667)5.54703976727, -29.4762039448, 164951.549155, 25.0637762829, 1290.15522684, 
Chromsome [2]: (659.833333333)4.72914942843, -84.6704129103, 122.283240623, 26.6953742357, 2260.9038922, 
Chromsome [3]: (650.766666667)5.5427754374, -76.9312571647, 28866.1292345, 28.1171638386, 1451.61153182, 
Chromsome [4]: (647.933333333)5.5427754374, -64.3705579414, 114848.319912, 13.168492442, 695.492039667, 
<------------ GEN 62--------------->
Chromsome [0]: (798.7)-44.2713666877, 72.5629136909, -340340.807597, 13.168492442, 663.405830537, 
Chromsome [1]: (670.933333333)4.72914942843, -77.3528870234, 45129.7234679, 5.84973796004, 1291.17634518, 
Chromsome [2]: (669.066666667)5.54703976727, -29.4762039448, 146531.575552, 8.61660318046, 2060.56567784, 
Chromsome [3]: (668.433333333)5.5427754374, -64.3705579414, 114848.319912, 13.168492442, 695.492039667, 
Chromsome [4]: (668.433333333)5.54703976727, -39.3249851395, 154893.658614, 4.27344363205, 1087.33806609, 
<------------ GEN 63--------------->
Chromsome [0]: (796.633333333)-75.7150441419, -16.2398178918, 72210.1975859, 40.4340769037, 1340.20639289, 
Chromsome [1]: (796.633333333)-25.7309035363, -88.9428949736, 19659.1924027, 13.168492442, 663.405830537, 
Chromsome [2]: (796.633333333)-44.2713666877, 72.5629136909, -340340.807597, 13.168492442, 663.405830537, 
Chromsome [3]: (654.033333333)5.54703976727, -29.4762039448, 63302.2984986, 9.79518086391, 2194.44137765, 
Chromsome [4]: (653.8)4.72914942843, -77.3528870234, 45129.7234679, 5.84973796004, 1291.17634518, 
<------------ GEN 64--------------->
Chromsome [0]: (801.4)-75.7150441419, -16.2398178918, 72210.1975859, 40.4340769037, 1340.20639289, 
Chromsome [1]: (782.2)19.9184473202, -84.6704129103, -105305.492527, -3.38968500331, 663.405830537, 
Chromsome [2]: (663.266666667)5.5427754374, -390.955071087, 136588.378805, 9.76471470123, 1693.12228033, 
Chromsome [3]: (654.9)4.72914942843, -69.882976354, 13381.9954549, 14.7821578769, 2992.55794338, 
Chromsome [4]: (654.466666667)4.72914942843, -77.3528870234, 45129.7234679, 5.84973796004, 1340.20639289, 
<------------ GEN 65--------------->
Chromsome [0]: (805.3)-75.7150441419, -16.2398178918, 72210.1975859, 40.4340769037, 1340.20639289, 
Chromsome [1]: (663.766666667)5.54703976727, -39.3249851395, 154893.658614, 8.61660318046, 663.405830537, 
Chromsome [2]: (663.766666667)5.5427754374, -54.3585695773, 69988.6931591, 14.7853890094, 1028.42920506, 
Chromsome [3]: (663.766666667)5.5427754374, -77.4938470144, 132666.80149, 27.062207614, 2060.56567784, 
Chromsome [4]: (663.366666667)4.72914942843, -69.882976354, 19820.276498, 14.7821578769, 1340.20639289, 
<------------ GEN 66--------------->
Chromsome [0]: (799.6)-105.951971301, -16.2398178918, 72210.1975859, 13.168492442, 663.405830537, 
Chromsome [1]: (799.6)-10.1807868465, -89.5923516772, 115802.303034, 29.1581129416, 2403.11637867, 
Chromsome [2]: (799.6)-75.7150441419, -16.2398178918, 72210.1975859, 40.4340769037, 1340.20639289, 
Chromsome [3]: (680.766666667)4.72914942843, -77.3528870234, 2052.07270675, 22.9979784781, 695.492039667, 
Chromsome [4]: (673.7)5.5427754374, -42.7662110286, 69988.6931591, 14.7853890094, 861.065601545, 
<------------ GEN 67--------------->
Chromsome [0]: (810.3)-105.951971301, -16.2398178918, 72210.1975859, 13.168492442, 663.405830537, 
Chromsome [1]: (688.2)4.72914942843, -77.3528870234, 19820.276498, 14.7821578769, 1352.98130898, 
Chromsome [2]: (687.533333333)5.5427754374, -77.4938470144, 132666.80149, 22.5914159724, 2060.56567784, 
Chromsome [3]: (687.533333333)5.5427754374, 46.2774559311, 146531.575552, 19.5659230963, 1340.20639289, 
Chromsome [4]: (652.833333333)18.6465409983, -29.1113989642, 69988.6931591, 8.61660318046, 2937.77235294, 
<------------ GEN 68--------------->
Chromsome [0]: (801.933333333)-17.880214488, -16.2398178918, 72210.1975859, 29.1581129416, 2759.69453016, 
Chromsome [1]: (801.933333333)-105.951971301, -16.2398178918, 72210.1975859, 13.168492442, 663.405830537, 
Chromsome [2]: (731.433333333)0.683698724681, 46.2774559311, 146531.575552, 19.5659230963, 2347.8806471, 
Chromsome [3]: (723.033333333)1.50120408886, -38.3781009663, 19659.1924027, 29.8229942509, 1340.20639289, 
Chromsome [4]: (674.7)4.72914942843, -77.3528870234, 19820.276498, 14.7821578769, 2937.77235294, 
<------------ GEN 69--------------->
Chromsome [0]: (820.633333333)-17.880214488, -16.2398178918, 72210.1975859, 29.1581129416, 2759.69453016, 
Chromsome [1]: (748.533333333)0.683698724681, -20.9741571837, 146531.575552, 19.5659230963, 926.954141759, 
Chromsome [2]: (747.466666667)1.50120408886, -38.3781009663, 19659.1924027, 15.9846881334, 2136.20121379, 
Chromsome [3]: (747.466666667)1.50120408886, -38.3781009663, 128053.031987, 16.2991757286, 720.774988567, 
Chromsome [4]: (683.633333333)5.5427754374, -77.4938470144, 65520.7596685, 2.05646236317, 2795.7770495, 
<------------ GEN 70--------------->
Chromsome [0]: (815.833333333)-11.4466573936, -39.3249851395, 125791.872697, 9.90603788653, 1785.30674341, 
Chromsome [1]: (815.833333333)-17.880214488, -16.2398178918, 72210.1975859, 29.1581129416, 2759.69453016, 
Chromsome [2]: (733.166666667)0.683698724681, -20.9741571837, 146531.575552, 19.5659230963, 2966.91072741, 
Chromsome [3]: (730.066666667)1.50120408886, -38.3781009663, 19659.1924027, 15.9846881334, 149.152562152, 
Chromsome [4]: (729.933333333)1.50120408886, -38.3781009663, 21220.7770182, 13.3798047529, 2591.54655657, 
<------------ GEN 71--------------->
Chromsome [0]: (826.766666667)-11.4466573936, -39.3249851395, 125791.872697, 9.90603788653, 1785.30674341, 
Chromsome [1]: (753.533333333)1.50120408886, -107.212008568, 19659.1924027, 15.9846881334, 850.847437848, 
Chromsome [2]: (748.0)1.50120408886, -38.3781009663, 21220.7770182, 13.3798047529, 2591.54655657, 
Chromsome [3]: (746.5)1.50120408886, 103.886403857, 128053.031987, 29.1581129416, 2340.92825029, 
Chromsome [4]: (743.233333333)1.50120408886, -38.3781009663, 344210.077057, 13.3798047529, 2591.54655657, 
<------------ GEN 72--------------->
Chromsome [0]: (817.033333333)-11.4466573936, -39.3249851395, 125791.872697, 9.90603788653, 1785.30674341, 
Chromsome [1]: (768.066666667)1.50120408886, -38.3781009663, -76493.4541643, 13.3798047529, 1082.22894105, 
Chromsome [2]: (739.6)1.50120408886, -38.3781009663, 21220.7770182, 13.3798047529, 720.774988567, 
Chromsome [3]: (739.6)1.50120408886, 9.42749755064, 128053.031987, 9.90603788653, 1088.14937606, 
Chromsome [4]: (725.3)4.72914942843, -65.3176160237, 149409.981936, 20.5242342943, 2759.69453016, 
<------------ GEN 73--------------->
Chromsome [0]: (843.433333333)-11.4466573936, -39.3249851395, 125791.872697, 9.90603788653, 1785.30674341, 
Chromsome [1]: (769.1)1.50120408886, -38.3781009663, 21220.7770182, 13.3798047529, 720.774988567, 
Chromsome [2]: (769.1)1.50120408886, 9.42749755064, 161167.39199, 1.54006107994, 1340.20639289, 
Chromsome [3]: (769.1)1.50120408886, 9.42749755064, 128053.031987, 9.90603788653, 1088.14937606, 
Chromsome [4]: (769.1)1.50120408886, -38.3781009663, 76493.4541643, 13.3798047529, 1082.22894105, 
<------------ GEN 74--------------->
Chromsome [0]: (824.0)-47.8821830192, 4.18586017377, 42435.6349529, 28.1627251707, 2914.46748885, 
Chromsome [1]: (824.0)-31.8138775209, -39.3249851395, 839.533763258, 9.90603788653, 1088.14937606, 
Chromsome [2]: (824.0)-11.4466573936, -39.3249851395, 125791.872697, 9.90603788653, 1785.30674341, 
Chromsome [3]: (729.8)1.50120408886, 59.0475808655, 161167.39199, 23.735335968, 574.88500959, 
Chromsome [4]: (729.433333333)1.50120408886, -17.62751039, 161167.39199, 1.54006107994, 1340.20639289, 
<------------ GEN 75--------------->
Chromsome [0]: (809.566666667)-47.8821830192, 4.18586017377, 42435.6349529, 28.1627251707, 2914.46748885, 
Chromsome [1]: (725.1)1.50120408886, 59.0475808655, 171751.868871, 11.8561959798, 812.066374273, 
Chromsome [2]: (725.1)1.50120408886, 59.0475808655, 163976.307645, 14.8598855959, 1914.05979373, 
Chromsome [3]: (725.1)1.50120408886, -38.3781009663, 166479.114736, 19.5659230963, 2966.91072741, 
Chromsome [4]: (725.1)1.50120408886, -38.3781009663, 83289.7609999, 2.41233934846, 2515.23859248, 
<------------ GEN 76--------------->
Chromsome [0]: (813.166666667)-47.8821830192, 4.18586017377, 42435.6349529, 28.1627251707, 2914.46748885, 
Chromsome [1]: (705.733333333)1.50120408886, -17.62751039, 93204.3365844, 13.0238329572, 2764.31514547, 
Chromsome [2]: (701.933333333)1.50120408886, -38.3781009663, 58526.3876372, 5.76967923603, 2966.91072741, 
Chromsome [3]: (701.866666667)1.50120408886, -77.8123902688, 179742.485164, 19.3221587215, 635.822306529, 
Chromsome [4]: (701.766666667)1.50120408886, 59.0475808655, 163976.307645, 14.8598855959, 2267.62057141, 
<------------ GEN 77--------------->
Chromsome [0]: (786.633333333)-47.8821830192, 4.18586017377, 42435.6349529, 28.1627251707, 2914.46748885, 
Chromsome [1]: (671.4)1.50120408886, 59.0475808655, 163976.307645, 5.76967923603, 2966.91072741, 
Chromsome [2]: (671.4)1.50120408886, -38.3781009663, 86205.5761176, 14.8598855959, 2267.62057141, 
Chromsome [3]: (671.4)1.50120408886, 59.0475808655, 171751.868871, 2.41233934846, 2515.23859248, 
Chromsome [4]: (671.4)1.50120408886, 59.0475808655, 171751.868871, 2.41233934846, 2515.23859248, 
<------------ GEN 78--------------->
Chromsome [0]: (797.833333333)-4.01021525421, -39.3249851395, 112306.858248, 16.1464133552, 4204.3672443, 
Chromsome [1]: (797.833333333)-55.3991562065, -38.3781009663, 195975.973013, 11.8561959798, 812.066374273, 
Chromsome [2]: (797.833333333)-47.8821830192, 4.18586017377, 42435.6349529, 28.1627251707, 2914.46748885, 
Chromsome [3]: (667.766666667)3.31632141344, 81.4312995207, 86001.9020296, 2.4172878673, 2966.91072741, 
Chromsome [4]: (660.666666667)1.50120408886, -57.1227015458, 171751.868871, 9.90603788653, 2283.46166529, 
<------------ GEN 79--------------->
Chromsome [0]: (788.466666667)-4.01021525421, -39.3249851395, 112306.858248, 16.1464133552, 4204.3672443, 
Chromsome [1]: (688.6)3.31632141344, 81.4312995207, 86001.9020296, 2.4172878673, 2914.46748885, 
Chromsome [2]: (683.233333333)4.21021525421, 81.4312995207, 131684.068341, 2.4172878673, 2966.91072741, 
Chromsome [3]: (670.2)5.5427754374, -71.3886425731, 59382.7804767, 12.9370759067, 635.822306529, 
Chromsome [4]: (669.466666667)1.50120408886, 83.3010401111, 154164.671094, 29.6500190768, 2210.45210315, 
<------------ GEN 80--------------->
Chromsome [0]: (783.1)-4.01021525421, -39.3249851395, 112306.858248, 16.1464133552, 4204.3672443, 
Chromsome [1]: (690.2)3.31632141344, 81.4312995207, 86001.9020296, 10.8832589822, 2914.46748885, 
Chromsome [2]: (675.2)5.5427754374, -71.3886425731, 19601.0246588, 12.9370759067, 2914.46748885, 
Chromsome [3]: (672.033333333)7.31163599201, -21.549103812, 163976.307645, 5.76967923603, 2966.91072741, 
Chromsome [4]: (667.833333333)1.50120408886, -85.5267541639, 86205.5761176, 15.5412350948, 2218.58096056, 
<------------ GEN 81--------------->
Chromsome [0]: (782.966666667)-4.01021525421, -39.3249851395, 112306.858248, 16.1464133552, 4204.3672443, 
Chromsome [1]: (684.9)3.76492018352, -86.7123298731, 86205.5761176, 23.6159388889, 1848.87506019, 
Chromsome [2]: (680.733333333)3.31632141344, 81.4312995207, 168552.00579, 10.8832589822, 2914.46748885, 
Chromsome [3]: (677.933333333)1.50120408886, -39.3249851395, 54555.3907713, 18.6412480663, 2951.34476446, 
Chromsome [4]: (677.933333333)1.50120408886, 83.3010401111, 79367.1617119, 0.0504207853276, 2914.46748885, 
<------------ GEN 82--------------->
Chromsome [0]: (793.1)-50.7953701573, -79.0896605874, 13938.6579697, 8.72122618136, 2008.03771189, 
Chromsome [1]: (793.1)-4.01021525421, -39.3249851395, 112306.858248, 16.1464133552, 4204.3672443, 
Chromsome [2]: (713.466666667)5.5427754374, -71.3886425731, 101664.214315, 12.9370759067, 656.998219359, 
Chromsome [3]: (710.1)3.31632141344, 81.4312995207, 168552.00579, 10.8832589822, 2914.46748885, 
Chromsome [4]: (707.8)1.50120408886, 61.1970580691, 79367.1617119, 0.0504207853276, 1090.60087988, 
<------------ GEN 83--------------->
Chromsome [0]: (788.733333333)-50.7953701573, -79.0896605874, 13938.6579697, 8.72122618136, 2008.03771189, 
Chromsome [1]: (734.633333333)2.38792869714, 104.001573482, 178665.666693, 20.6284603023, 574.88500959, 
Chromsome [2]: (725.666666667)4.21021525421, -94.6004708417, 177072.61412, 18.9170546768, -1315.11279675, 
Chromsome [3]: (725.0)3.31632141344, 81.4312995207, 168552.00579, 10.8832589822, 2914.46748885, 
Chromsome [4]: (713.366666667)1.50120408886, 55.3562380104, 72069.1724959, 17.2634027936, 992.826350142, 
<------------ GEN 84--------------->
Chromsome [0]: (793.433333333)-12.0901860148, -14.9288253622, 39430.7120233, 21.6304331185, 1795.6327557, 
Chromsome [1]: (793.433333333)-50.7953701573, -79.0896605874, 13938.6579697, 8.72122618136, 2008.03771189, 
Chromsome [2]: (730.133333333)1.50120408886, -38.884197257, -91711.7082958, 0.0504207853276, 1090.60087988, 
Chromsome [3]: (728.9)4.21021525421, -85.3995291583, 177072.61412, 5.65115469442, 656.998219359, 
Chromsome [4]: (723.466666667)3.31632141344, 81.4312995207, 168552.00579, 10.8832589822, 825.430114933, 
<------------ GEN 85--------------->
Chromsome [0]: (775.933333333)-20.4854518371, -31.33828692, 166479.114736, 25.4658781949, 1458.8222114, 
Chromsome [1]: (775.933333333)-12.0901860148, -14.9288253622, 39430.7120233, 21.6304331185, 1795.6327557, 
Chromsome [2]: (688.233333333)5.97693064852, 54.8970342256, 54555.3907713, -16.201771441, 2546.89441743, 
Chromsome [3]: (685.433333333)6.27018949574, -79.8276514705, 78196.4064049, 26.1662583224, 2748.48895981, 
Chromsome [4]: (684.566666667)3.31632141344, 81.4312995207, 112306.858248, 17.8799007881, 2966.91072741, 
<------------ GEN 86--------------->
Chromsome [0]: (774.466666667)-24.3127462732, -71.8979827181, 168552.00579, 10.8832589822, 825.430114933, 
Chromsome [1]: (774.466666667)-39.1990861889, 36.0670560601, 79367.1617119, 8.04716053263, 2191.54135631, 
Chromsome [2]: (774.466666667)-20.4854518371, -31.33828692, 166479.114736, 25.4658781949, 1458.8222114, 
Chromsome [3]: (693.266666667)4.21021525421, -60.5021771157, 8481.43442145, 23.3144785106, 607.631309232, 
Chromsome [4]: (691.333333333)6.27018949574, -79.8276514705, 125666.524485, 26.1662583224, 2016.54685089, 
<------------ GEN 87--------------->
Chromsome [0]: (775.933333333)-24.3127462732, -71.8979827181, 168552.00579, 10.8832589822, 825.430114933, 
Chromsome [1]: (695.3)4.21021525421, -60.5021771157, 8481.43442145, 23.3144785106, 607.631309232, 
Chromsome [2]: (693.3)6.27018949574, -79.8276514705, 125666.524485, 26.1662583224, 2016.54685089, 
Chromsome [3]: (687.3)12.2901860148, -14.9288253622, 134098.35867, 21.6304331185, 1795.6327557, 
Chromsome [4]: (683.8)10.1876473425, -39.3249851395, 63774.5689007, 9.90623954034, 2008.03771189, 
<------------ GEN 88--------------->
Chromsome [0]: (784.5)-60.6733908263, -3.93332854176, 112306.858248, 20.0324833241, 1521.27581616, 
Chromsome [1]: (784.5)-24.3127462732, -71.8979827181, 168552.00579, 10.8832589822, 825.430114933, 
Chromsome [2]: (713.866666667)1.50120408886, 55.3562380104, -53981.4971529, 16.1464133552, 1144.9960457, 
Chromsome [3]: (711.7)4.21021525421, -60.5021771157, 8481.43442145, 23.3144785106, 2611.44136249, 
Chromsome [4]: (709.966666667)6.27018949574, -79.8276514705, 125666.524485, 26.1662583224, 2191.54135631, 
<------------ GEN 89--------------->
Chromsome [0]: (801.166666667)-60.6733908263, -3.93332854176, 112306.858248, 20.0324833241, 1521.27581616, 
Chromsome [1]: (709.233333333)12.2901860148, -14.9288253622, 134098.35867, 56.5883421831, 949.581742027, 
Chromsome [2]: (706.033333333)4.21021525421, -60.5021771157, 8481.43442145, 5.05058140777, 2611.44136249, 
Chromsome [3]: (703.7)6.27018949574, -79.8276514705, 125666.524485, 27.8259002049, 2191.54135631, 
Chromsome [4]: (696.733333333)9.55311868503, -39.3249851395, 117528.310722, 25.3877140634, 2008.03771189, 
<------------ GEN 90--------------->
Chromsome [0]: (814.566666667)-60.6733908263, -3.93332854176, 112306.858248, 20.0324833241, 1521.27581616, 
Chromsome [1]: (764.9)4.21021525421, 90.3348742699, 92236.2464155, 19.8694569725, 1591.63542442, 
Chromsome [2]: (760.9)4.21021525421, -60.5021771157, 8481.43442145, 5.05058140777, 2191.54135631, 
Chromsome [3]: (759.566666667)6.27018949574, -79.8276514705, 125666.524485, 16.2976107206, 113.973609643, 
Chromsome [4]: (759.566666667)6.27018949574, -79.8276514705, 125666.524485, 27.8259002049, 2611.44136249, 
<------------ GEN 91--------------->
Chromsome [0]: (807.266666667)-60.6733908263, -3.93332854176, 112306.858248, 20.0324833241, 1521.27581616, 
Chromsome [1]: (751.633333333)4.21021525421, -68.5377696031, 24926.7466394, -0.669858147958, 1591.63542442, 
Chromsome [2]: (749.833333333)4.21021525421, -69.2041902913, 8481.43442145, 5.05058140777, 2191.54135631, 
Chromsome [3]: (743.4)6.27018949574, -79.8276514705, 28377.0092624, 6.77370224544, 1964.33820442, 
Chromsome [4]: (740.933333333)6.27018949574, -79.8276514705, 72553.8108471, 10.8832589822, 1891.22298916, 
<------------ GEN 92--------------->
Chromsome [0]: (800.6)-60.6733908263, -3.93332854176, 112306.858248, 20.0324833241, 1521.27581616, 
Chromsome [1]: (795.166666667)0.230539880642, 55.3562380104, 130475.9314, 10.7586777635, 1050.31343787, 
Chromsome [2]: (749.866666667)4.21021525421, -69.2041902913, 8481.43442145, 5.05058140777, 1461.29208097, 
Chromsome [3]: (735.766666667)9.55311868503, -39.3249851395, 117528.310722, 21.8142966858, 3027.13367461, 
Chromsome [4]: (729.3)1.50120408886, 16.8961482254, 168552.00579, 9.53757460749, 1612.22363544, 
<------------ GEN 93--------------->
Chromsome [0]: (823.266666667)-60.6733908263, -3.93332854176, 112306.858248, 20.0324833241, 1521.27581616, 
Chromsome [1]: (809.9)0.230539880642, 2.73495029394, 130475.9314, 10.7586777635, 1050.31343787, 
Chromsome [2]: (752.066666667)4.21021525421, -69.2041902913, 8481.43442145, 5.05058140777, 537.580596727, 
Chromsome [3]: (743.166666667)12.2901860148, -15.5945126677, 134098.35867, 22.9297533627, 2190.43312134, 
Chromsome [4]: (743.166666667)12.2901860148, -15.5945126677, 134098.35867, 3.41165781685, 1795.6327557, 
<------------ GEN 94--------------->
Chromsome [0]: (830.466666667)-31.9505846819, 52.5591107275, 2811.17035267, 21.0299620349, 2947.09242787, 
Chromsome [1]: (830.466666667)-60.6733908263, -3.93332854176, 112306.858248, 20.0324833241, 1521.27581616, 
Chromsome [2]: (817.066666667)0.230539880642, 21.0725416332, 130475.9314, 2.08239835473, 2972.86632539, 
Chromsome [3]: (766.6)4.21021525421, -69.2041902913, 8481.43442145, 5.05058140777, 537.580596727, 
Chromsome [4]: (758.566666667)12.2901860148, -15.5945126677, 134098.35867, 18.8215595618, 516.276168865, 
<------------ GEN 95--------------->
Chromsome [0]: (833.466666667)-31.9505846819, 52.5591107275, 2811.17035267, 21.0299620349, 2947.09242787, 
Chromsome [1]: (777.033333333)4.21021525421, -69.2041902913, 8481.43442145, 5.05058140777, 537.580596727, 
Chromsome [2]: (776.033333333)4.21021525421, -69.2041902913, 137175.157723, 20.0324833241, 1669.54198375, 
Chromsome [3]: (775.066666667)12.2375978161, 43.7483954229, -186113.53346, 26.8839694122, 2951.34476446, 
Chromsome [4]: (768.366666667)12.2901860148, -15.5945126677, 112306.858248, 17.5161803719, 1144.9960457, 
<------------ GEN 96--------------->
Chromsome [0]: (812.633333333)-31.9505846819, 52.5591107275, 2811.17035267, 21.0299620349, 2947.09242787, 
Chromsome [1]: (751.866666667)4.21021525421, -69.2041902913, 137175.157723, 20.0324833241, 1669.54198375, 
Chromsome [2]: (742.266666667)12.2375978161, -2.2514135864, -91265.4629501, 5.05058140777, 537.580596727, 
Chromsome [3]: (728.766666667)12.2901860148, -15.5945126677, 112306.858248, 17.5161803719, 1144.9960457, 
Chromsome [4]: (728.766666667)12.2901860148, -15.5945126677, 52566.1843653, 2.01745249263, 2190.43312134, 
<------------ GEN 97--------------->
Chromsome [0]: (788.233333333)-31.9505846819, 52.5591107275, 2811.17035267, 21.0299620349, 2947.09242787, 
Chromsome [1]: (726.766666667)4.21021525421, -69.2041902913, 137175.157723, 19.6215032612, 1669.54198375, 
Chromsome [2]: (726.766666667)4.21021525421, -69.2041902913, 137175.157723, 13.3845524876, 1873.80024835, 
Chromsome [3]: (717.566666667)12.2901860148, -15.5945126677, 52566.1843653, 21.8142966858, 1521.27581616, 
Chromsome [4]: (717.566666667)12.2901860148, -15.5945126677, 116684.548466, 19.6864804449, 2951.34476446, 
<------------ GEN 98--------------->
Chromsome [0]: (757.133333333)-31.9505846819, 52.5591107275, 2811.17035267, 21.0299620349, 2947.09242787, 
Chromsome [1]: (680.9)4.21021525421, -69.2041902913, 84319.2686264, 5.2710006762, 840.297469451, 
Chromsome [2]: (668.633333333)12.2901860148, -15.5945126677, 116684.548466, 19.6864804449, 1943.04684133, 
Chromsome [3]: (668.633333333)12.2901860148, -15.5945126677, 52566.1843653, 21.8142966858, 1521.27581616, 
Chromsome [4]: (667.033333333)12.2375978161, -26.6919971647, 94926.9254526, 3.41165781685, 2216.34959353, 
<------------ GEN 99--------------->
Chromsome [0]: (771.966666667)-31.9505846819, 52.5591107275, 2811.17035267, 21.0299620349, 2947.09242787, 
Chromsome [1]: (662.866666667)12.2901860148, -15.5945126677, 116684.548466, 19.6864804449, 1943.04684133, 
Chromsome [2]: (654.866666667)12.2901860148, 41.0609131055, 68002.717658, 17.8005976336, 983.492680575, 
Chromsome [3]: (654.866666667)12.2375978161, -41.8024688427, 94926.9254526, 3.41165781685, 2216.34959353, 
Chromsome [4]: (650.066666667)12.2375978161, 45.5507043034, 173886.46654, 26.8839694122, 1030.23102466, 
<------------ GEN 100--------------->
Chromsome [0]: (763.366666667)-31.9505846819, 52.5591107275, 2811.17035267, 21.0299620349, 2947.09242787, 
Chromsome [1]: (692.366666667)4.21021525421, 64.4540544114, 8481.43442145, 13.0809416969, 1891.22298916, 
Chromsome [2]: (674.766666667)12.2901860148, -15.5945126677, 18412.9537712, 29.4882866369, 872.452909093, 
Chromsome [3]: (671.866666667)0.615097144799, 60.3250008403, 168552.00579, 15.4733224138, 840.297469451, 
Chromsome [4]: (671.866666667)0.615097144799, 60.3250008403, 168552.00579, 5.2710006762, 2190.43312134, 
