<------------ GEN 1--------------->
Chromsome [0]: (798.266666667)5.52706505943, -28.8656289165, 117948.121155, 9.04054214198, 1929.67042645, 
Chromsome [1]: (776.533333333)9.36858595066, 32.3014408296, 41210.9564068, 24.8944370324, 1666.13047582, 
Chromsome [2]: (770.433333333)7.84151547234, -71.6839663004, 147404.780946, 13.408232552, 1940.89906558, 
Chromsome [3]: (757.266666667)13.9179287806, -14.9277247629, 2472.68780018, 22.2268012864, 2196.74936482, 
Chromsome [4]: (751.433333333)17.8639165523, 26.0168480518, 149281.986781, 24.1392220251, 1702.73979838, 
<------------ GEN 2--------------->
Chromsome [0]: (779.966666667)5.52706505943, -28.8656289165, 117948.121155, 9.04054214198, 1929.67042645, 
Chromsome [1]: (769.933333333)5.52706505943, -5.2881674964, 117948.121155, 9.04054214198, 1929.67042645, 
Chromsome [2]: (735.066666667)7.84151547234, -71.6839663004, 147404.780946, 13.408232552, 1940.89906558, 
Chromsome [3]: (734.466666667)16.3607277554, 32.3014408296, 41210.9564068, 24.8944370324, 1666.13047582, 
Chromsome [4]: (732.266666667)17.8639165523, 26.0168480518, 60822.5410573, 24.1392220251, 1702.73979838, 
<------------ GEN 3--------------->
Chromsome [0]: (837.8)-40.9356457001, -39.2945733081, 115216.437156, 1.82558247058, 2507.16282301, 
Chromsome [1]: (763.966666667)5.52706505943, -41.9806663656, 22458.8005447, 25.1235963825, 3009.71801441, 
Chromsome [2]: (762.9)5.52706505943, -28.8656289165, 117948.121155, 9.04054214198, 1929.67042645, 
Chromsome [3]: (737.966666667)5.52706505943, -5.2881674964, 117948.121155, 12.3856902981, 2791.4052525, 
Chromsome [4]: (692.9)16.3607277554, 26.0168480518, 60822.5410573, 24.1392220251, 1702.73979838, 
<------------ GEN 4--------------->
Chromsome [0]: (858.1)-40.9356457001, -39.2945733081, 115216.437156, 1.82558247058, 2507.16282301, 
Chromsome [1]: (767.666666667)5.52706505943, -41.9806663656, 22458.8005447, -18.7994328795, 1929.67042645, 
Chromsome [2]: (767.666666667)5.52706505943, -87.3365131438, 111792.546362, 6.96658932913, 2539.80897338, 
Chromsome [3]: (766.333333333)5.52706505943, -28.8656289165, 177531.589829, 24.6216484141, 2508.40184102, 
Chromsome [4]: (682.3)7.84151547234, -71.6839663004, 147404.780946, 16.9880585676, 1684.70856122, 
<------------ GEN 5--------------->
Chromsome [0]: (851.8)-40.9356457001, -39.2945733081, 115216.437156, 1.82558247058, 2507.16282301, 
Chromsome [1]: (779.166666667)5.52706505943, -87.3365131438, 111792.546362, 18.7994328795, 1929.67042645, 
Chromsome [2]: (779.166666667)5.52706505943, -41.9806663656, 22458.8005447, 6.96658932913, 1314.2586453, 
Chromsome [3]: (779.166666667)5.52706505943, -41.9806663656, 108186.787293, 18.7994328795, 1929.67042645, 
Chromsome [4]: (779.166666667)5.52706505943, -42.3198115664, 110306.255797, 9.37463219983, 2350.3415542, 
<------------ GEN 6--------------->
Chromsome [0]: (842.633333333)-40.9356457001, -39.2945733081, 115216.437156, 1.82558247058, 2507.16282301, 
Chromsome [1]: (746.466666667)5.52706505943, -55.4293708697, 22458.8005447, 1.82558247058, 2507.16282301, 
Chromsome [2]: (740.833333333)5.52706505943, -42.3198115664, 110306.255797, 6.96658932913, 736.614469019, 
Chromsome [3]: (740.8)5.52706505943, -41.9806663656, 184.145496464, 18.7994328795, 1929.67042645, 
Chromsome [4]: (740.733333333)5.52706505943, -87.3365131438, 111792.546362, 18.7994328795, 2505.16502661, 
<------------ GEN 7--------------->
Chromsome [0]: (842.0)-34.737386713, -44.6632043341, 177531.589829, 24.6216484141, 1929.67042645, 
Chromsome [1]: (842.0)-40.9356457001, -39.2945733081, 115216.437156, 1.82558247058, 2507.16282301, 
Chromsome [2]: (810.666666667)1.73334115767, 79.1889678842, 60601.9495756, -22.5663205455, 1929.67042645, 
Chromsome [3]: (744.233333333)5.52706505943, -55.4293708697, 22458.8005447, 1.82558247058, 2507.16282301, 
Chromsome [4]: (739.5)5.52706505943, 69.382296703, 65775.4760193, 9.56915911665, 970.965403522, 
<------------ GEN 8--------------->
Chromsome [0]: (847.233333333)-34.737386713, -44.6632043341, 177531.589829, 24.6216484141, 1929.67042645, 
Chromsome [1]: (837.433333333)0.391982787257, -39.2945733081, 83188.094787, 16.9327404075, 1792.77950985, 
Chromsome [2]: (837.233333333)1.73334115767, 79.1889678842, 60601.9495756, 22.5663205455, 1929.67042645, 
Chromsome [3]: (727.666666667)5.52706505943, 69.382296703, 65775.4760193, 14.7073381746, 970.965403522, 
Chromsome [4]: (726.0)5.52706505943, -42.3198115664, 110306.255797, 6.96658932913, 2990.28198559, 
<------------ GEN 9--------------->
Chromsome [0]: (827.633333333)-34.737386713, -44.6632043341, 177531.589829, 24.6216484141, 1929.67042645, 
Chromsome [1]: (820.366666667)1.73334115767, -110.700618205, 60601.9495756, 6.96658932913, 2990.28198559, 
Chromsome [2]: (819.833333333)0.391982787257, -39.2945733081, 33037.3686104, 16.9327404075, 2097.03715684, 
Chromsome [3]: (726.366666667)5.52706505943, -42.3198115664, 110306.255797, 68.5359672984, 1929.67042645, 
Chromsome [4]: (726.333333333)5.52706505943, -53.2568752624, 102552.847749, 4.56475762897, 2630.5359472, 
<------------ GEN 10--------------->
Chromsome [0]: (845.633333333)-34.737386713, -44.6632043341, 177531.589829, 24.6216484141, 1929.67042645, 
Chromsome [1]: (834.8)1.73334115767, -16.8853187932, 128645.31806, 18.2840803445, 1929.67042645, 
Chromsome [2]: (832.366666667)0.391982787257, -69.6465114368, 117948.121155, 5.64584557746, 1849.39523565, 
Chromsome [3]: (713.433333333)5.52706505943, -55.4293708697, 19296.6804535, 1.82558247058, 953.296836119, 
Chromsome [4]: (705.0)5.52706505943, -53.2568752624, 71511.002013, 4.56475762897, 1995.54327218, 
<------------ GEN 11--------------->
Chromsome [0]: (848.133333333)-34.737386713, -44.6632043341, 177531.589829, 24.6216484141, 1929.67042645, 
Chromsome [1]: (837.6)0.391982787257, -79.5843663617, 139127.280237, 8.53596729844, 2032.0729828, 
Chromsome [2]: (835.0)1.73334115767, -16.8853187932, 128645.31806, 6.53001874838, 1053.77773796, 
Chromsome [3]: (835.0)1.73334115767, -16.8853187932, 128645.31806, 18.2840803445, 2165.19809617, 
Chromsome [4]: (662.666666667)5.52706505943, -55.4293708697, 19296.6804535, 32.9037143019, 2135.22855665, 
<------------ GEN 12--------------->
Chromsome [0]: (862.733333333)-34.737386713, -44.6632043341, 177531.589829, 24.6216484141, 1929.67042645, 
Chromsome [1]: (852.766666667)0.391982787257, -79.5843663617, 139127.280237, 7.7652863303, 1563.78610864, 
Chromsome [2]: (846.2)1.73334115767, -16.8853187932, 128645.31806, 18.2840803445, 2097.03715684, 
Chromsome [3]: (674.766666667)5.52706505943, -55.4293708697, 86163.4576133, 7.15986055993, 1476.89515404, 
Chromsome [4]: (674.766666667)5.52706505943, 82.6101623552, 87273.782337, 26.0982901839, 1995.54327218, 
<------------ GEN 13--------------->
Chromsome [0]: (823.533333333)-10.0442629813, 34.0168697188, 128645.31806, 18.2840803445, 2097.03715684, 
Chromsome [1]: (823.533333333)-34.737386713, -44.6632043341, 177531.589829, 24.6216484141, 1929.67042645, 
Chromsome [2]: (804.533333333)0.391982787257, 52.6968671106, 151185.667012, 7.7652863303, 2884.54953803, 
Chromsome [3]: (796.8)1.73334115767, -16.8853187932, 138813.657721, 18.2840803445, 1317.92056719, 
Chromsome [4]: (796.8)1.73334115767, -16.8853187932, 128645.31806, 12.7340748802, 1929.67042645, 
<------------ GEN 14--------------->
Chromsome [0]: (811.166666667)-10.0442629813, 34.0168697188, 128645.31806, 18.2840803445, 2097.03715684, 
Chromsome [1]: (768.633333333)0.391982787257, 52.6968671106, 151185.667012, 7.7652863303, 1929.67042645, 
Chromsome [2]: (756.2)1.73334115767, -16.8853187932, 128645.31806, 12.7340748802, 1929.67042645, 
Chromsome [3]: (752.233333333)1.73334115767, 82.6101623552, 70011.2895573, 16.07715478, 953.296836119, 
Chromsome [4]: (686.766666667)5.52706505943, -55.4293708697, 177531.589829, 1.05023823087, 1616.07134517, 
<------------ GEN 15--------------->
Chromsome [0]: (830.7)-33.6845056906, -22.9004619466, 138813.657721, 14.0705751515, 2884.54953803, 
Chromsome [1]: (830.7)-10.0442629813, 34.0168697188, 128645.31806, 18.2840803445, 2097.03715684, 
Chromsome [2]: (821.1)0.391982787257, -50.2054039574, 19296.6804535, 17.0281307688, 2135.22855665, 
Chromsome [3]: (811.066666667)1.73334115767, -16.8853187932, 128645.31806, 4.47429129288, 2443.34789468, 
Chromsome [4]: (795.2)3.35120685573, -55.4293708697, 177531.589829, 18.2840803445, 2136.15330026, 
<------------ GEN 16--------------->
Chromsome [0]: (841.6)-95.0425529374, -3.83954707937, 86163.4576133, 28.6274215068, 2662.99957504, 
Chromsome [1]: (841.6)-33.6845056906, -22.9004619466, 138813.657721, 14.0705751515, 2884.54953803, 
Chromsome [2]: (825.3)0.391982787257, -50.2054039574, 19296.6804535, 17.0281307688, 2135.22855665, 
Chromsome [3]: (825.3)0.391982787257, -50.2054039574, 19296.6804535, 17.0281307688, 1018.88956808, 
Chromsome [4]: (801.6)1.73334115767, -16.8853187932, 131377.858762, 29.938225482, 1564.28424203, 
<------------ GEN 17--------------->
Chromsome [0]: (833.433333333)-95.0425529374, -3.83954707937, 86163.4576133, 28.6274215068, 2662.99957504, 
Chromsome [1]: (813.233333333)0.391982787257, -50.2054039574, 19296.6804535, 17.0281307688, 1018.88956808, 
Chromsome [2]: (813.233333333)0.391982787257, -50.2054039574, 19296.6804535, 14.0705751515, 2884.54953803, 
Chromsome [3]: (810.2)0.391982787257, 87.3058457039, 123771.172837, 8.81805984941, 1544.2877489, 
Chromsome [4]: (795.766666667)1.73334115767, -16.8853187932, 131377.858762, 29.938225482, 2893.48079962, 
<------------ GEN 18--------------->
Chromsome [0]: (826.833333333)-5.24061317707, 111.476803297, -34016.8892275, 17.8999282161, 2136.15330026, 
Chromsome [1]: (826.833333333)-95.0425529374, -3.83954707937, 86163.4576133, 28.6274215068, 2662.99957504, 
Chromsome [2]: (819.8)0.391982787257, -50.2054039574, 19296.6804535, 3.40192596531, 2884.54953803, 
Chromsome [3]: (813.266666667)0.391982787257, -50.2054039574, 19296.6804535, 5.25199482025, 1018.88956808, 
Chromsome [4]: (807.533333333)0.391982787257, -16.2212197591, 151185.667012, 4.3299719895, 1385.24927799, 
<------------ GEN 19--------------->
Chromsome [0]: (837.133333333)-5.24061317707, 111.476803297, -34016.8892275, 17.8999282161, 2136.15330026, 
Chromsome [1]: (826.466666667)0.391982787257, -50.2054039574, 19296.6804535, 3.40192596531, 940.346149261, 
Chromsome [2]: (809.733333333)0.391982787257, -50.2054039574, 19296.6804535, 5.25199482025, 621.050837596, 
Chromsome [3]: (807.3)0.391982787257, -16.2212197591, 151185.667012, 4.3299719895, 1385.24927799, 
Chromsome [4]: (807.3)0.391982787257, -16.2212197591, 151185.667012, 4.3299719895, 1385.24927799, 
<------------ GEN 20--------------->
Chromsome [0]: (819.6)-5.24061317707, 111.476803297, -34016.8892275, 17.8999282161, 2136.15330026, 
Chromsome [1]: (810.066666667)0.391982787257, -50.2054039574, 19296.6804535, 3.40192596531, 2919.95401842, 
Chromsome [2]: (786.133333333)0.391982787257, -16.2212197591, 151185.667012, 4.3299719895, 1385.24927799, 
Chromsome [3]: (752.4)6.64415870827, 45.6524436251, 30614.5266482, 29.938225482, 1792.77950985, 
Chromsome [4]: (744.866666667)5.44061317707, 68.5231967033, 34016.8892275, 26.7947777754, 1990.5412479, 
<------------ GEN 21--------------->
Chromsome [0]: (809.466666667)-5.24061317707, 111.476803297, -34016.8892275, 17.8999282161, 2136.15330026, 
Chromsome [1]: (794.333333333)0.391982787257, -50.2054039574, 19296.6804535, 3.40192596531, 2136.15330026, 
Chromsome [2]: (785.1)0.391982787257, -50.2054039574, 19296.6804535, 5.25199482025, 621.050837596, 
Chromsome [3]: (748.133333333)5.44061317707, 68.5231967033, 28817.0376001, 3.40192596531, 2919.95401842, 
Chromsome [4]: (741.966666667)6.64415870827, 45.6524436251, 30614.5266482, 29.938225482, 1385.24927799, 
<------------ GEN 22--------------->
Chromsome [0]: (827.433333333)-5.24061317707, 111.476803297, -34016.8892275, 17.8999282161, 2136.15330026, 
Chromsome [1]: (821.166666667)0.391982787257, -50.2054039574, 19296.6804535, 3.40192596531, 2136.15330026, 
Chromsome [2]: (818.066666667)0.391982787257, 14.4084737724, 151185.667012, 0.580811767358, 2873.6454635, 
Chromsome [3]: (768.266666667)6.92024489946, -22.7742765273, -86864.2840301, 24.2053599885, 1449.1571763, 
Chromsome [4]: (761.1)5.44061317707, 68.5231967033, 28817.0376001, 3.40192596531, 2111.98765613, 
<------------ GEN 23--------------->
Chromsome [0]: (816.766666667)-5.24061317707, 111.476803297, -34016.8892275, 17.8999282161, 2136.15330026, 
Chromsome [1]: (807.4)0.391982787257, 14.4084737724, 174578.159541, 0.653135922429, 2873.6454635, 
Chromsome [2]: (806.066666667)0.391982787257, -50.2054039574, 19296.6804535, 12.253090303, 2919.95401842, 
Chromsome [3]: (753.133333333)17.8639165523, -16.8853187932, -25186.8401176, 4.45189604751, 1996.65154793, 
Chromsome [4]: (728.033333333)6.92024489946, 46.302404057, 118459.365807, 22.3481413035, -802.623931026, 
<------------ GEN 24--------------->
Chromsome [0]: (807.233333333)-5.24061317707, 111.476803297, -34016.8892275, 17.8999282161, 2136.15330026, 
Chromsome [1]: (794.966666667)0.391982787257, 14.4084737724, 174578.159541, 0.653135922429, 2873.6454635, 
Chromsome [2]: (721.566666667)5.44061317707, 46.302404057, -151395.716821, 22.3481413035, 1802.62393103, 
Chromsome [3]: (708.1)6.92024489946, -53.8421806286, 34016.8892275, 17.8999282161, 1863.97189229, 
Chromsome [4]: (704.333333333)6.92024489946, 34.3077618482, 151185.667012, 30.5196621902, 2304.75596564, 
<------------ GEN 25--------------->
Chromsome [0]: (807.333333333)-5.24061317707, 111.476803297, -34016.8892275, 17.8999282161, 2136.15330026, 
Chromsome [1]: (801.533333333)0.391982787257, 14.4084737724, 174578.159541, 22.3481413035, 1802.62393103, 
Chromsome [2]: (721.366666667)57.6296825787, 73.0446297048, -20378.5273188, 0.653135922429, 2873.6454635, 
Chromsome [3]: (704.2)6.92024489946, -53.8421806286, 34016.8892275, 0.79723696272, 2880.86780675, 
Chromsome [4]: (697.8)6.64415870827, 78.8399170659, 166072.380776, 26.4380364864, 2873.6454635, 
<------------ GEN 26--------------->
Chromsome [0]: (810.533333333)-50.5905942106, 51.7023201715, 111898.492647, 17.8999282161, 3266.43604627, 
Chromsome [1]: (810.533333333)-5.24061317707, 111.476803297, -34016.8892275, 17.8999282161, 2136.15330026, 
Chromsome [2]: (766.233333333)0.391982787257, 68.5231967033, 34016.8892275, 12.6098899681, 767.130217414, 
Chromsome [3]: (691.533333333)5.44061317707, 37.8219694537, 171939.597038, 6.90678964937, 1990.5412479, 
Chromsome [4]: (679.4)5.44061317707, 60.0628059041, 34016.8892275, 17.8999282161, 2136.15330026, 
<------------ GEN 27--------------->
Chromsome [0]: (816.1)-50.5905942106, 51.7023201715, 111898.492647, 17.8999282161, 3266.43604627, 
Chromsome [1]: (784.366666667)0.391982787257, 68.5231967033, 34016.8892275, 12.3806438677, 1793.83767869, 
Chromsome [2]: (699.666666667)5.44061317707, 37.8219694537, -122629.806677, 6.90678964937, 1990.5412479, 
Chromsome [3]: (681.6)5.44061317707, 49.3384732333, 22083.8514318, 17.8999282161, 2136.15330026, 
Chromsome [4]: (679.966666667)5.44061317707, 68.5231967033, 27276.8500761, 25.8830666845, 1640.64210728, 
<------------ GEN 28--------------->
Chromsome [0]: (812.8)-50.5905942106, 51.7023201715, 111898.492647, 17.8999282161, 3266.43604627, 
Chromsome [1]: (786.333333333)0.391982787257, 68.5231967033, 325962.200518, 12.3806438677, 1640.64210728, 
Chromsome [2]: (695.6)5.44061317707, 49.3384732333, 22083.8514318, 17.8999282161, 2136.15330026, 
Chromsome [3]: (688.8)5.44061317707, -72.7798478644, 159204.618314, 17.8999282161, 2136.15330026, 
Chromsome [4]: (686.833333333)5.44061317707, 68.5231967033, 107099.456119, 25.8830666845, 2013.18539978, 
<------------ GEN 29--------------->
Chromsome [0]: (810.366666667)-33.8033894785, 68.5231967033, 107099.456119, 23.630734978, 2013.18539978, 
Chromsome [1]: (810.366666667)-50.5905942106, 51.7023201715, 111898.492647, 17.8999282161, 3266.43604627, 
Chromsome [2]: (768.1)0.391982787257, 68.5231967033, 34037.7994825, 15.3019373588, -452.952071403, 
Chromsome [3]: (702.066666667)5.44061317707, 33.1556414857, 10660.1696925, 22.3481413035, 2534.12127836, 
Chromsome [4]: (679.8)5.44061317707, 49.3384732333, 22083.8514318, 17.8999282161, 2136.15330026, 
<------------ GEN 30--------------->
Chromsome [0]: (801.966666667)-8.12234910751, -16.476803497, 74249.2306467, 29.9437343196, 643.247709496, 
Chromsome [1]: (801.966666667)-111.177847112, 51.7023201715, 111898.492647, 0.769088867735, 1791.47237735, 
Chromsome [2]: (801.966666667)-33.8033894785, 68.5231967033, 107099.456119, 23.630734978, 2013.18539978, 
Chromsome [3]: (786.133333333)0.391982787257, -23.3802876543, 122629.806677, 0.859597877449, 997.540654974, 
Chromsome [4]: (692.433333333)5.44061317707, 49.3384732333, 22083.8514318, 0.90701668333, 2136.15330026, 
<------------ GEN 31--------------->
Chromsome [0]: (808.766666667)-8.12234910751, -16.476803497, 74249.2306467, 29.9437343196, 643.247709496, 
Chromsome [1]: (788.866666667)0.391982787257, -23.3802876543, 156931.684263, 11.4434338197, 997.540654974, 
Chromsome [2]: (727.966666667)5.44061317707, 33.1556414857, 10660.1696925, 17.8999282161, 2079.68591814, 
Chromsome [3]: (716.766666667)5.44061317707, -42.3980437215, 21678.1667869, 3.82653923493, 813.627344228, 
Chromsome [4]: (712.4)5.44061317707, 37.8219694537, 34037.7994825, 15.3019373588, 1452.9520714, 
<------------ GEN 32--------------->
Chromsome [0]: (808.9)-101.968135994, -43.059588863, 56874.0737728, 20.1740732903, 1694.28971683, 
Chromsome [1]: (808.9)-8.12234910751, -16.476803497, 74249.2306467, 29.9437343196, 643.247709496, 
Chromsome [2]: (806.0)0.391982787257, -23.3802876543, 156931.684263, 11.4434338197, 997.540654974, 
Chromsome [3]: (745.433333333)5.27965946373, -82.7983829616, 147977.180218, 0.79723696272, 1003.68450561, 
Chromsome [4]: (745.4)5.44061317707, -42.3980437215, 21678.1667869, 3.82653923493, 813.627344228, 
<------------ GEN 33--------------->
Chromsome [0]: (801.733333333)-101.968135994, -43.059588863, 56874.0737728, 20.1740732903, 1694.28971683, 
Chromsome [1]: (798.833333333)0.391982787257, -23.3802876543, 100911.792593, 19.4497533899, 643.247709496, 
Chromsome [2]: (744.4)5.44061317707, -76.0770194037, -80718.3929552, 15.5173269413, 2733.56395373, 
Chromsome [3]: (737.633333333)5.27965946373, -82.7983829616, 161447.291817, 7.17325041519, 1606.33354341, 
Chromsome [4]: (733.333333333)5.60699189041, -47.0441889188, 26484.8332428, 4.57285163946, 2585.05989504, 
<------------ GEN 34--------------->
Chromsome [0]: (814.5)-101.968135994, -43.059588863, 56874.0737728, 20.1740732903, 1694.28971683, 
Chromsome [1]: (801.066666667)0.391982787257, -23.3802876543, 100911.792593, 15.3019373588, 3135.63630132, 
Chromsome [2]: (801.066666667)0.391982787257, -23.3802876543, 100911.792593, 29.9437343196, 2528.49738107, 
Chromsome [3]: (733.8)5.44061317707, 33.1556414857, 107099.456119, 5.74472230894, 640.859149978, 
Chromsome [4]: (733.133333333)5.27965946373, -35.2690995954, 74361.2329367, 6.90678964937, 730.012661298, 
<------------ GEN 35--------------->
Chromsome [0]: (818.0)-19.4236763043, -94.2421367569, 67488.9458852, 28.9695559298, 657.842561511, 
Chromsome [1]: (818.0)-101.968135994, -43.059588863, 56874.0737728, 20.1740732903, 1694.28971683, 
Chromsome [2]: (804.566666667)0.391982787257, -23.3802876543, 100911.792593, -3.2889241849, 2563.84618416, 
Chromsome [3]: (804.566666667)0.391982787257, -23.3802876543, 100911.792593, 15.3019373588, 981.825331088, 
Chromsome [4]: (730.066666667)5.27965946373, -35.2690995954, 25591.7428005, 6.90678964937, 2752.13535376, 
<------------ GEN 36--------------->
Chromsome [0]: (811.933333333)-19.4236763043, -94.2421367569, 67488.9458852, 28.9695559298, 657.842561511, 
Chromsome [1]: (806.133333333)0.391982787257, -23.3802876543, 100911.792593, 3.2889241849, 2595.50608812, 
Chromsome [2]: (806.133333333)0.391982787257, -17.5760857423, 25591.7428005, 10.1345194051, 2752.13535376, 
Chromsome [3]: (713.233333333)5.60699189041, -70.5407845832, 10309.0960162, -29.4895765079, 1205.47999751, 
Chromsome [4]: (708.4)5.44061317707, -76.0770194037, 134115.691672, 5.64423530296, 1134.40944338, 
<------------ GEN 37--------------->
Chromsome [0]: (799.666666667)-19.4236763043, -94.2421367569, 67488.9458852, 28.9695559298, 657.842561511, 
Chromsome [1]: (796.766666667)0.391982787257, -17.5760857423, 25591.7428005, 10.1345194051, 2752.13535376, 
Chromsome [2]: (796.766666667)0.391982787257, -23.3802876543, 100911.792593, 3.2889241849, 2595.50608812, 
Chromsome [3]: (761.566666667)5.44061317707, 76.3292666215, -1226.20927522, 11.4434338197, 2705.2844882, 
Chromsome [4]: (746.533333333)5.44061317707, 87.7328742252, 128437.416147, 20.1740732903, 1694.28971683, 
<------------ GEN 38--------------->
Chromsome [0]: (825.3)-19.4236763043, -94.2421367569, 67488.9458852, 28.9695559298, 657.842561511, 
Chromsome [1]: (822.433333333)0.391982787257, 75.2060577018, 3672.3426842, 3.2889241849, 1157.90769463, 
Chromsome [2]: (822.4)0.391982787257, -17.5760857423, 197215.424355, 48.8993941779, 2269.93234184, 
Chromsome [3]: (822.4)0.391982787257, 57.3461167047, 25591.7428005, 10.1345194051, 2752.13535376, 
Chromsome [4]: (765.2)11.7364841673, 0.598253446499, -76658.3844646, 2.96375557396, 1605.45658412, 
<------------ GEN 39--------------->
Chromsome [0]: (823.833333333)-19.4236763043, -94.2421367569, 67488.9458852, 28.9695559298, 657.842561511, 
Chromsome [1]: (820.933333333)0.391982787257, -39.7069341358, 25591.7428005, 10.1345194051, 657.842561511, 
Chromsome [2]: (820.933333333)0.391982787257, -17.5760857423, 162784.575645, 11.1006058221, 2269.93234184, 
Chromsome [3]: (769.6)5.44061317707, 87.7328742252, 53693.8903443, 21.9858121614, 1052.56623178, 
Chromsome [4]: (769.6)5.44061317707, 87.7328742252, 61399.925325, 21.9858121614, 1846.10078263, 
<------------ GEN 40--------------->
Chromsome [0]: (822.533333333)-19.4236763043, -94.2421367569, 67488.9458852, 28.9695559298, 657.842561511, 
Chromsome [1]: (809.1)0.391982787257, -17.5760857423, 162784.575645, 24.3760310356, 2115.72678467, 
Chromsome [2]: (776.433333333)5.44061317707, -38.0965812697, 41562.4723241, 29.7727740711, -2702.83938279, 
Chromsome [3]: (773.533333333)5.27965946373, 33.1556414857, 48382.555492, 3.38688813649, 2245.50091215, 
Chromsome [4]: (767.266666667)5.44061317707, -144.538949325, 364.1237428, 21.9858121614, 1052.56623178, 
<------------ GEN 41--------------->
Chromsome [0]: (832.2)-19.4236763043, -94.2421367569, 67488.9458852, 28.9695559298, 657.842561511, 
Chromsome [1]: (766.033333333)3.16710647543, 9.13167230145, 67488.9458852, 28.9695559298, 2312.76376138, 
Chromsome [2]: (758.566666667)5.44061317707, -35.4610506754, 1300.69858571, 1.20697472338, 1088.46646442, 
Chromsome [3]: (753.833333333)3.16710647543, 73.8419070448, 38250.3210709, 16.636359828, 2620.95952723, 
Chromsome [4]: (750.4)5.44061317707, -35.4610506754, 364.1237428, 21.9858121614, 1052.56623178, 
<------------ GEN 42--------------->
Chromsome [0]: (824.766666667)-19.4236763043, -94.2421367569, 67488.9458852, 28.9695559298, 657.842561511, 
Chromsome [1]: (821.766666667)1.20079841571, -58.9467431424, 160799.797575, 29.7727740711, -1045.75993303, 
Chromsome [2]: (779.566666667)3.16710647543, -158.551266833, 122725.89151, 1.63510078745, 1628.25912595, 
Chromsome [3]: (757.533333333)5.44061317707, 87.7328742252, 13100.0763012, 2.82867418734, 2995.43946774, 
Chromsome [4]: (749.7)5.44061317707, -35.4610506754, 364.1237428, 28.9695559298, 657.842561511, 
<------------ GEN 43--------------->
Chromsome [0]: (815.333333333)-19.4236763043, -94.2421367569, 67488.9458852, 28.9695559298, 657.842561511, 
Chromsome [1]: (812.366666667)1.20079841571, -7.78167151704, 160799.797575, 25.7302604641, 2995.43946774, 
Chromsome [2]: (778.033333333)3.16710647543, -11.9401651216, -82424.4871077, 21.9858121614, 2247.34034673, 
Chromsome [3]: (749.933333333)5.44061317707, 87.7328742252, 13100.0763012, 29.7727740711, 2045.75993303, 
Chromsome [4]: (731.6)5.44061317707, -85.7578632431, 67488.9458852, 4.30254860777, 657.842561511, 
<------------ GEN 44--------------->
Chromsome [0]: (805.8)-19.4236763043, -94.2421367569, 67488.9458852, 28.9695559298, 657.842561511, 
Chromsome [1]: (799.866666667)1.20079841571, -7.78167151704, 160799.797575, 23.871135666, 2752.13535376, 
Chromsome [2]: (730.066666667)5.44061317707, 87.7328742252, 13100.0763012, 29.7727740711, 2045.75993303, 
Chromsome [3]: (718.133333333)5.44061317707, -77.373103639, 67488.9458852, 0.199994354004, 1976.37413724, 
Chromsome [4]: (718.0)5.27965946373, -50.4178442271, 67488.9458852, -30.7175433924, 2312.76376138, 
<------------ GEN 45--------------->
Chromsome [0]: (825.9)-19.4236763043, -94.2421367569, 67488.9458852, 28.9695559298, 657.842561511, 
Chromsome [1]: (802.1)1.20079841571, -7.78167151704, 160799.797575, 1.63510078745, 2015.66314371, 
Chromsome [2]: (723.933333333)5.44061317707, -51.0459321023, 13100.0763012, 29.7727740711, 2045.75993303, 
Chromsome [3]: (723.9)8.32234910751, -19.9828642513, 139871.269536, 21.9858121614, 1224.15490188, 
Chromsome [4]: (722.133333333)5.44061317707, -77.373103639, 67488.9458852, 0.199994354004, 1976.37413724, 
<------------ GEN 46--------------->
Chromsome [0]: (816.433333333)-19.4236763043, -94.2421367569, 67488.9458852, 28.9695559298, 657.842561511, 
Chromsome [1]: (803.266666667)1.20079841571, -7.78167151704, 160799.797575, 1.63510078745, 610.178091906, 
Chromsome [2]: (726.833333333)5.44061317707, -77.373103639, 17229.3454966, 40.8942521026, 1224.4072987, 
Chromsome [3]: (726.566666667)5.44061317707, 55.2163713273, 114814.014225, 29.2824566076, 1567.45973218, 
Chromsome [4]: (726.066666667)6.25911392423, 28.7046519276, 118475.702024, 2.60032933645, 657.842561511, 
<------------ GEN 47--------------->
Chromsome [0]: (813.0)-19.4236763043, -94.2421367569, 67488.9458852, 28.9695559298, 657.842561511, 
Chromsome [1]: (775.166666667)1.20079841571, -7.78167151704, 67488.9458852, 12.5106271908, 2970.84510601, 
Chromsome [2]: (773.533333333)1.20079841571, 55.2163713273, 66729.5752646, 29.2824566076, 1567.45973218, 
Chromsome [3]: (693.9)5.44061317707, -77.373103639, 17229.3454966, 19.1057478974, 808.6919063, 
Chromsome [4]: (689.566666667)6.25911392423, 28.7046519276, 118475.702024, 2.60032933645, 657.842561511, 
<------------ GEN 48--------------->
Chromsome [0]: (809.8)-19.4236763043, -94.2421367569, 67488.9458852, 28.9695559298, 657.842561511, 
Chromsome [1]: (763.3)1.20079841571, -7.78167151704, 38556.9516571, 28.9695559298, 657.842561511, 
Chromsome [2]: (754.533333333)1.20079841571, 55.2163713273, 66729.5752646, 29.2824566076, 1567.45973218, 
Chromsome [3]: (717.266666667)5.44061317707, 53.1810785647, 13100.0763012, 29.7727740711, 2778.7304101, 
Chromsome [4]: (709.5)5.44061317707, -77.373103639, 17229.3454966, 19.1057478974, 808.6919063, 
<------------ GEN 49--------------->
Chromsome [0]: (787.5)-41.0613482172, 13.1930843722, 27962.1208631, 18.8003583569, 1319.2142539, 
Chromsome [1]: (787.5)-7.76387765501, -35.9108779115, 67488.9458852, 5.14483281549, 657.842561511, 
Chromsome [2]: (787.5)-19.4236763043, -94.2421367569, 67488.9458852, 28.9695559298, 657.842561511, 
Chromsome [3]: (720.266666667)1.20079841571, 21.54256258, 67488.9458852, 12.5106271908, 2970.84510601, 
Chromsome [4]: (702.566666667)6.88762670107, 23.1572867907, 175395.954727, 30.9339074455, 2583.8074857, 
<------------ GEN 50--------------->
Chromsome [0]: (786.1)-23.2740290723, 31.8088745372, 104790.165076, 12.1758850789, 1016.76259362, 
Chromsome [1]: (786.1)-41.0613482172, 13.1930843722, 27962.1208631, 18.8003583569, 1319.2142539, 
Chromsome [2]: (707.6)1.20079841571, 21.54256258, 127639.04881, 12.5106271908, 2970.84510601, 
Chromsome [3]: (689.833333333)5.44061317707, -77.373103639, 52598.536977, 28.9695559298, 2054.70414094, 
Chromsome [4]: (688.933333333)6.25911392423, -39.4351109624, 17229.3454966, 19.1057478974, 1567.45973218, 
<------------ GEN 51--------------->
Chromsome [0]: (794.933333333)-154.114789946, -57.8030141755, 72021.5076765, 12.5106271908, 2536.8035683, 
Chromsome [1]: (794.933333333)-23.2740290723, 31.8088745372, 104790.165076, 12.1758850789, 1016.76259362, 
Chromsome [2]: (693.0)5.44061317707, -77.373103639, 52598.536977, 18.1358484706, 2054.70414094, 
Chromsome [3]: (691.3)5.44061317707, -115.638022637, 160913.709125, 28.9695559298, 1021.44458826, 
Chromsome [4]: (689.0)6.25911392423, -39.4351109624, 67488.9458852, 28.9695559298, 657.842561511, 
<------------ GEN 52--------------->
Chromsome [0]: (813.2)-154.114789946, -57.8030141755, 72021.5076765, 12.5106271908, 2536.8035683, 
Chromsome [1]: (737.233333333)0.47339963922, 29.7153231579, 150994.627541, 5.12646724023, 1862.41714415, 
Chromsome [2]: (698.0)5.44061317707, -171.714325844, 139871.269536, 29.9437343196, 1039.90159555, 
Chromsome [3]: (695.733333333)6.25911392423, 37.8148751533, 67488.9458852, 15.1248378796, 2587.98614171, 
Chromsome [4]: (675.666666667)6.88762670107, -48.5908458825, 175395.954727, 7.95269933031, 1275.63995754, 
<------------ GEN 53--------------->
Chromsome [0]: (802.433333333)-41.4551759886, -59.3775050483, 27962.1208631, 18.8003583569, 1319.2142539, 
Chromsome [1]: (802.433333333)-154.114789946, -57.8030141755, 72021.5076765, 12.5106271908, 2536.8035683, 
Chromsome [2]: (729.833333333)0.47339963922, -9.56077318654, 150994.627541, 5.12646724023, 1862.41714415, 
Chromsome [3]: (685.5)6.25911392423, 37.8148751533, 67488.9458852, 11.2532232456, 1705.61010882, 
Chromsome [4]: (677.2)6.25911392423, -77.373103639, -112682.306405, 1.73170092011, 1136.27767745, 
<------------ GEN 54--------------->
Chromsome [0]: (802.3)-31.007610758, 73.6748730707, 142956.235548, 17.2234921709, 657.842561511, 
Chromsome [1]: (802.3)-41.4551759886, -59.3775050483, 27962.1208631, 18.8003583569, 1319.2142539, 
Chromsome [2]: (735.366666667)0.47339963922, 9.52547036471, 150994.627541, 26.2297831431, 1862.41714415, 
Chromsome [3]: (731.133333333)0.47339963922, -9.56077318654, 150994.627541, 5.12646724023, 2990.29240314, 
Chromsome [4]: (690.733333333)6.25911392423, 37.8148751533, 55327.0337657, 21.9858121614, 2334.18689596, 
<------------ GEN 55--------------->
Chromsome [0]: (799.7)-31.007610758, 73.6748730707, 142956.235548, 17.2234921709, 657.842561511, 
Chromsome [1]: (758.266666667)0.47339963922, 9.52547036471, 83743.3120332, 26.2297831431, 1136.27767745, 
Chromsome [2]: (758.266666667)0.47339963922, 9.52547036471, 150994.627541, 26.2297831431, -1070.64743457, 
Chromsome [3]: (702.066666667)6.25911392423, 37.8148751533, 104790.165076, 12.1758850789, 1859.08373889, 
Chromsome [4]: (701.4)6.25911392423, -56.1728051405, 112682.306405, 5.48218665522, 1845.88529971, 
<------------ GEN 56--------------->
Chromsome [0]: (779.866666667)-31.007610758, 73.6748730707, 142956.235548, 17.2234921709, 657.842561511, 
Chromsome [1]: (749.333333333)0.47339963922, 38.8986007, 150994.627541, 26.2297831431, 2070.64743457, 
Chromsome [2]: (749.0)0.47339963922, 9.52547036471, 83743.3120332, 26.2297831431, 1136.27767745, 
Chromsome [3]: (749.0)0.47339963922, 9.52547036471, 150994.627541, 21.6350171915, 808.6919063, 
Chromsome [4]: (686.033333333)6.25911392423, 37.8148751533, 92751.8527412, 12.1758850789, 657.842561511, 
<------------ GEN 57--------------->
Chromsome [0]: (789.666666667)-31.007610758, 73.6748730707, 142956.235548, 17.2234921709, 657.842561511, 
Chromsome [1]: (751.3)0.47339963922, -45.5062518891, 4853.60010104, 26.2297831431, 2019.39060853, 
Chromsome [2]: (747.4)0.47339963922, 24.6087783787, 83743.3120332, 26.2297831431, 1850.19017367, 
Chromsome [3]: (744.2)0.47339963922, 9.52547036471, 164512.742433, 25.1191325639, 1319.2142539, 
Chromsome [4]: (697.866666667)3.41070985817, 150.744397211, 86312.4668242, 26.9652102439, 1116.56002969, 
<------------ GEN 58--------------->
Chromsome [0]: (785.233333333)-2.87247176259, 13.8548839596, 120243.697642, 6.31534021232, 1044.1741612, 
Chromsome [1]: (785.233333333)-31.007610758, 73.6748730707, 142956.235548, 17.2234921709, 657.842561511, 
Chromsome [2]: (748.6)0.47339963922, 52.2476786474, 150994.627541, 25.7477837882, 1850.19017367, 
Chromsome [3]: (747.6)0.47339963922, 6.46727192776, 67488.9458852, 1.73170092011, 2990.29240314, 
Chromsome [4]: (746.0)0.47339963922, 24.6087783787, 92751.8527412, 30.9545226636, 1095.69919948, 
<------------ GEN 59--------------->
Chromsome [0]: (791.3)-2.87247176259, 13.8548839596, 120243.697642, 6.31534021232, 1044.1741612, 
Chromsome [1]: (728.033333333)0.47339963922, 6.46727192776, 67488.9458852, 1.73170092011, 2990.29240314, 
Chromsome [2]: (721.733333333)0.47339963922, -45.5062518891, 33848.9289446, 26.9652102439, 1136.27767745, 
Chromsome [3]: (714.033333333)0.47339963922, -45.5062518891, 86312.4668242, 26.9652102439, -759.931369889, 
Chromsome [4]: (696.633333333)5.44061317707, 65.2392790334, 54136.9428841, 24.9727843263, 1949.0083786, 
<------------ GEN 60--------------->
Chromsome [0]: (811.333333333)-2.87247176259, 13.8548839596, 120243.697642, 6.31534021232, 1044.1741612, 
Chromsome [1]: (770.433333333)0.47339963922, 61.2024016424, 120243.697642, 14.8077792075, 1044.1741612, 
Chromsome [2]: (770.266666667)0.47339963922, 6.46727192776, 70492.3273092, 17.2234921709, 2019.39060853, 
Chromsome [3]: (767.533333333)0.47339963922, -45.5062518891, 33848.9289446, 26.9652102439, 1136.27767745, 
Chromsome [4]: (738.9)5.44061317707, 65.2392790334, 54136.9428841, 24.9727843263, 2763.57302616, 
<------------ GEN 61--------------->
Chromsome [0]: (826.4)-2.87247176259, 13.8548839596, 120243.697642, 6.31534021232, 1044.1741612, 
Chromsome [1]: (776.366666667)3.07247176259, 12.1991920871, -99206.0055743, 26.9652102439, 1685.60887079, 
Chromsome [2]: (765.733333333)0.47339963922, 6.46727192776, 70492.3273092, 17.2234921709, 2019.39060853, 
Chromsome [3]: (765.633333333)0.47339963922, 56.174297634, 70492.3273092, 13.5922539398, 1044.1741612, 
Chromsome [4]: (765.6)0.47339963922, -45.5062518891, 33848.9289446, 9.89342050079, 1136.27767745, 
<------------ GEN 62--------------->
Chromsome [0]: (818.066666667)-45.813049562, 61.2024016424, 120243.697642, 14.8077792075, 2019.39060853, 
Chromsome [1]: (818.066666667)-2.87247176259, 13.8548839596, 120243.697642, 6.31534021232, 1044.1741612, 
Chromsome [2]: (771.533333333)0.47339963922, -45.5062518891, -41902.9326655, 29.2627942684, 1136.27767745, 
Chromsome [3]: (762.366666667)0.47339963922, 13.7355404717, 70492.3273092, -34.3049413774, 1044.1741612, 
Chromsome [4]: (757.9)0.47339963922, 65.2392790334, 54136.9428841, 22.6025376142, 2763.57302616, 
<------------ GEN 63--------------->
Chromsome [0]: (780.033333333)-50.2466467378, -3.58411072996, 46793.5059026, 28.4617551, 679.581275222, 
Chromsome [1]: (780.033333333)-45.813049562, 61.2024016424, 120243.697642, 14.8077792075, 2019.39060853, 
Chromsome [2]: (725.966666667)0.47339963922, 13.7355404717, 54136.9428841, 22.6025376142, 2763.57302616, 
Chromsome [3]: (724.1)0.47339963922, 65.2392790334, 70492.3273092, 34.3049413774, 1987.47845446, 
Chromsome [4]: (710.766666667)0.47339963922, -81.5494664852, 152459.432721, 22.5291731047, 2423.83351478, 
<------------ GEN 64--------------->
Chromsome [0]: (819.6)-50.2466467378, -3.58411072996, 46793.5059026, 28.4617551, 679.581275222, 
Chromsome [1]: (769.233333333)0.47339963922, 13.7355404717, 54136.9428841, 22.6025376142, 2763.57302616, 
Chromsome [2]: (766.8)0.47339963922, 65.2392790334, 194232.598296, 4.74275905293, 1512.60010464, 
Chromsome [3]: (755.633333333)0.47339963922, -81.5494664852, 152459.432721, 22.5291731047, 338.504015419, 
Chromsome [4]: (753.466666667)2.59817368884, 52.2476786474, 23122.4126188, 9.01757382604, 1372.72513009, 
<------------ GEN 65--------------->
Chromsome [0]: (802.866666667)-50.2466467378, -3.58411072996, 46793.5059026, 28.4617551, 679.581275222, 
Chromsome [1]: (737.866666667)0.47339963922, -20.7321063694, 37218.6619353, 4.74275905293, 1372.72513009, 
Chromsome [2]: (735.4)0.47339963922, 13.7355404717, 158645.556124, 22.6025376142, -1115.47900226, 
Chromsome [3]: (735.333333333)0.47339963922, 25.3326026156, 83743.3120332, 21.5015215242, 2109.86295086, 
Chromsome [4]: (726.066666667)4.73998596347, 73.6748730707, 99206.0055743, 34.0696169641, 2528.97878067, 
<------------ GEN 66--------------->
Chromsome [0]: (812.333333333)-50.2466467378, -3.58411072996, 46793.5059026, 28.4617551, 679.581275222, 
Chromsome [1]: (791.133333333)0.47339963922, 186.491110224, 37218.6619353, 11.8659556878, 1512.60010464, 
Chromsome [2]: (761.566666667)0.47339963922, 17.4457631593, 164724.451671, 26.9652102439, 1421.68670421, 
Chromsome [3]: (756.4)0.47339963922, 65.8842883978, 83743.3120332, 21.5015215242, 2109.86295086, 
Chromsome [4]: (748.833333333)4.73998596347, 73.6748730707, 3332.74111289, 15.6742532224, 2681.05881761, 
<------------ GEN 67--------------->
Chromsome [0]: (826.966666667)-50.2466467378, -3.58411072996, 46793.5059026, 28.4617551, 679.581275222, 
Chromsome [1]: (790.266666667)0.47339963922, 17.4457631593, 164724.451671, 26.9652102439, 1597.87787597, 
Chromsome [2]: (790.266666667)0.47339963922, 17.4457631593, 164724.451671, 0.545354138546, 661.495984581, 
Chromsome [3]: (786.733333333)0.47339963922, -0.290703832393, 99206.0055743, 7.00035344003, 1685.60887079, 
Chromsome [4]: (786.6)0.47339963922, -6.49111022429, 86600.2218888, 28.4617551, 1470.56884187, 
<------------ GEN 68--------------->
Chromsome [0]: (819.433333333)-50.2466467378, -3.58411072996, 46793.5059026, 28.4617551, 679.581275222, 
Chromsome [1]: (798.7)0.47339963922, 17.4457631593, 7057.79298956, 6.72346576082, 679.581275222, 
Chromsome [2]: (785.333333333)0.47339963922, 56.8828948593, 86600.2218888, 28.4617551, 1470.56884187, 
Chromsome [3]: (784.633333333)0.47339963922, 17.4457631593, 160600.93718, 0.545354138546, 1787.12214938, 
Chromsome [4]: (784.4)0.47339963922, -0.290703832393, 99206.0055743, 47.2576698428, 874.495391251, 
<------------ GEN 69--------------->
Chromsome [0]: (819.6)-50.2466467378, -3.58411072996, 46793.5059026, 28.4617551, 679.581275222, 
Chromsome [1]: (792.533333333)2.59817368884, 73.6748730707, -99845.1583393, 21.5015215242, 2109.86295086, 
Chromsome [2]: (785.866666667)0.47339963922, 56.8828948593, 86600.2218888, 29.8866950634, 1510.85405359, 
Chromsome [3]: (781.133333333)0.47339963922, 17.4457631593, 160600.93718, 0.545354138546, 1787.12214938, 
Chromsome [4]: (780.633333333)5.2417492112, 70.0756604184, 65280.4348672, 16.9840194493, 1238.68603513, 
<------------ GEN 70--------------->
Chromsome [0]: (801.9)-50.2466467378, -3.58411072996, 46793.5059026, 28.4617551, 679.581275222, 
Chromsome [1]: (757.3)5.2417492112, 70.0756604184, 65280.4348672, 9.97537511602, 2405.97748761, 
Chromsome [2]: (757.0)5.48686720515, -51.5720688068, 46793.5059026, 28.4617551, 679.581275222, 
Chromsome [3]: (754.833333333)0.47339963922, 17.4457631593, 174901.958763, 0.545354138546, 1787.12214938, 
Chromsome [4]: (746.266666667)0.47339963922, -83.154429035, 99206.0055743, 7.30886746728, 874.495391251, 
<------------ GEN 71--------------->
Chromsome [0]: (823.566666667)-20.2426042155, 73.6748730707, 42112.4648363, 27.3603909117, 1110.38477016, 
Chromsome [1]: (823.566666667)-50.2466467378, -3.58411072996, 46793.5059026, 28.4617551, 679.581275222, 
Chromsome [2]: (779.533333333)0.47339963922, 17.4457631593, 79930.1630865, 0.545354138546, 1597.87787597, 
Chromsome [3]: (779.466666667)0.47339963922, -4.24157459285, 46793.5059026, 28.4617551, 679.581275222, 
Chromsome [4]: (779.4)0.47339963922, 17.4457631593, 174901.958763, 0.545354138546, 1787.12214938, 
<------------ GEN 72--------------->
Chromsome [0]: (828.1)-20.2426042155, 73.6748730707, 42112.4648363, 27.3603909117, 1110.38477016, 
Chromsome [1]: (777.6)0.47339963922, 17.4457631593, 121743.377468, 0.545354138546, 1597.87787597, 
Chromsome [2]: (775.2)0.47339963922, 78.7676290035, 46793.5059026, 28.4617551, 2275.62562803, 
Chromsome [3]: (772.033333333)0.47339963922, -4.24157459285, 146002.607746, 10.4505130087, 1110.38477016, 
Chromsome [4]: (762.333333333)3.07247176259, 5.67174551796, 128951.473475, 2.04250768237, 1855.39567826, 
<------------ GEN 73--------------->
Chromsome [0]: (831.266666667)-20.2426042155, 73.6748730707, 42112.4648363, 27.3603909117, 1110.38477016, 
Chromsome [1]: (785.3)0.47339963922, 17.4457631593, 81557.4287991, 0.545354138546, 1110.38477016, 
Chromsome [2]: (783.6)0.47339963922, -4.24157459285, 146002.607746, 28.8105301196, 1597.87787597, 
Chromsome [3]: (775.666666667)3.07247176259, -4.24157459285, 174901.958763, 0.545354138546, 2449.96812063, 
Chromsome [4]: (774.666666667)3.07247176259, 5.67174551796, 135726.688553, 14.6701555081, 1510.85405359, 
<------------ GEN 74--------------->
Chromsome [0]: (818.433333333)-20.2426042155, 73.6748730707, 42112.4648363, 27.3603909117, 1110.38477016, 
Chromsome [1]: (769.066666667)0.47339963922, 17.4457631593, 30882.6231081, 28.2229753793, 892.851690604, 
Chromsome [2]: (765.966666667)0.47339963922, -4.24157459285, 146002.607746, 3.93379025469, 1326.27006446, 
Chromsome [3]: (751.933333333)3.07247176259, -4.24157459285, 174901.958763, 0.545354138546, 2449.96812063, 
Chromsome [4]: (750.766666667)3.07247176259, 5.67174551796, 135726.688553, 14.6701555081, 1510.85405359, 
<------------ GEN 75--------------->
Chromsome [0]: (800.866666667)-20.2426042155, 73.6748730707, 42112.4648363, 27.3603909117, 1110.38477016, 
Chromsome [1]: (758.366666667)0.47339963922, -4.24157459285, 142529.087173, 15.4078564945, 1326.27006446, 
Chromsome [2]: (758.366666667)0.47339963922, -4.24157459285, 146002.607746, 3.93379025469, 1326.27006446, 
Chromsome [3]: (747.7)0.47339963922, -62.2142529104, 174543.771816, 19.9486193948, 1110.38477016, 
Chromsome [4]: (730.366666667)5.2417492112, 70.0756604184, 48340.4119961, 26.7264490674, 1314.55946948, 
<------------ GEN 76--------------->
Chromsome [0]: (788.1)-20.2426042155, 73.6748730707, 42112.4648363, 27.3603909117, 1110.38477016, 
Chromsome [1]: (728.5)0.47339963922, -4.24157459285, 142529.087173, 15.4078564945, 1326.27006446, 
Chromsome [2]: (728.5)0.47339963922, -4.24157459285, 146002.607746, 3.93379025469, 3816.3673763, 
Chromsome [3]: (722.166666667)0.47339963922, -62.2142529104, 174543.771816, 19.9486193948, 1110.38477016, 
Chromsome [4]: (711.333333333)5.48686720515, -51.5720688068, 103956.260302, 16.9840194493, 2949.87311526, 
<------------ GEN 77--------------->
Chromsome [0]: (792.266666667)-20.2426042155, 73.6748730707, 42112.4648363, 27.3603909117, 1110.38477016, 
Chromsome [1]: (726.633333333)0.47339963922, -62.2142529104, 52598.536977, 27.3603909117, 1110.38477016, 
Chromsome [2]: (725.766666667)0.47339963922, -4.24157459285, 146002.607746, 6.50345000481, 2183.6326237, 
Chromsome [3]: (725.766666667)0.47339963922, -4.24157459285, 142529.087173, 9.78619399444, 855.524253527, 
Chromsome [4]: (725.766666667)0.47339963922, -4.24157459285, 142529.087173, 16.8750437768, 2603.31316502, 
<------------ GEN 78--------------->
Chromsome [0]: (825.8)-22.8214799754, -93.8575173248, 102766.658163, 5.42612756629, 2423.71803451, 
Chromsome [1]: (825.8)-20.2426042155, 73.6748730707, 42112.4648363, 27.3603909117, 1110.38477016, 
Chromsome [2]: (779.933333333)0.47339963922, -62.2142529104, 52598.536977, 5.74944655746, 1300.07681428, 
Chromsome [3]: (776.066666667)0.47339963922, -4.24157459285, 142529.087173, 7.4507542022, 865.081622582, 
Chromsome [4]: (776.066666667)0.47339963922, -4.24157459285, 142529.087173, 4.66714221495, 2315.30284551, 
<------------ GEN 79--------------->
Chromsome [0]: (821.966666667)-22.8214799754, -93.8575173248, 102766.658163, 5.42612756629, 2423.71803451, 
Chromsome [1]: (765.7)0.47339963922, 49.9931780485, 52598.536977, 27.3603909117, 1110.38477016, 
Chromsome [2]: (762.533333333)0.47339963922, -86.5049947586, 103956.260302, 18.2916440001, 2449.96812063, 
Chromsome [3]: (761.966666667)0.47339963922, -4.24157459285, 142529.087173, 7.4507542022, 2840.11411028, 
Chromsome [4]: (761.966666667)0.47339963922, -4.24157459285, 172309.512035, 8.31192214226, 1570.34684554, 
<------------ GEN 80--------------->
Chromsome [0]: (805.633333333)-22.8214799754, -93.8575173248, 102766.658163, 5.42612756629, 2423.71803451, 
Chromsome [1]: (742.066666667)0.47339963922, -21.3152877865, -11814.0061063, 8.31192214226, 1570.34684554, 
Chromsome [2]: (728.2)0.47339963922, 49.9931780485, 52598.536977, 18.3275901018, 2423.09880692, 
Chromsome [3]: (722.966666667)0.47339963922, -4.24157459285, 142529.087173, 19.3690805335, 2840.11411028, 
Chromsome [4]: (715.466666667)0.47339963922, -40.3207283102, 112476.648916, 20.7973628729, 1702.29431384, 
<------------ GEN 81--------------->
Chromsome [0]: (807.033333333)-22.8214799754, -93.8575173248, 102766.658163, 5.42612756629, 2423.71803451, 
Chromsome [1]: (712.9)0.47339963922, 49.9931780485, 52598.536977, 18.3275901018, 2423.09880692, 
Chromsome [2]: (710.833333333)0.47339963922, -4.24157459285, 142529.087173, -2.15354544893, 1575.22812503, 
Chromsome [3]: (709.466666667)0.47339963922, 73.6748730707, 89911.8151672, 5.42612756629, 2423.71803451, 
Chromsome [4]: (704.666666667)5.2417492112, -77.4932183309, 48340.4119961, 17.3775399813, 2525.00855307, 
<------------ GEN 82--------------->
Chromsome [0]: (798.266666667)-22.8214799754, -93.8575173248, 102766.658163, 5.42612756629, 2423.71803451, 
Chromsome [1]: (733.933333333)0.47339963922, 72.1159321847, 18493.2452095, 5.42612756629, 2165.56153037, 
Chromsome [2]: (717.666666667)0.47339963922, 49.9931780485, 91497.106156, 18.3275901018, 2423.09880692, 
Chromsome [3]: (712.766666667)0.47339963922, 73.6748730707, 89911.8151672, 5.42612756629, 1304.18197712, 
Chromsome [4]: (696.5)0.47339963922, -86.1424826752, 102766.658163, 5.42612756629, 2423.71803451, 
<------------ GEN 83--------------->
Chromsome [0]: (815.933333333)-31.8986448289, 51.4123735878, 146002.607746, -2.52956629447, 2423.71803451, 
Chromsome [1]: (815.933333333)-22.8214799754, -93.8575173248, 102766.658163, 5.42612756629, 2423.71803451, 
Chromsome [2]: (741.8)3.07247176259, -86.1424826752, 2537.16138358, 5.42612756629, 2423.71803451, 
Chromsome [3]: (737.833333333)0.47339963922, 72.1159321847, 18493.2452095, 5.42612756629, 1532.77148613, 
Chromsome [4]: (728.966666667)0.47339963922, 72.1159321847, 32752.9698225, 18.2485203266, 645.172862195, 
<------------ GEN 84--------------->
Chromsome [0]: (816.866666667)-31.8986448289, 51.4123735878, 146002.607746, -2.52956629447, 2423.71803451, 
Chromsome [1]: (736.5)3.07247176259, -86.1424826752, 2537.16138358, 5.42612756629, 2423.71803451, 
Chromsome [2]: (727.066666667)0.47339963922, 72.1159321847, 44488.0235264, 5.42612756629, 2165.56153037, 
Chromsome [3]: (717.166666667)0.47339963922, 15.0686105134, 91497.106156, 2.79431305369, 1830.18309195, 
Chromsome [4]: (715.633333333)0.47339963922, 5.67174551796, 146002.607746, 2.52956629447, 2423.71803451, 
<------------ GEN 85--------------->
Chromsome [0]: (807.466666667)-31.8986448289, 51.4123735878, 146002.607746, -2.52956629447, 2423.71803451, 
Chromsome [1]: (729.966666667)3.07247176259, -86.1424826752, 2537.16138358, 5.42612756629, 2423.71803451, 
Chromsome [2]: (707.533333333)0.47339963922, 5.67174551796, 146002.607746, 2.52956629447, 2423.71803451, 
Chromsome [3]: (706.5)0.47339963922, 15.0686105134, 25206.4390386, 10.3930637507, 920.340615101, 
Chromsome [4]: (706.1)0.47339963922, 15.0686105134, 91497.106156, 2.79431305369, 1830.18309195, 
<------------ GEN 86--------------->
Chromsome [0]: (795.533333333)-79.9593095712, 51.4123735878, 146002.607746, 27.4281238296, 2165.56153037, 
Chromsome [1]: (795.533333333)-31.8986448289, 51.4123735878, 146002.607746, -2.52956629447, 2423.71803451, 
Chromsome [2]: (729.766666667)3.07247176259, -86.1424826752, 2537.16138358, 12.3927761521, 2423.71803451, 
Chromsome [3]: (702.6)0.47339963922, 15.0686105134, 91497.106156, 2.79431305369, 1830.18309195, 
Chromsome [4]: (699.9)0.47339963922, 15.0686105134, 80836.9129115, 18.2485203266, 752.38824923, 
<------------ GEN 87--------------->
Chromsome [0]: (798.2)-79.9593095712, 51.4123735878, 146002.607746, 27.4281238296, 2165.56153037, 
Chromsome [1]: (716.166666667)3.07247176259, -86.1424826752, 220996.858025, 13.629388998, 1360.11452751, 
Chromsome [2]: (696.6)0.47339963922, 15.0686105134, 91497.106156, 41.6830590178, 1830.18309195, 
Chromsome [3]: (695.733333333)0.47339963922, 20.2804730734, 80836.9129115, 48.4314992859, 752.38824923, 
Chromsome [4]: (681.4)0.47339963922, -69.8604628895, 146002.607746, 6.65334068307, 2333.11492455, 
<------------ GEN 88--------------->
Chromsome [0]: (797.033333333)-79.9593095712, 51.4123735878, 146002.607746, 27.4281238296, 2165.56153037, 
Chromsome [1]: (741.366666667)3.07247176259, -86.1424826752, 139003.141975, 13.629388998, 1360.11452751, 
Chromsome [2]: (720.7)0.47339963922, 15.0686105134, 80836.9129115, 11.5685007141, 752.38824923, 
Chromsome [3]: (717.433333333)0.47339963922, 20.2804730734, 91497.106156, 18.3169409822, 1830.18309195, 
Chromsome [4]: (717.433333333)0.47339963922, 15.0686105134, 91497.106156, 18.3169409822, 1830.18309195, 
<------------ GEN 89--------------->
Chromsome [0]: (807.833333333)-32.3579409958, 24.2857360857, 91497.106156, 18.3169409822, 2734.5160321, 
Chromsome [1]: (807.833333333)-35.7101891435, -24.5435889144, 167066.133757, 2.94084179439, 942.625297319, 
Chromsome [2]: (807.833333333)-79.9593095712, 51.4123735878, 146002.607746, 27.4281238296, 2165.56153037, 
Chromsome [3]: (751.766666667)0.47339963922, 15.0686105134, 80836.9129115, 11.5685007141, 752.38824923, 
Chromsome [4]: (751.666666667)0.47339963922, 15.0686105134, 92494.7612167, 27.3333925063, 2996.54245807, 
<------------ GEN 90--------------->
Chromsome [0]: (828.633333333)-62.8875498642, -28.1240858254, 85865.0100225, 5.42612756629, 724.317767519, 
Chromsome [1]: (828.633333333)-32.3579409958, 24.2857360857, 91497.106156, 18.3169409822, 2734.5160321, 
Chromsome [2]: (781.266666667)0.47339963922, 20.2804730734, 22488.5952605, 8.03651748635, 2423.71803451, 
Chromsome [3]: (779.566666667)0.47339963922, 20.2804730734, 91497.106156, 2.3036581505, 650.289223859, 
Chromsome [4]: (778.8)0.47339963922, 15.0686105134, 80836.9129115, 0.199419138081, 2165.56153037, 
<------------ GEN 91--------------->
Chromsome [0]: (839.333333333)-62.8875498642, -28.1240858254, 85865.0100225, 5.42612756629, 724.317767519, 
Chromsome [1]: (808.133333333)0.47339963922, 15.0686105134, 92494.7612167, 17.8633909563, 1929.73185109, 
Chromsome [2]: (808.133333333)0.47339963922, 15.0686105134, 80836.9129115, 14.1236650702, 1900.60284091, 
Chromsome [3]: (804.166666667)0.47339963922, -50.4549287474, 22488.5952605, 8.03651748635, 2734.5160321, 
Chromsome [4]: (801.566666667)3.07247176259, -21.9101269521, 145785.800207, 22.4657947385, 2423.71803451, 
<------------ GEN 92--------------->
Chromsome [0]: (823.366666667)-62.8875498642, -28.1240858254, 85865.0100225, 5.42612756629, 724.317767519, 
Chromsome [1]: (807.033333333)0.47339963922, -26.0164069887, 20779.9328624, 5.42612756629, 2996.54245807, 
Chromsome [2]: (806.9)0.47339963922, 15.0686105134, 43829.7234117, 18.3169409822, 1344.34834874, 
Chromsome [3]: (806.9)0.47339963922, 15.0686105134, 80836.9129115, 14.1236650702, 1900.60284091, 
Chromsome [4]: (806.9)0.47339963922, 15.0686105134, 106386.668366, 1.50602449939, 1900.60284091, 
<------------ GEN 93--------------->
Chromsome [0]: (817.466666667)-83.713117146, 57.479179375, 4364.94908657, 11.0864856399, 1043.59358044, 
Chromsome [1]: (817.466666667)-62.8875498642, -28.1240858254, 85865.0100225, 5.42612756629, 724.317767519, 
Chromsome [2]: (784.5)0.47339963922, -158.675425992, 60343.4179092, 8.03651748635, 532.507262041, 
Chromsome [3]: (784.5)0.47339963922, -158.675425992, 60343.4179092, 27.4281238296, 1276.62349962, 
Chromsome [4]: (772.933333333)0.47339963922, 15.0686105134, 64306.411185, 26.5154267684, 1063.06070912, 
<------------ GEN 94--------------->
Chromsome [0]: (831.033333333)-30.875829181, -35.12108978, 145785.800207, 28.1011654426, 2210.49094939, 
Chromsome [1]: (831.033333333)-83.713117146, 57.479179375, 4364.94908657, 11.0864856399, 1043.59358044, 
Chromsome [2]: (797.533333333)0.47339963922, 15.0686105134, 164091.569454, 26.5154267684, 1063.06070912, 
Chromsome [3]: (797.533333333)0.47339963922, 24.2857360857, 178702.369378, 15.2295303236, 2347.55648773, 
Chromsome [4]: (797.466666667)0.47339963922, -21.324574008, 60343.4179092, 11.0864856399, 2717.34348732, 
<------------ GEN 95--------------->
Chromsome [0]: (815.566666667)-30.875829181, -35.12108978, 145785.800207, 28.1011654426, 2210.49094939, 
Chromsome [1]: (787.1)0.47339963922, 8.23935190166, 82219.5601545, 18.3169409822, 3187.06946411, 
Chromsome [2]: (787.1)0.47339963922, 27.3628859351, 178702.369378, 15.2295303236, 2347.30972117, 
Chromsome [3]: (787.1)0.47339963922, 15.0686105134, 147835.142441, 0.579762230982, 1276.62349962, 
Chromsome [4]: (783.466666667)0.47339963922, -21.324574008, 43829.7234117, 18.3169409822, 2423.71803451, 
<------------ GEN 96--------------->
Chromsome [0]: (821.3)-127.709600151, 19.0473129655, 147835.142441, 0.579762230982, 1668.61341925, 
Chromsome [1]: (821.3)-30.875829181, -35.12108978, 145785.800207, 28.1011654426, 2210.49094939, 
Chromsome [2]: (785.2)0.47339963922, 15.0686105134, 147835.142441, 0.579762230982, 4237.99051038, 
Chromsome [3]: (785.2)0.47339963922, 15.0686105134, 78446.0905994, 0.579762230982, 1276.62349962, 
Chromsome [4]: (785.2)0.47339963922, 8.23935190166, 164091.569454, 26.5154267684, 1063.06070912, 
<------------ GEN 97--------------->
Chromsome [0]: (845.133333333)-15.0730500758, -35.12108978, 145785.800207, 27.5101235478, 724.317767519, 
Chromsome [1]: (845.133333333)-6.29576772935, -44.2044962172, 173515.170459, 15.2295303236, 1589.83232848, 
Chromsome [2]: (845.133333333)-127.709600151, 19.0473129655, 147835.142441, 0.579762230982, 1668.61341925, 
Chromsome [3]: (826.033333333)0.47339963922, 15.0686105134, 78446.0905994, 0.579762230982, 877.858590852, 
Chromsome [4]: (826.033333333)0.47339963922, 27.3628859351, 178702.369378, 11.0864856399, 2717.34348732, 
<------------ GEN 98--------------->
Chromsome [0]: (807.4)-2.1096489199, 19.0473129655, 138170.761818, 20.8165546474, 2717.34348732, 
Chromsome [1]: (807.4)-15.0730500758, -35.12108978, 145785.800207, 27.5101235478, 724.317767519, 
Chromsome [2]: (785.0)0.47339963922, 15.0686105134, 78446.0905994, 0.579762230982, 877.858590852, 
Chromsome [3]: (785.0)0.47339963922, 15.0686105134, 78446.0905994, 0.579762230982, 2285.77105404, 
Chromsome [4]: (785.0)0.47339963922, 27.3628859351, 178702.369378, 27.4496650419, 2717.34348732, 
<------------ GEN 99--------------->
Chromsome [0]: (811.433333333)-166.084683942, 19.0473129655, 145785.800207, 27.5101235478, 1184.88309005, 
Chromsome [1]: (811.433333333)-2.1096489199, 19.0473129655, 138170.761818, 20.8165546474, 2717.34348732, 
Chromsome [2]: (781.666666667)0.47339963922, -35.12108978, 30582.8065908, 2.2658945384, 2423.71803451, 
Chromsome [3]: (778.0)0.47339963922, 27.3628859351, 178702.369378, 27.4496650419, 2717.34348732, 
Chromsome [4]: (777.9)0.47339963922, 15.0686105134, 45368.9194951, 5.42612756629, 1894.50215429, 
<------------ GEN 100--------------->
Chromsome [0]: (825.0)-166.084683942, 19.0473129655, 145785.800207, 27.5101235478, 1184.88309005, 
Chromsome [1]: (814.366666667)0.47339963922, -47.3015728756, 30582.8065908, 2.2658945384, 2423.71803451, 
Chromsome [2]: (812.733333333)0.47339963922, 83.6289518846, 164091.569454, 22.4927722084, 1535.13347016, 
Chromsome [3]: (812.5)0.47339963922, 15.0686105134, 45368.9194951, 5.42612756629, 1894.50215429, 
Chromsome [4]: (809.266666667)0.47339963922, 19.0473129655, 138170.761818, 20.8165546474, 2717.34348732, 
