<------------ GEN 1--------------->
Chromsome [0]: (833.233333333)8.48735636962, -41.7543007069, 4172.91452817, 25.8708463703, 1073.44435661, 
Chromsome [1]: (832.1)6.32892895398, -49.5978040037, 44018.9684124, 9.20501368509, 1382.90652497, 
Chromsome [2]: (831.2)0.479554632485, 81.4434542414, 63355.9122966, 3.31679888115, 1528.53102433, 
Chromsome [3]: (780.466666667)15.7879291679, -14.8420525062, 84511.7959457, 17.653609438, 2129.75542064, 
Chromsome [4]: (745.9)17.4516191339, 51.8960043244, 179800.407313, 28.7650586599, 2981.2438748, 
<------------ GEN 2--------------->
Chromsome [0]: (810.2)8.48735636962, -41.7543007069, 4172.91452817, 25.8708463703, 1588.24499305, 
Chromsome [1]: (810.2)8.48735636962, -41.7543007069, 4172.91452817, 25.8708463703, 1382.90652497, 
Chromsome [2]: (810.2)8.48735636962, -41.7543007069, 4172.91452817, 25.8708463703, 1073.44435661, 
Chromsome [3]: (808.366666667)6.32892895398, -49.5978040037, 44018.9684124, 9.20501368509, 1073.44435661, 
Chromsome [4]: (804.233333333)3.8107059411, -88.2630156111, 116527.356817, 2.34082521561, 2603.17863114, 
<------------ GEN 3--------------->
Chromsome [0]: (800.2)2.81628580194, -23.7814194347, 127721.171615, 21.417465786, 1035.49400382, 
Chromsome [1]: (796.7)3.8107059411, -88.2630156111, 127621.938647, 17.653609438, 2129.75542064, 
Chromsome [2]: (784.966666667)6.32892895398, -49.5978040037, 44018.9684124, 9.20501368509, 1073.44435661, 
Chromsome [3]: (778.133333333)8.48735636962, -41.7543007069, 4172.91452817, 28.7650586599, 2981.2438748, 
Chromsome [4]: (778.133333333)8.48735636962, -41.7543007069, 118907.554821, 19.2706958834, 742.011611058, 
<------------ GEN 4--------------->
Chromsome [0]: (818.533333333)2.81628580194, -23.7814194347, 127721.171615, 21.417465786, 1035.49400382, 
Chromsome [1]: (818.533333333)2.81628580194, -23.7814194347, 127721.171615, 21.417465786, 1035.49400382, 
Chromsome [2]: (811.066666667)2.81628580194, -27.9175757996, 94613.7266909, 8.4246003593, 1073.44435661, 
Chromsome [3]: (808.0)3.8107059411, -88.2630156111, 127621.938647, 17.653609438, 908.860705834, 
Chromsome [4]: (788.966666667)8.48735636962, -13.9332664077, 4172.91452817, 23.3187302183, 2681.35660536, 
<------------ GEN 5--------------->
Chromsome [0]: (825.633333333)2.81628580194, -18.4220553904, 18055.4838908, 27.9898669251, 1483.61093244, 
Chromsome [1]: (824.533333333)2.81628580194, -27.9175757996, 94613.7266909, 8.24193127903, 1073.44435661, 
Chromsome [2]: (823.0)2.81628580194, -23.7814194347, 127721.171615, 21.9034238345, 857.896505193, 
Chromsome [3]: (823.0)2.81628580194, -23.7814194347, 127721.171615, 21.417465786, 1035.49400382, 
Chromsome [4]: (818.766666667)3.8107059411, -85.6837628868, 257261.588203, 28.7650586599, 1073.44435661, 
<------------ GEN 6--------------->
Chromsome [0]: (850.3)-78.1999075476, -13.9332664077, 112750.980059, 21.1540430862, 1966.83666195, 
Chromsome [1]: (828.633333333)2.81628580194, -18.4220553904, 18055.4838908, 27.9898669251, 1483.61093244, 
Chromsome [2]: (828.633333333)2.81628580194, -18.4220553904, 18055.4838908, 27.9898669251, 1483.61093244, 
Chromsome [3]: (826.033333333)2.81628580194, -23.7814194347, 127721.171615, 21.417465786, 1035.49400382, 
Chromsome [4]: (824.833333333)2.81628580194, -27.9175757996, 130781.687658, 8.24193127903, 1073.44435661, 
<------------ GEN 7--------------->
Chromsome [0]: (850.533333333)2.81628580194, -88.6065496962, 170580.833014, 6.10631016029, 395.222715088, 
Chromsome [1]: (850.3)-36.2390318292, -21.0627238689, 102708.456046, 17.7525299242, 3169.63216995, 
Chromsome [2]: (850.3)-78.1999075476, -13.9332664077, 112750.980059, 21.1540430862, 1966.83666195, 
Chromsome [3]: (847.0)2.81628580194, -27.9175757996, 130781.687658, 8.24193127903, 1073.44435661, 
Chromsome [4]: (847.0)2.81628580194, -18.4220553904, 18055.4838908, 27.9898669251, 5226.86887456, 
<------------ GEN 8--------------->
Chromsome [0]: (837.2)2.81628580194, -88.6065496962, 170580.833014, 2.34082521561, 2603.17863114, 
Chromsome [1]: (837.2)2.81628580194, -88.6065496962, 170580.833014, 6.10631016029, 395.222715088, 
Chromsome [2]: (830.2)2.81628580194, 85.235365946, 102708.456046, 17.7525299242, 2830.36783005, 
Chromsome [3]: (830.133333333)2.81628580194, -24.0690351524, 112750.980059, 21.1540430862, 1966.83666195, 
Chromsome [4]: (830.133333333)2.81628580194, -27.9175757996, 130781.687658, 17.2304046844, 1400.88075272, 
<------------ GEN 9--------------->
Chromsome [0]: (835.533333333)2.81628580194, -88.6065496962, 170580.833014, 2.34082521561, 2603.17863114, 
Chromsome [1]: (829.333333333)2.81628580194, -88.6065496962, -168455.246095, 11.5862360227, 1035.49400382, 
Chromsome [2]: (827.466666667)2.81628580194, 89.0411146668, 18055.4838908, 28.7650586599, 2008.39801394, 
Chromsome [3]: (821.5)3.8107059411, -85.6837628868, 102738.411797, 23.1963499812, 1073.44435661, 
Chromsome [4]: (819.966666667)2.81628580194, -27.9175757996, 130781.687658, 28.5376342444, 1400.88075272, 
<------------ GEN 10--------------->
Chromsome [0]: (867.833333333)2.81628580194, -88.6065496962, 94171.9033491, 11.5862360227, 1035.49400382, 
Chromsome [1]: (867.833333333)2.81628580194, -88.6065496962, 168455.246095, 11.5862360227, 1037.62963906, 
Chromsome [2]: (867.833333333)2.81628580194, -88.6065496962, 90062.4978639, 13.647886031, 2603.17863114, 
Chromsome [3]: (867.833333333)2.81628580194, -88.6065496962, 170580.833014, 2.34082521561, 2603.17863114, 
Chromsome [4]: (864.1)3.8107059411, -85.6837628868, 102738.411797, 23.1963499812, 510.552936881, 
<------------ GEN 11--------------->
Chromsome [0]: (846.433333333)-58.2920423473, -21.0627238689, 130781.687658, 26.8276041184, 1037.62963906, 
Chromsome [1]: (840.033333333)2.81628580194, -88.6065496962, 90062.4978639, 6.10631016029, 1387.01828341, 
Chromsome [2]: (840.033333333)2.81628580194, -88.6065496962, 170580.833014, 28.5376342444, 1400.88075272, 
Chromsome [3]: (840.033333333)2.81628580194, -88.6065496962, 168455.246095, 20.7124876532, 1073.44435661, 
Chromsome [4]: (840.033333333)2.81628580194, -88.6065496962, 94171.9033491, 11.5862360227, 1035.49400382, 
<------------ GEN 12--------------->
Chromsome [0]: (843.9)-33.4117748349, -26.277841134, 83239.2494444, 2.87456947067, 1035.49400382, 
Chromsome [1]: (843.9)-58.2920423473, -21.0627238689, 130781.687658, 26.8276041184, 1037.62963906, 
Chromsome [2]: (830.933333333)2.81628580194, -88.6065496962, 90062.4978639, 5.42967832751, 1035.49400382, 
Chromsome [3]: (830.4)0.68992351932, 82.9322160393, 115388.125091, 28.5376342444, 1400.88075272, 
Chromsome [4]: (814.7)2.81628580194, -5.92398265475, 94613.7266909, 5.0688504338, 2228.48595155, 
<------------ GEN 13--------------->
Chromsome [0]: (858.6)2.81628580194, 44.9055803291, 3519.01780936, 10.0028699086, 2371.59780109, 
Chromsome [1]: (858.133333333)-34.0583151191, -88.6065496962, 168455.246095, 20.7124876532, 755.289795728, 
Chromsome [2]: (858.133333333)-33.4117748349, -26.277841134, 83239.2494444, 2.87456947067, 1035.49400382, 
Chromsome [3]: (855.2)0.68992351932, 50.1927102021, 115388.125091, 28.5376342444, 1400.88075272, 
Chromsome [4]: (855.2)0.68992351932, -66.439453994, 115388.125091, 28.5376342444, 1400.88075272, 
<------------ GEN 14--------------->
Chromsome [0]: (836.4)2.81628580194, 44.9055803291, 3519.01780936, 10.0028699086, 2196.86543205, 
Chromsome [1]: (836.4)2.81628580194, 44.9055803291, 3519.01780936, 10.0028699086, 2371.59780109, 
Chromsome [2]: (826.2)2.81628580194, -1.97219432538, 3519.01780936, 28.0686355352, 2640.83350083, 
Chromsome [3]: (826.2)0.68992351932, 50.1927102021, 115388.125091, 9.20501368509, 2868.95921539, 
Chromsome [4]: (826.2)0.68992351932, -66.439453994, 115388.125091, 5.0688504338, 1000.82506705, 
<------------ GEN 15--------------->
Chromsome [0]: (856.5)2.81628580194, 44.9055803291, 3519.01780936, 10.0028699086, 2371.59780109, 
Chromsome [1]: (856.5)2.81628580194, 44.9055803291, 3519.01780936, 10.0028699086, 2196.86543205, 
Chromsome [2]: (853.166666667)2.81628580194, 44.9055803291, -20562.4547591, 5.0688504338, 1000.82506705, 
Chromsome [3]: (853.133333333)0.68992351932, 6.19996285903, 130781.687658, 10.6101490174, 2603.17863114, 
Chromsome [4]: (852.766666667)2.81628580194, -72.4578866327, 90062.4978639, 29.1234007735, 1035.49400382, 
<------------ GEN 16--------------->
Chromsome [0]: (841.0)2.81628580194, 44.9055803291, 3519.01780936, 10.0028699086, 2371.59780109, 
Chromsome [1]: (834.666666667)2.81628580194, -200.778225318, 279630.879712, 0.421090699935, 1276.52915054, 
Chromsome [2]: (834.333333333)2.81628580194, 44.9055803291, -149228.258207, 10.0028699086, 2196.86543205, 
Chromsome [3]: (833.533333333)2.81628580194, -72.4578866327, 95124.3259272, 29.1234007735, 1035.49400382, 
Chromsome [4]: (833.533333333)2.81628580194, -85.6837628868, 20562.4547591, 5.0688504338, 1000.82506705, 
<------------ GEN 17--------------->
Chromsome [0]: (838.433333333)2.81628580194, 44.9055803291, 3519.01780936, 10.0028699086, 2371.59780109, 
Chromsome [1]: (838.2)2.81628580194, -88.6065496962, 94613.7266909, 6.10631016029, 2401.56552452, 
Chromsome [2]: (835.1)2.81628580194, 327.647770129, -73669.5067148, 0.421090699935, 2649.47450864, 
Chromsome [3]: (835.033333333)0.693707179615, 53.871586457, 80369.1202878, 0.421090699935, 2371.59780109, 
Chromsome [4]: (834.7)2.81628580194, -9.00504746905, 45513.0707952, 15.1102917231, 1183.91213153, 
<------------ GEN 18--------------->
Chromsome [0]: (819.366666667)2.81628580194, -88.6065496962, 106.927380384, 22.2179888867, 1035.49400382, 
Chromsome [1]: (819.133333333)2.81628580194, 44.9055803291, 3519.01780936, 10.0028699086, 488.447344313, 
Chromsome [2]: (819.133333333)2.81628580194, 44.9055803291, 3519.01780936, 10.0028699086, 2371.59780109, 
Chromsome [3]: (815.933333333)2.81628580194, -9.00504746905, 45513.0707952, 18.8279092723, 2868.95921539, 
Chromsome [4]: (815.866666667)2.81628580194, -9.93071364747, 155235.92426, 17.0660306809, 2355.23441892, 
<------------ GEN 19--------------->
Chromsome [0]: (795.466666667)2.81628580194, -88.6065496962, 106.927380384, 22.2179888867, 1127.72150302, 
Chromsome [1]: (795.466666667)2.81628580194, 44.9055803291, 767.843129541, 12.5674968632, 1105.42846284, 
Chromsome [2]: (795.466666667)2.81628580194, -88.6065496962, 106.927380384, 22.2179888867, 1035.49400382, 
Chromsome [3]: (784.366666667)2.81628580194, -9.00504746905, 119846.902459, 2.93856479244, 1000.82506705, 
Chromsome [4]: (784.3)2.81628580194, -9.93071364747, 80369.1202878, 0.421090699935, 626.356809346, 
<------------ GEN 20--------------->
Chromsome [0]: (789.833333333)2.81628580194, 21.9004092081, 106.927380384, 26.4094440579, 894.150210588, 
Chromsome [1]: (789.833333333)2.81628580194, -43.221682621, 106.927380384, 22.2179888867, 1127.72150302, 
Chromsome [2]: (789.833333333)2.81628580194, 44.9055803291, 767.843129541, 12.5674968632, 1105.42846284, 
Chromsome [3]: (789.833333333)2.81628580194, -88.6065496962, 106.927380384, 22.2179888867, 1127.72150302, 
Chromsome [4]: (786.666666667)2.81628580194, -9.93071364747, 80369.1202878, 0.421090699935, 2649.47450864, 
<------------ GEN 21--------------->
Chromsome [0]: (794.5)2.81628580194, 21.9004092081, 12737.0195127, 6.73901618984, 866.435355435, 
Chromsome [1]: (792.466666667)2.81628580194, -88.6065496962, 106.927380384, 7.92325047049, 1127.72150302, 
Chromsome [2]: (792.466666667)2.81628580194, 21.9004092081, 106.927380384, 26.4094440579, 894.150210588, 
Chromsome [3]: (792.266666667)2.81628580194, -50.0993490214, 3519.01780936, 10.0028699086, 2693.01602171, 
Chromsome [4]: (790.766666667)0.321915563956, -88.6065496962, -39852.95531, 2.93856479244, 757.106960519, 
<------------ GEN 22--------------->
Chromsome [0]: (798.166666667)2.81628580194, 44.9055803291, 7433.80852225, -5.48510161968, 605.063268035, 
Chromsome [1]: (775.9)2.81628580194, 21.9004092081, 12737.0195127, 6.73901618984, 866.435355435, 
Chromsome [2]: (774.333333333)2.81628580194, -88.6065496962, 3519.01780936, 10.0028699086, 2693.01602171, 
Chromsome [3]: (774.333333333)2.81628580194, -50.0993490214, 106.927380384, 7.92325047049, 1127.72150302, 
Chromsome [4]: (764.1)2.81628580194, 8.91118812945, 176778.371464, 23.1253462888, 1618.88333575, 
<------------ GEN 23--------------->
Chromsome [0]: (813.833333333)2.81628580194, 44.9055803291, 7433.80852225, -5.48510161968, 605.063268035, 
Chromsome [1]: (805.5)2.81628580194, 21.9004092081, 12737.0195127, 6.73901618984, 1982.14417643, 
Chromsome [2]: (805.133333333)0.321915563956, 4.5628816309, 39852.95531, 2.93856479244, 1598.70805539, 
Chromsome [3]: (805.1)0.321915563956, -9.93071364747, 162600.069334, 7.45454896257, 2186.84843749, 
Chromsome [4]: (799.633333333)2.81628580194, -93.8665079719, 106.927380384, 7.92325047049, 1127.72150302, 
<------------ GEN 24--------------->
Chromsome [0]: (838.666666667)-60.6845344171, 11.079429711, 106.927380384, 20.6757122659, 1127.72150302, 
Chromsome [1]: (822.866666667)2.81628580194, 44.9055803291, 7433.80852225, -5.48510161968, 605.063268035, 
Chromsome [2]: (799.0)0.487779955576, -86.1334920281, 106.927380384, 7.92325047049, 1127.72150302, 
Chromsome [3]: (797.866666667)2.81628580194, 96.3575529186, 7433.80852225, 5.48510161968, 605.063268035, 
Chromsome [4]: (797.866666667)2.81628580194, 54.3973052629, 3255.26033307, 22.2247130891, 934.625363342, 
<------------ GEN 25--------------->
Chromsome [0]: (839.866666667)-47.3642417333, -28.3094501899, -105981.562821, 10.3535646736, 866.435355435, 
Chromsome [1]: (839.866666667)-60.6845344171, 11.079429711, 106.927380384, 20.6757122659, 1127.72150302, 
Chromsome [2]: (818.433333333)2.81628580194, 8.91118812945, 5943.32853344, 9.91968652113, 870.274219902, 
Chromsome [3]: (817.3)0.487779955576, 11.079429711, 106.927380384, 21.3015860996, 4404.52497157, 
Chromsome [4]: (812.7)2.81628580194, -168.376875288, 7433.80852225, 6.74625913696, 632.358426246, 
<------------ GEN 26--------------->
Chromsome [0]: (831.433333333)-5.46429446143, -13.954911459, 147894.036467, 5.64510522368, 1105.42846284, 
Chromsome [1]: (831.433333333)-47.3642417333, -28.3094501899, -105981.562821, 10.3535646736, 866.435355435, 
Chromsome [2]: (806.0)0.487779955576, 11.079429711, 106.927380384, 12.1877882259, 510.085171001, 
Chromsome [3]: (802.566666667)2.81628580194, -11.6231247119, 7433.80852225, 24.4724847478, 632.358426246, 
Chromsome [4]: (800.166666667)2.81628580194, 59.6780476322, -28159.9560042, 24.2036227875, 570.571903167, 
<------------ GEN 27--------------->
Chromsome [0]: (858.766666667)-5.46429446143, -13.954911459, 147894.036467, 5.64510522368, 1105.42846284, 
Chromsome [1]: (842.766666667)0.487779955576, 11.079429711, 106.927380384, 12.1877882259, 866.435355435, 
Chromsome [2]: (836.833333333)2.81628580194, 8.91118812945, -22096.6628513, 23.1253462888, 2693.01602171, 
Chromsome [3]: (835.4)0.164551277379, 59.0317988049, 153054.150938, 27.7966825112, 632.358426246, 
Chromsome [4]: (833.0)2.81628580194, -0.234912824887, 153054.150938, 19.7376316151, 1364.302812, 
<------------ GEN 28--------------->
Chromsome [0]: (838.6)-5.46429446143, -13.954911459, 147894.036467, 5.64510522368, 1105.42846284, 
Chromsome [1]: (815.8)0.487779955576, 11.079429711, 79267.9508377, 24.2717850226, 605.063268035, 
Chromsome [2]: (812.3)0.164551277379, 44.9055803291, 175418.302109, 2.93856479244, 1715.28544516, 
Chromsome [3]: (812.066666667)0.164551277379, 59.0317988049, 153054.150938, 27.7966825112, 1502.67324727, 
Chromsome [4]: (799.833333333)2.81628580194, 44.9055803291, -188846.743221, 2.93856479244, 1715.28544516, 
<------------ GEN 29--------------->
Chromsome [0]: (818.866666667)-5.46429446143, -13.954911459, 147894.036467, 5.64510522368, 1105.42846284, 
Chromsome [1]: (788.433333333)0.487779955576, 11.079429711, 79267.9508377, 24.2717850226, 5100.49667739, 
Chromsome [2]: (785.633333333)0.164551277379, 59.0317988049, 74138.3017369, 10.0028699086, 2693.01602171, 
Chromsome [3]: (784.7)0.164551277379, -277.387926055, 175418.302109, 2.93856479244, 1715.28544516, 
Chromsome [4]: (771.1)2.81628580194, -0.234912824887, 153054.150938, 21.5979555735, 570.571903167, 
<------------ GEN 30--------------->
Chromsome [0]: (837.366666667)-5.46429446143, -13.954911459, 147894.036467, 5.64510522368, 1105.42846284, 
Chromsome [1]: (820.9)0.487779955576, -66.8007671008, 3522.4267234, 2.93856479244, 1644.61812529, 
Chromsome [2]: (813.1)2.81628580194, -137.135159543, 16911.6653293, 38.1567190427, 1105.42846284, 
Chromsome [3]: (810.666666667)0.487779955576, 77.7923546152, 79267.9508377, 18.5299048312, 1243.25728287, 
Chromsome [4]: (793.433333333)2.81628580194, 20.3054330153, 176778.371464, 5.48510161968, 2391.92014845, 
<------------ GEN 31--------------->
Chromsome [0]: (883.633333333)-5.46429446143, -13.954911459, 147894.036467, 5.64510522368, 1105.42846284, 
Chromsome [1]: (880.766666667)0.487779955576, 82.4607653575, 106.927380384, 12.1877882259, 2833.21159002, 
Chromsome [2]: (880.733333333)0.487779955576, 33.3270354283, 11869.4251964, 23.1253462888, 1516.53548404, 
Chromsome [3]: (872.8)2.81628580194, -33.6396883864, 3522.4267234, 2.93856479244, 1644.61812529, 
Chromsome [4]: (872.2)2.81628580194, -11.290148341, 103720.763282, 17.5110344418, 1161.16197854, 
<------------ GEN 32--------------->
Chromsome [0]: (868.766666667)-5.46429446143, -13.954911459, 147894.036467, 5.64510522368, 1105.42846284, 
Chromsome [1]: (863.033333333)0.487779955576, 82.4607653575, 106.927380384, 2.93856479244, 1644.61812529, 
Chromsome [2]: (862.966666667)0.487779955576, 33.3270354283, 11869.4251964, 23.1253462888, 2391.92014845, 
Chromsome [3]: (862.166666667)2.81628580194, -19.3186725974, 103720.763282, 17.5110344418, 610.82871053, 
Chromsome [4]: (862.166666667)2.81628580194, -11.290148341, 147894.036467, 23.1253462888, 1516.53548404, 
<------------ GEN 33--------------->
Chromsome [0]: (851.466666667)-5.46429446143, -13.954911459, 147894.036467, 5.64510522368, 1105.42846284, 
Chromsome [1]: (842.866666667)2.81628580194, -33.6396883864, -6107.33662635, 12.1877882259, 2087.9565244, 
Chromsome [2]: (842.766666667)0.487779955576, 33.3270354283, 72278.4489171, 23.1253462888, 2391.92014845, 
Chromsome [3]: (841.566666667)2.81628580194, -312.882697222, 117340.765599, 24.4309593827, 1418.46315346, 
Chromsome [4]: (841.566666667)2.81628580194, 34.2278575703, 19500.767272, 7.74118518883, 1105.42846284, 
<------------ GEN 34--------------->
Chromsome [0]: (864.766666667)-5.46429446143, -13.954911459, 147894.036467, 5.64510522368, 1105.42846284, 
Chromsome [1]: (858.266666667)2.81628580194, -36.8396886337, 553.707646147, 8.04535625334, 1061.43954057, 
Chromsome [2]: (854.666666667)2.81628580194, 13.9395548516, 19500.767272, 7.74118518883, 1105.42846284, 
Chromsome [3]: (852.066666667)0.487779955576, 38.446049822, 90382.1272044, 5.52165018941, 979.556765476, 
Chromsome [4]: (828.133333333)3.61284789129, -76.6799179958, 6131.36265295, 27.7966825112, 1516.53548404, 
<------------ GEN 35--------------->
Chromsome [0]: (834.833333333)-5.46429446143, -13.954911459, 147894.036467, 5.64510522368, 1105.42846284, 
Chromsome [1]: (814.966666667)0.234986301096, -31.2332492615, 103720.763282, 34.2042622308, 2328.55319871, 
Chromsome [2]: (814.933333333)2.81628580194, -36.8396886337, 553.707646147, 8.04535625334, 1061.43954057, 
Chromsome [3]: (811.033333333)0.487779955576, -81.464056106, 77709.9326168, 27.7966825112, 632.358426246, 
Chromsome [4]: (807.433333333)2.81628580194, 13.9395548516, 19500.767272, 7.74118518883, 1516.53548404, 
<------------ GEN 36--------------->
Chromsome [0]: (839.066666667)-5.46429446143, -13.954911459, 147894.036467, 5.64510522368, 1105.42846284, 
Chromsome [1]: (836.166666667)0.487779955576, -81.464056106, 77709.9326168, 27.7966825112, 632.358426246, 
Chromsome [2]: (836.166666667)0.487779955576, -81.464056106, 77709.9326168, 27.7966825112, 632.358426246, 
Chromsome [3]: (836.166666667)0.234986301096, -31.2332492615, 147894.036467, 4.5487058693, 570.571903167, 
Chromsome [4]: (806.7)5.64754184632, 37.053637342, 22264.3992873, 9.95629272771, 2682.17952013, 
<------------ GEN 37--------------->
Chromsome [0]: (815.5)-5.46429446143, -13.954911459, 147894.036467, 5.64510522368, 1105.42846284, 
Chromsome [1]: (812.6)0.487779955576, -81.464056106, 77709.9326168, 27.7966825112, 632.358426246, 
Chromsome [2]: (812.6)0.487779955576, -81.464056106, 91435.7088782, 26.9825677437, 1502.67324727, 
Chromsome [3]: (812.6)0.234986301096, 26.9885437384, 147894.036467, 24.5406037012, 570.571903167, 
Chromsome [4]: (783.133333333)5.66429446143, 38.446049822, 160474.549366, 27.7966825112, 815.61772191, 
<------------ GEN 38--------------->
Chromsome [0]: (806.133333333)-5.46429446143, -13.954911459, 147894.036467, 5.64510522368, 1105.42846284, 
Chromsome [1]: (792.733333333)0.234986301096, 26.9885437384, 147894.036467, 24.5406037012, 1079.97917816, 
Chromsome [2]: (792.7)0.487779955576, -13.954911459, 159310.614265, 19.7652246567, 711.719452552, 
Chromsome [3]: (792.7)0.487779955576, -81.464056106, 147894.036467, 7.67507336063, 2855.62804916, 
Chromsome [4]: (761.4)5.66429446143, -38.3988914581, 72278.4489171, 16.6167393917, 1502.67324727, 
<------------ GEN 39--------------->
Chromsome [0]: (802.166666667)-5.46429446143, -13.954911459, 147894.036467, 5.64510522368, 1105.42846284, 
Chromsome [1]: (799.266666667)0.487779955576, -13.954911459, 159310.614265, 11.7340703537, 2880.23119435, 
Chromsome [2]: (799.266666667)0.234986301096, 87.0523101952, 147894.036467, 24.5406037012, 2484.28325879, 
Chromsome [3]: (799.266666667)0.487779955576, -13.954911459, 159310.614265, 19.7652246567, 1079.97917816, 
Chromsome [4]: (799.266666667)0.487779955576, -81.464056106, 112312.764561, 0.691589251318, 2337.15813668, 
<------------ GEN 40--------------->
Chromsome [0]: (799.5)-27.1595194209, -80.3874646398, 107102.530497, 11.1565845089, 961.331042654, 
Chromsome [1]: (799.5)-5.46429446143, -13.954911459, 147894.036467, 5.64510522368, 1105.42846284, 
Chromsome [2]: (788.2)0.487779955576, 228.60322029, 134668.565987, 18.2327734555, 1936.29344837, 
Chromsome [3]: (783.2)0.234986301096, -13.954911459, 159310.614265, 19.7652246567, 1079.97917816, 
Chromsome [4]: (783.166666667)0.487779955576, 81.8043064189, 147894.036467, 24.5406037012, 2484.28325879, 
<------------ GEN 41--------------->
Chromsome [0]: (797.4)-147.858140088, -13.954911459, 103490.781337, 11.7340703537, 2880.23119435, 
Chromsome [1]: (797.4)-27.1595194209, -80.3874646398, 107102.530497, 11.1565845089, 961.331042654, 
Chromsome [2]: (791.666666667)0.487779955576, -4.22426144972, 94950.7715992, 0.574393888678, 2619.53099877, 
Chromsome [3]: (791.6)0.487779955576, -63.1240915823, 175993.955763, 18.0891439349, 2694.9530851, 
Chromsome [4]: (791.6)0.234986301096, 38.0651572117, 185336.785584, 19.9437772945, 1473.96270314, 
<------------ GEN 42--------------->
Chromsome [0]: (787.133333333)0.234986301096, 38.0651572117, -3226.20566068, -11.5313417885, 1936.29344837, 
Chromsome [1]: (786.933333333)-1.57786820391, 53.372345856, 147894.036467, 27.732518221, 570.571903167, 
Chromsome [2]: (786.933333333)-147.858140088, -13.954911459, 103490.781337, 11.7340703537, 2880.23119435, 
Chromsome [3]: (781.2)0.487779955576, -4.22426144972, 94950.7715992, 0.574393888678, 2619.53099877, 
Chromsome [4]: (781.133333333)0.234986301096, 38.0651572117, 174663.214416, 19.9437772945, 392.121501187, 
<------------ GEN 43--------------->
Chromsome [0]: (796.3)0.234986301096, 38.0651572117, -3226.20566068, -11.5313417885, 1936.29344837, 
Chromsome [1]: (796.1)-28.3089711683, -13.954911459, 91435.7088782, 26.9825677437, 2880.23119435, 
Chromsome [2]: (796.1)-31.0684286007, -48.6032202903, 134668.565987, 44.2676967257, 1823.04249384, 
Chromsome [3]: (796.1)-90.3346071548, 34.2215554266, 27135.808572, 23.3448368911, 1342.95571392, 
Chromsome [4]: (790.366666667)0.487779955576, -4.22426144972, 30104.5317233, 0.574393888678, 2619.53099877, 
<------------ GEN 44--------------->
Chromsome [0]: (813.8)0.234986301096, 38.0651572117, -3226.20566068, -11.5313417885, 1936.29344837, 
Chromsome [1]: (810.8)0.487779955576, 54.0082107542, 147894.036467, 22.1942527001, 2615.86541845, 
Chromsome [2]: (810.8)0.234986301096, 38.0651572117, 3226.20566068, 11.5313417885, 535.715970559, 
Chromsome [3]: (810.8)0.234986301096, 38.0651572117, 3226.20566068, 11.5313417885, 1936.29344837, 
Chromsome [4]: (810.5)1.77786820391, -80.3874646398, 107102.530497, 9.52341545135, 2663.01781479, 
<------------ GEN 45--------------->
Chromsome [0]: (805.9)-25.2268279901, 6.87494576124, 99870.2900308, 20.000976147, 2051.98310673, 
Chromsome [1]: (805.9)0.234986301096, 38.0651572117, -3226.20566068, -11.5313417885, 1936.29344837, 
Chromsome [2]: (783.466666667)0.234986301096, -261.85097461, 3226.20566068, 19.7652246567, 2775.83141077, 
Chromsome [3]: (780.2)0.234986301096, 38.0651572117, 3226.20566068, 14.2196742457, 1730.78165321, 
Chromsome [4]: (779.066666667)0.487779955576, -48.6032202903, 134668.565987, 14.074325565, 1181.24010754, 
<------------ GEN 46--------------->
Chromsome [0]: (832.133333333)-12.7012921917, -4.22426144972, 30104.5317233, 21.9599840701, 2619.53099877, 
Chromsome [1]: (832.133333333)-19.6125854056, 38.0651572117, 3226.20566068, 11.5313417885, 1936.29344837, 
Chromsome [2]: (832.133333333)-25.2268279901, 6.87494576124, 99870.2900308, 20.000976147, 2051.98310673, 
Chromsome [3]: (822.6)0.234986301096, 38.0651572117, 38634.8782625, 11.5313417885, 535.715970559, 
Chromsome [4]: (822.133333333)0.234986301096, 81.8509746101, 3226.20566068, 19.7652246567, 2775.83141077, 
<------------ GEN 47--------------->
Chromsome [0]: (827.233333333)-12.7012921917, -4.22426144972, 30104.5317233, 21.9599840701, 2619.53099877, 
Chromsome [1]: (801.833333333)0.234986301096, 81.8509746101, 3226.20566068, 19.7652246567, 1775.89475313, 
Chromsome [2]: (799.466666667)0.234986301096, 38.0651572117, 38634.8782625, 21.3375177924, 961.331042654, 
Chromsome [3]: (799.466666667)0.234986301096, 38.0651572117, 38634.8782625, 11.5313417885, 535.715970559, 
Chromsome [4]: (794.633333333)0.487779955576, 81.8043064189, 160038.387806, 11.6223686685, 2880.23119435, 
<------------ GEN 48--------------->
Chromsome [0]: (842.833333333)-12.7012921917, -4.22426144972, 30104.5317233, 21.9599840701, 2619.53099877, 
Chromsome [1]: (839.966666667)0.487779955576, 81.8043064189, -123185.674124, 11.6223686685, 1808.65628282, 
Chromsome [2]: (839.933333333)0.487779955576, -26.5548871093, 47225.050675, 11.6223686685, 2880.23119435, 
Chromsome [3]: (839.933333333)0.234986301096, 81.8509746101, 3226.20566068, 11.6585068748, 1775.89475313, 
Chromsome [4]: (839.933333333)0.487779955576, -48.6032202903, 133942.028183, 3.78229267263, 946.567803443, 
<------------ GEN 49--------------->
Chromsome [0]: (828.633333333)-12.7012921917, -4.22426144972, 30104.5317233, 21.9599840701, 2619.53099877, 
Chromsome [1]: (825.766666667)0.487779955576, -26.5548871093, 2392.29460561, 6.03192511586, 2663.01781479, 
Chromsome [2]: (825.733333333)0.487779955576, -48.6032202903, 133942.028183, 12.1606921992, 2663.01781479, 
Chromsome [3]: (825.733333333)0.234986301096, -19.5468114957, 3226.20566068, 11.6585068748, 1261.72646283, 
Chromsome [4]: (825.733333333)0.487779955576, -48.6032202903, 134668.565987, 27.6850184046, 2075.80899152, 
<------------ GEN 50--------------->
Chromsome [0]: (797.266666667)-12.7012921917, -4.22426144972, 30104.5317233, 21.9599840701, 2619.53099877, 
Chromsome [1]: (774.3)0.234986301096, -19.5468114957, 3226.20566068, 11.6585068748, 2078.40404773, 
Chromsome [2]: (774.2)0.234986301096, 81.8509746101, 3226.20566068, 11.6585068748, 1775.89475313, 
Chromsome [3]: (774.166666667)0.487779955576, -26.5548871093, 2392.29460561, 6.03192511586, 535.715970559, 
Chromsome [4]: (772.966666667)0.487779955576, -48.6032202903, 33603.1614878, -35.3807262054, 2011.83479065, 
<------------ GEN 51--------------->
Chromsome [0]: (821.966666667)-12.7012921917, -4.22426144972, 30104.5317233, 21.9599840701, 2619.53099877, 
Chromsome [1]: (819.1)0.487779955576, -4.22426144972, 30104.5317233, 21.9599840701, 2619.53099877, 
Chromsome [2]: (819.1)0.234986301096, 48.5257833472, -210378.012084, 12.4046326413, 3984.4398469, 
Chromsome [3]: (819.066666667)0.487779955576, -48.6032202903, 33603.1614878, 35.3807262054, 2011.83479065, 
Chromsome [4]: (819.066666667)0.487779955576, 83.5976186223, 134668.565987, 27.6850184046, 1181.24010754, 
<------------ GEN 52--------------->
Chromsome [0]: (833.2)-12.7012921917, -4.22426144972, 30104.5317233, 21.9599840701, 2619.53099877, 
Chromsome [1]: (830.3)0.234986301096, 48.5257833472, 210378.012084, 12.4046326413, 2015.5601531, 
Chromsome [2]: (830.3)0.487779955576, -48.6032202903, 133942.028183, -4.47154510847, 1001.82123278, 
Chromsome [3]: (830.3)0.487779955576, 83.5976186223, 134668.565987, 26.1114506128, 1817.40705353, 
Chromsome [4]: (830.3)0.487779955576, -48.6032202903, 134668.565987, 6.64544622336, 2945.98275416, 
<------------ GEN 53--------------->
Chromsome [0]: (800.766666667)-12.7012921917, -4.22426144972, 30104.5317233, 21.9599840701, 2619.53099877, 
Chromsome [1]: (785.533333333)0.487779955576, 107.627559216, 106769.845429, 8.41056007948, 1528.78216762, 
Chromsome [2]: (781.7)0.234986301096, 1.31328051857, 136318.7944, 11.6585068748, 2078.40404773, 
Chromsome [3]: (781.566666667)0.234986301096, 48.5257833472, 149621.987916, 12.4046326413, 2015.5601531, 
Chromsome [4]: (781.566666667)0.234986301096, 16.9059892904, 43802.2587534, 23.4183756055, 535.715970559, 
<------------ GEN 54--------------->
Chromsome [0]: (824.466666667)-12.7012921917, -4.22426144972, 30104.5317233, 21.9599840701, 2619.53099877, 
Chromsome [1]: (812.166666667)0.234986301096, 1.31328051857, 136318.7944, 2.28022280326, 1413.97116823, 
Chromsome [2]: (812.1)0.234986301096, 48.5257833472, 149621.987916, 12.4046326413, 2015.5601531, 
Chromsome [3]: (812.1)0.487779955576, -48.6032202903, 134668.565987, 6.64544622336, 2945.98275416, 
Chromsome [4]: (812.1)0.487779955576, 5.80932547503, 134668.565987, 26.1114506128, 1817.40705353, 
<------------ GEN 55--------------->
Chromsome [0]: (801.466666667)-55.4527693701, 86.5945025505, 149621.987916, 3.46217514434, 582.134264805, 
Chromsome [1]: (801.466666667)-148.470441061, -48.6032202903, 73500.9632803, 24.6192737946, 2011.83479065, 
Chromsome [2]: (801.466666667)-12.7012921917, -4.22426144972, 30104.5317233, 21.9599840701, 2619.53099877, 
Chromsome [3]: (786.533333333)0.487779955576, 36.9396672082, -29035.6804685, 23.4183756055, 1775.89475313, 
Chromsome [4]: (778.433333333)0.234986301096, 48.5257833472, 133942.028183, 4.47154510847, 897.25572172, 
<------------ GEN 56--------------->
Chromsome [0]: (787.133333333)-55.4527693701, 86.5945025505, 149621.987916, 3.46217514434, 582.134264805, 
Chromsome [1]: (742.1)0.487779955576, -96.4037137337, 56208.6443659, 15.9549250163, 535.715970559, 
Chromsome [2]: (734.233333333)0.234986301096, 48.5257833472, 29035.6804685, 23.4183756055, 1988.40969777, 
Chromsome [3]: (734.233333333)0.234986301096, 63.7042299501, 30104.5317233, 19.3301226164, 2619.53099877, 
Chromsome [4]: (734.166666667)0.487779955576, 48.8522891752, 133942.028183, 4.47154510847, 897.25572172, 
<------------ GEN 57--------------->
Chromsome [0]: (766.533333333)-7.84394779273, 53.8317723234, 69667.7810877, 2.89102850279, 1817.40705353, 
Chromsome [1]: (766.533333333)-55.4527693701, 86.5945025505, 149621.987916, 3.46217514434, 582.134264805, 
Chromsome [2]: (732.633333333)0.487779955576, 151.175896056, 167202.909435, 19.3301226164, 2619.53099877, 
Chromsome [3]: (719.533333333)0.234986301096, 63.7042299501, 32606.1685112, 2.30762657548, 2015.5601531, 
Chromsome [4]: (719.533333333)0.234986301096, 62.4063080742, 73500.9632803, 24.6192737946, 2834.97549232, 
<------------ GEN 58--------------->
Chromsome [0]: (770.5)-7.84394779273, 53.8317723234, 69667.7810877, 2.89102850279, 1817.40705353, 
Chromsome [1]: (727.7)0.487779955576, 125.859310004, 103490.781337, 11.5313417885, 801.261346106, 
Chromsome [2]: (724.5)0.234986301096, 63.7042299501, 65145.2971602, 2.30762657548, 2015.5601531, 
Chromsome [3]: (724.5)0.234986301096, 62.4063080742, 111597.584399, 24.6192737946, 2834.97549232, 
Chromsome [4]: (724.5)0.487779955576, 48.8522891752, 86423.6614028, 19.3301226164, 2619.53099877, 
<------------ GEN 59--------------->
Chromsome [0]: (798.266666667)-7.84394779273, 53.8317723234, 69667.7810877, 2.89102850279, 1817.40705353, 
Chromsome [1]: (755.166666667)0.234986301096, 62.4063080742, 144970.410947, 4.53475650983, 582.134264805, 
Chromsome [2]: (755.166666667)0.487779955576, -80.6043931971, 29110.5586487, 3.46217514434, 1536.47988414, 
Chromsome [3]: (755.166666667)0.234986301096, 63.7042299501, 65145.2971602, 2.30762657548, 1817.40705353, 
Chromsome [4]: (755.166666667)0.487779955576, 82.1728248957, 149621.987916, 12.4046326413, 470.495046506, 
<------------ GEN 60--------------->
Chromsome [0]: (792.966666667)-7.84394779273, 53.8317723234, 69667.7810877, 2.89102850279, 1817.40705353, 
Chromsome [1]: (774.133333333)0.487779955576, -79.9919470545, 19475.7858531, 0.346981656534, 530.713861382, 
Chromsome [2]: (757.4)0.487779955576, -80.6043931971, 87080.3160882, 2.93324306239, 769.418053082, 
Chromsome [3]: (757.4)0.234986301096, 62.4063080742, 81248.0961469, 0.710282258916, 1916.41036043, 
Chromsome [4]: (757.4)0.234986301096, -20.5175922244, 29081.0268472, 0.346981656534, 1817.40705353, 
<------------ GEN 61--------------->
Chromsome [0]: (768.666666667)-7.84394779273, 53.8317723234, 69667.7810877, 2.89102850279, 1817.40705353, 
Chromsome [1]: (733.266666667)0.234986301096, -9.63481853014, 8285.49869423, 9.13019860114, 1817.40705353, 
Chromsome [2]: (733.1)0.234986301096, 62.4063080742, 30759.3723309, 0.710282258916, 1862.41818779, 
Chromsome [3]: (733.1)0.487779955576, 50.7942985202, 101305.921307, 0.346981656534, 1874.91696319, 
Chromsome [4]: (733.1)0.487779955576, 15.6808530266, 194174.012137, 10.5140748204, 2979.19008375, 
<------------ GEN 62--------------->
Chromsome [0]: (771.466666667)-7.84394779273, 53.8317723234, 69667.7810877, 2.89102850279, 1817.40705353, 
Chromsome [1]: (757.633333333)0.234986301096, 62.4063080742, 21906.0009063, 2.30762657548, 2994.59538039, 
Chromsome [2]: (738.933333333)0.234986301096, -9.63481853014, 8285.49869423, 9.13019860114, 1817.40705353, 
Chromsome [3]: (738.833333333)0.234986301096, 62.4063080742, 80680.4984199, 0.710282258916, 587.260193651, 
Chromsome [4]: (738.8)0.487779955576, -34.6787248162, 87080.3160882, 6.03192511586, 2785.95922744, 
<------------ GEN 63--------------->
Chromsome [0]: (785.7)-15.5404844336, -9.63481853014, 8285.49869423, 9.13019860114, 2963.53371722, 
Chromsome [1]: (785.7)-7.84394779273, 53.8317723234, 69667.7810877, 2.89102850279, 1817.40705353, 
Chromsome [2]: (752.066666667)0.234986301096, 62.4063080742, 21906.0009063, 12.3940752289, 2994.59538039, 
Chromsome [3]: (752.066666667)0.234986301096, 62.4063080742, 80680.4984199, 0.710282258916, 587.260193651, 
Chromsome [4]: (752.033333333)0.487779955576, -34.6787248162, 87080.3160882, 13.254173047, 2331.75073092, 
<------------ GEN 64--------------->
Chromsome [0]: (790.566666667)-15.5404844336, -9.63481853014, 8285.49869423, 9.13019860114, 2963.53371722, 
Chromsome [1]: (746.366666667)0.234986301096, 62.4063080742, 21906.0009063, 6.45119951204, 1695.07397954, 
Chromsome [2]: (746.366666667)0.234986301096, 62.4063080742, 124110.005405, 0.346981656534, 2011.83479065, 
Chromsome [3]: (746.333333333)0.487779955576, -34.6787248162, 99077.3027645, 13.254173047, 1817.40705353, 
Chromsome [4]: (746.333333333)0.487779955576, -48.6032202903, 139619.728105, 25.7795339197, 530.713861382, 
<------------ GEN 65--------------->
Chromsome [0]: (792.966666667)-15.5404844336, -9.63481853014, 8285.49869423, 9.13019860114, 2963.53371722, 
Chromsome [1]: (756.533333333)0.234986301096, 9.77633149202, 89387.1752585, 2.89102850279, 512.671463616, 
Chromsome [2]: (756.366666667)0.487779955576, -48.6032202903, 139619.728105, 25.7795339197, 1817.40705353, 
Chromsome [3]: (756.366666667)0.234986301096, 62.4063080742, 21906.0009063, 11.948838588, 2875.9617526, 
Chromsome [4]: (719.4)8.04394779273, -31.7340591545, 5128.93946996, 2.89102850279, 2667.35053172, 
<------------ GEN 66--------------->
Chromsome [0]: (798.6)-15.5404844336, -9.63481853014, 8285.49869423, 9.13019860114, 2963.53371722, 
Chromsome [1]: (759.2)0.234986301096, 116.0465206, 89387.1752585, 14.3675150738, 897.25572172, 
Chromsome [2]: (757.2)0.234986301096, 62.4063080742, 21906.0009063, 11.948838588, 2875.9617526, 
Chromsome [3]: (757.2)0.487779955576, 54.504375062, 139619.728105, 23.5676542394, -268.65894566, 
Chromsome [4]: (734.333333333)8.04394779273, -31.7340591545, 5128.93946996, 2.89102850279, 2667.35053172, 
<------------ GEN 67--------------->
Chromsome [0]: (787.8)-4.75436678501, -43.775559711, 9772.73775635, 20.0297388718, 1974.91261722, 
Chromsome [1]: (787.8)-19.3048327789, 41.0737813078, 108079.231874, 16.1986701293, 684.312350118, 
Chromsome [2]: (787.8)-2.1532307494, 63.9534793996, 26206.4828959, 14.3675150738, 897.25572172, 
Chromsome [3]: (787.8)-15.5404844336, -9.63481853014, 8285.49869423, 9.13019860114, 2963.53371722, 
Chromsome [4]: (727.833333333)0.234986301096, 62.4063080742, 21906.0009063, 12.7258395391, 2875.9617526, 
<------------ GEN 68--------------->
Chromsome [0]: (785.566666667)-4.75436678501, -43.775559711, 9772.73775635, 20.0297388718, 1974.91261722, 
Chromsome [1]: (762.133333333)0.234986301096, -150.472797783, 13538.969632, 0.710282258916, 1496.63458452, 
Chromsome [2]: (733.133333333)0.487779955576, -87.638319401, 54239.7231521, 18.5661738043, 745.67006833, 
Chromsome [3]: (733.133333333)0.234986301096, -30.6393586294, 4122.61794647, 2.89102850279, 2667.35053172, 
Chromsome [4]: (733.133333333)0.234986301096, 62.4063080742, 21906.0009063, 12.7258395391, 1503.23880982, 
<------------ GEN 69--------------->
Chromsome [0]: (762.9)-75.2460639451, -9.63481853014, 8285.49869423, 24.6060282744, 2963.53371722, 
Chromsome [1]: (762.9)-4.75436678501, -43.775559711, 9772.73775635, 20.0297388718, 1974.91261722, 
Chromsome [2]: (730.2)0.234986301096, -29.5272022166, 13538.969632, 0.710282258916, 2210.96123945, 
Chromsome [3]: (730.2)0.234986301096, -29.5272022166, 13538.969632, 0.710282258916, 2963.53371722, 
Chromsome [4]: (701.9)0.234986301096, -71.6349829835, 112056.669971, -38.2118054438, 2336.39111018, 
<------------ GEN 70--------------->
Chromsome [0]: (769.9)-75.2460639451, -9.63481853014, 8285.49869423, 24.6060282744, 2963.53371722, 
Chromsome [1]: (741.933333333)0.234986301096, -29.5272022166, 13538.969632, 0.710282258916, 1957.28413219, 
Chromsome [2]: (718.233333333)0.234986301096, -9.63481853014, 8285.49869423, 9.13019860114, 3749.29263008, 
Chromsome [3]: (718.033333333)0.234986301096, -71.6349829835, 112056.669971, 38.2118054438, 345.531572479, 
Chromsome [4]: (718.033333333)0.234986301096, 28.6318236623, 4122.61794647, 23.5676542394, 1268.65894566, 
<------------ GEN 71--------------->
Chromsome [0]: (773.0)-72.3173504386, -45.1162006309, 25098.6195639, 11.5203799014, 1313.74960947, 
Chromsome [1]: (773.0)-75.2460639451, -9.63481853014, 8285.49869423, 24.6060282744, 2963.53371722, 
Chromsome [2]: (700.533333333)0.234986301096, -22.6170966654, 97632.3339003, 5.66826976907, 588.428194665, 
Chromsome [3]: (700.533333333)0.234986301096, 28.6318236623, 161557.208913, 23.5676542394, 1925.94226189, 
Chromsome [4]: (700.533333333)0.234986301096, -71.6349829835, 112056.669971, 21.7881945562, 654.468427521, 
<------------ GEN 72--------------->
Chromsome [0]: (782.0)-14.6418750041, 15.5955321676, 4122.61794647, 5.29025669025, 815.940601168, 
Chromsome [1]: (782.0)-72.3173504386, -45.1162006309, 25098.6195639, 11.5203799014, 1313.74960947, 
Chromsome [2]: (725.633333333)0.234986301096, -22.6170966654, 166086.107409, 5.66826976907, 2283.74300372, 
Chromsome [3]: (725.633333333)0.487779955576, -8.29229598686, 24523.7209945, 12.047489326, 1496.63458452, 
Chromsome [4]: (711.433333333)1.25896780817, 48.3398786324, 16668.0355213, 21.7881945562, 1934.78311411, 
<------------ GEN 73--------------->
Chromsome [0]: (788.466666667)-14.6418750041, 15.5955321676, 4122.61794647, 5.29025669025, 815.940601168, 
Chromsome [1]: (727.333333333)0.234986301096, 103.017095326, 166086.107409, 8.81857724186, 1172.62782212, 
Chromsome [2]: (723.466666667)0.487779955576, -8.29229598686, 34925.3651216, 7.89863031972, 1663.09504972, 
Chromsome [3]: (702.633333333)1.25896780817, 48.3398786324, 16668.0355213, 21.7881945562, 1934.78311411, 
Chromsome [4]: (697.233333333)4.80591911508, 75.6087407004, 9772.73775635, 19.7487208016, 538.449786314, 
<------------ GEN 74--------------->
Chromsome [0]: (796.366666667)-14.6418750041, 15.5955321676, 4122.61794647, 5.29025669025, 815.940601168, 
Chromsome [1]: (735.3)0.487779955576, -8.29229598686, 132087.061047, 7.89863031972, 1663.09504972, 
Chromsome [2]: (702.166666667)4.80591911508, 75.6087407004, 9772.73775635, 19.7487208016, 2963.53371722, 
Chromsome [3]: (702.166666667)4.80591911508, -59.5446688478, 41078.1226484, 2.2965038235, 2792.79816202, 
Chromsome [4]: (702.166666667)4.80591911508, -59.5446688478, 35369.8366709, 5.66826976907, 2283.74300372, 
<------------ GEN 75--------------->
Chromsome [0]: (797.433333333)-14.6418750041, 15.5955321676, 4122.61794647, 5.29025669025, 815.940601168, 
Chromsome [1]: (746.833333333)0.487779955576, 44.6481719978, 132087.061047, 2.89102850279, 2646.34824561, 
Chromsome [2]: (716.6)4.80591911508, 75.6087407004, 9772.73775635, 26.069729626, 2182.29658927, 
Chromsome [3]: (716.6)4.80591911508, -59.5446688478, 35369.8366709, 15.5426733119, 2283.74300372, 
Chromsome [4]: (716.166666667)4.95436678501, 54.9817244044, 132222.604216, 27.022006432, 1320.94124325, 
<------------ GEN 76--------------->
Chromsome [0]: (815.466666667)-14.6418750041, 15.5955321676, 4122.61794647, 5.29025669025, 815.940601168, 
Chromsome [1]: (795.1)0.117351871735, 15.5955321676, 4122.61794647, 5.29025669025, 1353.1686742, 
Chromsome [2]: (746.1)4.80591911508, 75.6087407004, 9772.73775635, 26.069729626, 2182.29658927, 
Chromsome [3]: (746.1)4.80591911508, -59.5446688478, 35369.8366709, 15.5426733119, 2434.10828836, 
Chromsome [4]: (745.733333333)4.95436678501, 54.9817244044, 31787.2455999, 11.5203799014, 1934.78311411, 
<------------ GEN 77--------------->
Chromsome [0]: (796.733333333)-14.6418750041, 15.5955321676, 4122.61794647, 5.29025669025, 815.940601168, 
Chromsome [1]: (787.833333333)0.117351871735, 2.8017508888, 4122.61794647, 2.3331428162, 815.940601168, 
Chromsome [2]: (722.1)4.80591911508, -52.194744841, 4122.61794647, 5.29025669025, 815.940601168, 
Chromsome [3]: (722.1)4.80591911508, -84.0272357, 29963.6747115, 26.8546789298, 1717.45497195, 
Chromsome [4]: (722.1)4.80591911508, 75.6087407004, 174341.628216, 26.069729626, 2182.29658927, 
<------------ GEN 78--------------->
Chromsome [0]: (789.266666667)-28.658598498, 63.0618525594, 174341.628216, 26.069729626, 2182.29658927, 
Chromsome [1]: (789.266666667)-14.6418750041, 15.5955321676, 4122.61794647, 5.29025669025, 815.940601168, 
Chromsome [2]: (781.3)0.117351871735, 2.8017508888, 4122.61794647, 2.3331428162, 815.940601168, 
Chromsome [3]: (704.9)4.80591911508, -84.0272357, 108831.655823, 5.29025669025, 815.940601168, 
Chromsome [4]: (704.9)4.80591911508, -57.4017922411, 122630.565929, 10.5674238511, 2046.05398977, 
<------------ GEN 79--------------->
Chromsome [0]: (792.233333333)-49.2302076202, 15.5955321676, 29963.6747115, 7.49709561473, 1215.92019669, 
Chromsome [1]: (792.233333333)-28.658598498, 63.0618525594, 174341.628216, 26.069729626, 2182.29658927, 
Chromsome [2]: (743.5)0.117351871735, 2.8017508888, 4122.61794647, 12.3926095911, 998.450362388, 
Chromsome [3]: (704.2)4.80591911508, 75.6087407004, 8285.49869423, 7.48872931148, 1665.10844193, 
Chromsome [4]: (704.2)4.80591911508, -57.4017922411, 57565.569079, 0.563582799452, 1462.39275712, 
<------------ GEN 80--------------->
Chromsome [0]: (790.333333333)-49.2302076202, 15.5955321676, 29963.6747115, 7.49709561473, 1215.92019669, 
Chromsome [1]: (744.633333333)0.117351871735, 2.8017508888, 4122.61794647, 12.3926095911, 998.450362388, 
Chromsome [2]: (744.633333333)0.117351871735, 2.8017508888, 4122.61794647, 12.3926095911, 998.450362388, 
Chromsome [3]: (711.566666667)4.80591911508, -62.2967853389, 108610.603664, 5.29025669025, 1215.50444993, 
Chromsome [4]: (711.566666667)4.80591911508, 75.6087407004, 8285.49869423, 7.48872931148, 2046.05398977, 
<------------ GEN 81--------------->
Chromsome [0]: (777.7)-49.2302076202, 15.5955321676, 29963.6747115, 7.49709561473, 1215.92019669, 
Chromsome [1]: (741.3)0.117351871735, 38.3571621011, 4122.61794647, 12.3926095911, 2208.66729215, 
Chromsome [2]: (726.1)0.117351871735, 48.9388978859, 105464.005061, 27.5476123039, 832.092137106, 
Chromsome [3]: (707.6)4.80591911508, -57.4017922411, 153836.616446, 27.022006432, 529.34308554, 
Chromsome [4]: (707.6)4.80591911508, 75.6087407004, 153314.190724, 23.1568248018, 2046.05398977, 
<------------ GEN 82--------------->
Chromsome [0]: (801.166666667)-49.2302076202, 15.5955321676, 29963.6747115, 7.49709561473, 1215.92019669, 
Chromsome [1]: (766.433333333)0.117351871735, 38.3571621011, 29963.6747115, 7.49709561473, 512.423848968, 
Chromsome [2]: (761.633333333)0.117351871735, 48.9388978859, 105464.005061, 27.5476123039, 832.092137106, 
Chromsome [3]: (737.633333333)4.80591911508, 55.4229272796, 9171.09744673, 5.29025669025, 1703.38319426, 
Chromsome [4]: (737.6)4.80591911508, 75.6087407004, 122630.565929, 10.5674238511, 1665.10844193, 
<------------ GEN 83--------------->
Chromsome [0]: (789.3)-31.8571583945, -52.194744841, 27299.2729842, 27.7248384449, 2897.69768468, 
Chromsome [1]: (789.3)-49.2302076202, 15.5955321676, 29963.6747115, 7.49709561473, 1215.92019669, 
Chromsome [2]: (742.066666667)0.117351871735, 26.1879945255, 153314.190724, 23.1568248018, 2783.94284056, 
Chromsome [3]: (720.6)4.80591911508, 55.4229272796, 9171.09744673, 5.29025669025, 1703.38319426, 
Chromsome [4]: (720.566666667)4.80591911508, 75.6087407004, 122630.565929, 3.79295128271, 2653.78482283, 
<------------ GEN 84--------------->
Chromsome [0]: (803.966666667)-31.8571583945, -52.194744841, 27299.2729842, 27.7248384449, 2897.69768468, 
Chromsome [1]: (779.4)0.117351871735, 26.1879945255, 153314.190724, 23.1568248018, 2783.94284056, 
Chromsome [2]: (765.066666667)4.80591911508, 55.4229272796, 91470.9629388, 14.6627356524, 1934.78311411, 
Chromsome [3]: (765.066666667)4.80591911508, 75.6087407004, 122630.565929, 3.79295128271, 2653.78482283, 
Chromsome [4]: (765.066666667)4.80591911508, 75.6087407004, 124614.624065, 22.575476019, 2781.17747337, 
<------------ GEN 85--------------->
Chromsome [0]: (781.133333333)-31.8571583945, -52.194744841, 27299.2729842, 27.7248384449, 2897.69768468, 
Chromsome [1]: (755.4)0.117351871735, 26.1879945255, 153314.190724, 23.1568248018, 2783.94284056, 
Chromsome [2]: (755.4)0.117351871735, 26.1879945255, 153314.190724, 29.409116629, 2783.94284056, 
Chromsome [3]: (739.733333333)4.80591911508, 75.6087407004, 122630.565929, 3.79295128271, 2653.78482283, 
Chromsome [4]: (739.733333333)4.80591911508, 75.6087407004, 124614.624065, 22.575476019, 2781.17747337, 
<------------ GEN 86--------------->
Chromsome [0]: (788.433333333)-48.8342619968, 75.6087407004, -45172.4586943, 29.3629992659, 2781.17747337, 
Chromsome [1]: (788.433333333)-20.5272516546, -20.5717259382, 58415.3292505, 19.8604432272, 1670.2030697, 
Chromsome [2]: (788.433333333)-31.8571583945, -52.194744841, 27299.2729842, 27.7248384449, 2897.69768468, 
Chromsome [3]: (749.666666667)0.117351871735, 26.1879945255, 153314.190724, 17.6226590888, 2783.94284056, 
Chromsome [4]: (749.666666667)0.117351871735, 26.1879945255, 153754.711742, 23.1568248018, 2783.94284056, 
<------------ GEN 87--------------->
Chromsome [0]: (780.633333333)-7.50247207112, 15.5955321676, 147385.846113, 10.2896462348, 2208.66729215, 
Chromsome [1]: (780.633333333)-48.8342619968, 75.6087407004, -45172.4586943, 29.3629992659, 2781.17747337, 
Chromsome [2]: (736.533333333)0.117351871735, 26.1879945255, 244496.37469, 23.1568248018, 2783.94284056, 
Chromsome [3]: (736.4)0.117351871735, -22.8846372037, 153314.190724, 23.1568248018, 2783.94284056, 
Chromsome [4]: (730.5)0.117351871735, 61.5132067514, 153314.190724, 17.6226590888, 5149.30029662, 
<------------ GEN 88--------------->
Chromsome [0]: (783.333333333)-7.50247207112, 15.5955321676, 147385.846113, 10.2896462348, 2208.66729215, 
Chromsome [1]: (726.033333333)0.117351871735, -22.8846372037, 153314.190724, 23.1568248018, 2783.94284056, 
Chromsome [2]: (725.933333333)0.117351871735, 26.1879945255, 115503.62531, 17.0455847073, 1501.96238007, 
Chromsome [3]: (664.533333333)4.80591911508, 75.6087407004, 65153.5893291, 27.7248384449, 2897.69768468, 
Chromsome [4]: (660.3)4.80591911508, 75.6087407004, 122630.565929, 36.58791887, 1673.50495197, 
<------------ GEN 89--------------->
Chromsome [0]: (801.566666667)-72.6052491902, 61.5132067514, 153314.190724, 17.3389410477, 1215.92019669, 
Chromsome [1]: (801.566666667)-7.50247207112, 15.5955321676, 147385.846113, 10.2896462348, 2208.66729215, 
Chromsome [2]: (755.2)0.117351871735, -22.8846372037, 59632.3768206, 23.1568248018, 1903.68544698, 
Chromsome [3]: (753.5)0.117351871735, 26.1879945255, 115503.62531, 17.0455847073, 1501.96238007, 
Chromsome [4]: (710.466666667)7.70247207112, 50.8440310852, -37625.1748857, 29.3629992659, 2193.21739488, 
<------------ GEN 90--------------->
Chromsome [0]: (814.1)-72.6052491902, 61.5132067514, 153314.190724, 17.3389410477, 1215.92019669, 
Chromsome [1]: (783.7)0.117351871735, -22.8846372037, 59632.3768206, 23.1568248018, 1455.68737606, 
Chromsome [2]: (782.2)0.117351871735, -4.7332541515, 166006.16463, 14.8413577401, 1822.05292076, 
Chromsome [3]: (781.766666667)0.117351871735, 26.1879945255, 115503.62531, 29.3629992659, 2781.17747337, 
Chromsome [4]: (716.933333333)2.16052329013, -5.90603363233, 140915.594583, 29.3629992659, 2758.35973227, 
<------------ GEN 91--------------->
Chromsome [0]: (780.433333333)-72.6052491902, 61.5132067514, 153314.190724, 17.3389410477, 1215.92019669, 
Chromsome [1]: (739.1)0.117351871735, -4.7332541515, 166006.16463, 14.8413577401, 1822.05292076, 
Chromsome [2]: (738.933333333)0.117351871735, -22.8846372037, 122961.858929, 20.9299707959, 2042.01941118, 
Chromsome [3]: (738.933333333)0.117351871735, 14.9541730777, 59632.3768206, 3.62776350063, 1455.68737606, 
Chromsome [4]: (729.933333333)0.117351871735, 37.9567525953, 70024.2458132, 45.1093914605, 1215.41282019, 
<------------ GEN 92--------------->
Chromsome [0]: (800.966666667)-119.671521323, -14.1140773569, 74397.7328095, 20.2240854769, 975.909839171, 
Chromsome [1]: (800.966666667)-72.6052491902, 61.5132067514, 153314.190724, 17.3389410477, 1215.92019669, 
Chromsome [2]: (781.133333333)0.117351871735, -5.28601712817, 4457.22848578, 3.62776350063, 1567.78174862, 
Chromsome [3]: (778.7)0.117351871735, -4.7332541515, 166006.16463, 14.8413577401, 1822.05292076, 
Chromsome [4]: (778.666666667)0.117351871735, -22.8846372037, 122961.858929, 20.9299707959, 2042.01941118, 
<------------ GEN 93--------------->
Chromsome [0]: (777.466666667)-16.1272261023, -79.4504938306, 37625.1748857, 8.99647426904, 1942.94988583, 
Chromsome [1]: (777.466666667)-119.671521323, -14.1140773569, 74397.7328095, 20.2240854769, 975.909839171, 
Chromsome [2]: (759.633333333)0.117351871735, -5.28601712817, 4457.22848578, 3.62776350063, 1567.78174862, 
Chromsome [3]: (755.933333333)0.117351871735, -4.7332541515, 166006.16463, 14.8413577401, 1501.96238007, 
Chromsome [4]: (755.933333333)0.117351871735, -22.8846372037, -1203.59563052, 20.9299707959, 2042.01941118, 
<------------ GEN 94--------------->
Chromsome [0]: (794.566666667)-44.8215634532, -22.8846372037, 122961.858929, 20.9299707959, 651.812831634, 
Chromsome [1]: (794.566666667)-16.1272261023, -79.4504938306, 37625.1748857, 8.99647426904, 1942.94988583, 
Chromsome [2]: (772.3)0.117351871735, -4.7332541515, 166006.16463, 14.8413577401, 1501.96238007, 
Chromsome [3]: (772.2)0.117351871735, -22.8846372037, 1203.59563052, 20.9299707959, 2042.01941118, 
Chromsome [4]: (772.166666667)0.117351871735, -63.4478174692, 4457.22848578, 14.8413577401, 668.236620284, 
<------------ GEN 95--------------->
Chromsome [0]: (800.9)-44.8215634532, -22.8846372037, 122961.858929, 20.9299707959, 651.812831634, 
Chromsome [1]: (785.1)0.117351871735, -4.7332541515, 29963.6747115, 23.8471162112, 1421.22558592, 
Chromsome [2]: (784.4)0.117351871735, -22.8846372037, 70240.6803087, 20.9299707959, 4426.31136198, 
Chromsome [3]: (784.4)0.117351871735, -22.8846372037, 37397.6068871, 23.6105113735, 2361.35773878, 
Chromsome [4]: (777.533333333)0.117351871735, -63.4478174692, 106457.850214, 14.8413577401, 1215.92019669, 
<------------ GEN 96--------------->
Chromsome [0]: (814.7)-44.8215634532, -22.8846372037, 122961.858929, 20.9299707959, 651.812831634, 
Chromsome [1]: (796.933333333)0.117351871735, -22.8846372037, 37397.6068871, 23.6105113735, 2361.35773878, 
Chromsome [2]: (791.2)0.117351871735, 61.5132067514, 153314.190724, 19.2315168115, 1215.92019669, 
Chromsome [3]: (791.2)0.117351871735, -63.4478174692, 106457.850214, 14.8413577401, 1215.92019669, 
Chromsome [4]: (723.6)4.80591911508, 64.0557953326, 166006.16463, 14.8413577401, 1501.96238007, 
<------------ GEN 97--------------->
Chromsome [0]: (801.8)-44.8215634532, -22.8846372037, 122961.858929, 20.9299707959, 651.812831634, 
Chromsome [1]: (779.133333333)0.117351871735, -5.20647167353, 153314.190724, 4.09944234441, 651.812831634, 
Chromsome [2]: (778.3)0.117351871735, -22.8846372037, 17357.2587567, 21.5001884755, 501.149631703, 
Chromsome [3]: (775.266666667)0.117351871735, 61.5132067514, 153314.190724, 19.2315168115, 1215.92019669, 
Chromsome [4]: (775.266666667)0.117351871735, -63.4478174692, 106457.850214, 14.8413577401, 1215.92019669, 
<------------ GEN 98--------------->
Chromsome [0]: (820.5)-25.6215728878, -22.8846372037, 177092.530363, 21.6384722759, 2363.40886, 
Chromsome [1]: (820.5)-44.8215634532, -22.8846372037, 122961.858929, 20.9299707959, 651.812831634, 
Chromsome [2]: (817.633333333)0.117351871735, -5.20647167353, 177511.57297, 4.09944234441, 1019.92042119, 
Chromsome [3]: (817.6)0.117351871735, 61.5132067514, 174076.582476, 6.24004739444, 1215.92019669, 
Chromsome [4]: (817.6)0.117351871735, -22.8846372037, 17357.2587567, 21.5001884755, 651.812831634, 
<------------ GEN 99--------------->
Chromsome [0]: (826.333333333)-25.6215728878, -22.8846372037, 177092.530363, 21.6384722759, 2363.40886, 
Chromsome [1]: (823.466666667)0.117351871735, -5.20647167353, 177511.57297, 4.09944234441, 1019.92042119, 
Chromsome [2]: (823.433333333)0.117351871735, 61.5132067514, 176685.285089, 19.2315168115, 1215.92019669, 
Chromsome [3]: (823.433333333)0.117351871735, -30.7933114217, 140709.240255, 29.9212983954, 754.765582153, 
Chromsome [4]: (823.433333333)0.117351871735, 61.5132067514, 174076.582476, 20.8364997777, 802.67861685, 
<------------ GEN 100--------------->
Chromsome [0]: (848.5)-25.6215728878, -22.8846372037, 177092.530363, 21.6384722759, 2363.40886, 
Chromsome [1]: (845.633333333)0.117351871735, -5.20647167353, 177511.57297, 4.09944234441, 2867.64822979, 
Chromsome [2]: (845.633333333)0.117351871735, 9.99567546041, 169627.978542, 22.9017363371, 2536.41423356, 
Chromsome [3]: (845.6)0.117351871735, 61.5132067514, 174076.582476, 20.8364997777, 1398.66174469, 
Chromsome [4]: (845.6)0.117351871735, 55.8766605601, 169742.192192, 27.5113527648, 660.352694946, 
