<------------ GEN 1--------------->
Chromsome [0]: (808.266666667)0.237962672384, -76.2840608013, 83074.8430623, 24.2647493575, 2616.10350583, 
Chromsome [1]: (778.7)9.28061031024, 22.8461829273, 54213.4030127, 4.08392251847, 2058.98692149, 
Chromsome [2]: (771.133333333)12.0020272922, 29.8960033934, 4103.37121283, 18.3688024323, 2839.62580759, 
Chromsome [3]: (757.366666667)22.4962227291, -24.1012183512, 132836.772194, 29.7578805117, 2998.95846355, 
Chromsome [4]: (752.6)17.7925045706, -59.4265464883, 78041.9408923, 20.6523942372, 1878.75998739, 
<------------ GEN 2--------------->
Chromsome [0]: (799.266666667)0.237962672384, -76.2840608013, 64735.2508805, 29.7578805117, 2998.95846355, 
Chromsome [1]: (799.266666667)0.237962672384, -76.2840608013, 83074.8430623, 24.2647493575, 2616.10350583, 
Chromsome [2]: (762.066666667)9.28061031024, 22.8461829273, 54213.4030127, 4.08392251847, 2058.98692149, 
Chromsome [3]: (753.7)12.0020272922, 29.8960033934, 4103.37121283, 18.3688024323, 2839.62580759, 
Chromsome [4]: (752.766666667)22.4962227291, -24.1012183512, 132836.772194, 29.7578805117, 2998.95846355, 
<------------ GEN 3--------------->
Chromsome [0]: (804.466666667)-11.1904684988, 72.9394280911, 14644.8330854, 5.24747125418, 2616.10350583, 
Chromsome [1]: (791.066666667)0.237962672384, -76.2840608013, 64735.2508805, -9.38771425335, 2927.70363077, 
Chromsome [2]: (791.066666667)0.237962672384, -76.2840608013, 13817.3120076, 24.2647493575, 1939.68073075, 
Chromsome [3]: (791.066666667)0.237962672384, -76.2840608013, 64735.2508805, 29.7578805117, 2998.95846355, 
Chromsome [4]: (732.133333333)12.0020272922, 29.8960033934, 4103.37121283, 5.24747125418, 568.908885987, 
<------------ GEN 4--------------->
Chromsome [0]: (813.166666667)-11.1904684988, 72.9394280911, 14644.8330854, 5.24747125418, 2616.10350583, 
Chromsome [1]: (810.266666667)0.237962672384, -76.2840608013, 95225.4499841, 29.7578805117, 2998.95846355, 
Chromsome [2]: (810.266666667)0.237962672384, -76.2840608013, 64735.2508805, 29.7578805117, 2998.95846355, 
Chromsome [3]: (810.266666667)0.237962672384, -76.2840608013, 35662.3541151, 29.7578805117, 2998.95846355, 
Chromsome [4]: (810.233333333)0.648323653346, -24.1012183512, 95225.4499841, 12.238702326, 2998.95846355, 
<------------ GEN 5--------------->
Chromsome [0]: (799.066666667)-11.1904684988, 72.9394280911, 14644.8330854, 5.24747125418, 2616.10350583, 
Chromsome [1]: (796.166666667)0.237962672384, -76.2840608013, 95225.4499841, 43.6582068849, 2998.95846355, 
Chromsome [2]: (796.133333333)0.648323653346, -24.1012183512, 35662.3541151, 29.7578805117, 2998.95846355, 
Chromsome [3]: (716.733333333)9.28061031024, 29.8960033934, 4103.37121283, 5.24747125418, 568.908885987, 
Chromsome [4]: (675.6)13.6172696344, -6.55533807454, 132836.772194, 10.1515936615, 1678.45101172, 
<------------ GEN 6--------------->
Chromsome [0]: (813.733333333)-11.1904684988, 72.9394280911, 14644.8330854, 5.24747125418, 2616.10350583, 
Chromsome [1]: (810.833333333)0.237962672384, -76.2840608013, 95225.4499841, 4.38558464665, 2886.52238407, 
Chromsome [2]: (739.7)9.28061031024, 29.8960033934, 4103.37121283, 5.24747125418, 568.908885987, 
Chromsome [3]: (702.1)9.28061031024, 80.3421150658, 4103.37121283, 5.24747125418, 2616.10350583, 
Chromsome [4]: (687.1)12.0020272922, 7.13272756479, 80423.4513459, 24.3380587784, 2839.62580759, 
<------------ GEN 7--------------->
Chromsome [0]: (813.8)-18.4311907388, -59.4265464883, 154134.159476, 9.97984954272, 1577.25192125, 
Chromsome [1]: (813.8)-11.1904684988, 72.9394280911, 14644.8330854, 5.24747125418, 2616.10350583, 
Chromsome [2]: (810.9)0.237962672384, 84.3089430133, 258180.038638, 4.38558464665, 2616.10350583, 
Chromsome [3]: (810.9)0.237962672384, -76.2840608013, 148355.027691, 4.38558464665, -1588.56317693, 
Chromsome [4]: (738.433333333)8.65282132796, -59.4265464883, 71207.9049334, 9.92493347986, 2422.30713051, 
<------------ GEN 8--------------->
Chromsome [0]: (824.0)-18.4311907388, -59.4265464883, 154134.159476, 9.97984954272, 1577.25192125, 
Chromsome [1]: (810.6)0.237962672384, -76.2840608013, 148355.027691, 4.38558464665, 3379.08979366, 
Chromsome [2]: (810.6)0.237962672384, -66.1098109726, 26499.5645236, 10.1515936615, 1108.50824922, 
Chromsome [3]: (810.6)0.237962672384, 84.3089430133, 36000.7749502, 4.38558464665, 2616.10350583, 
Chromsome [4]: (810.266666667)1.54833195028, 11.8271525773, 104686.651714, 23.2385037734, 960.693716248, 
<------------ GEN 9--------------->
Chromsome [0]: (805.666666667)-18.4311907388, -59.4265464883, 154134.159476, 9.97984954272, 1577.25192125, 
Chromsome [1]: (792.266666667)0.237962672384, -66.1098109726, 131375.812306, 10.1515936615, 1108.50824922, 
Chromsome [2]: (792.266666667)0.237962672384, 25.156489565, 148355.027691, 5.24747125418, 2616.10350583, 
Chromsome [3]: (792.266666667)0.237962672384, -76.2840608013, 148355.027691, 4.41869067206, 2927.70363077, 
Chromsome [4]: (781.5)1.54833195028, -88.7841375461, 104686.651714, 23.2385037734, 960.693716248, 
<------------ GEN 10--------------->
Chromsome [0]: (821.433333333)-18.4311907388, -59.4265464883, 154134.159476, 9.97984954272, 1577.25192125, 
Chromsome [1]: (818.533333333)0.237962672384, -66.1098109726, 131375.812306, 52.5350247849, 1337.81057577, 
Chromsome [2]: (818.533333333)0.237962672384, -76.2840608013, 115242.467178, 4.41869067206, 2182.98588499, 
Chromsome [3]: (818.533333333)0.237962672384, 25.156489565, 63370.3090486, 5.24747125418, -289.956643533, 
Chromsome [4]: (736.333333333)8.65282132796, -59.4265464883, 140272.192894, -4.37373717986, 975.915622915, 
<------------ GEN 11--------------->
Chromsome [0]: (827.733333333)-61.8291537581, -14.9995228194, 25320.3629687, 6.71554080562, 2182.98588499, 
Chromsome [1]: (827.733333333)-18.4311907388, -59.4265464883, 154134.159476, 9.97984954272, 1577.25192125, 
Chromsome [2]: (814.333333333)0.237962672384, -66.1098109726, 36000.7749502, 4.38558464665, 2616.10350583, 
Chromsome [3]: (814.333333333)0.237962672384, -66.1098109726, 131375.812306, 29.6110239285, 2250.71831803, 
Chromsome [4]: (814.333333333)0.237962672384, 25.156489565, 63370.3090486, 5.24747125418, 975.915622915, 
<------------ GEN 12--------------->
Chromsome [0]: (834.266666667)-19.3190723831, 84.3089430133, 19564.5873556, 29.7578805117, 1868.95718592, 
Chromsome [1]: (834.266666667)-61.8291537581, -14.9995228194, 25320.3629687, 6.71554080562, 2182.98588499, 
Chromsome [2]: (820.866666667)0.237962672384, -66.1098109726, 36000.7749502, 4.38558464665, 626.351754777, 
Chromsome [3]: (777.433333333)11.3904684988, 17.5868683236, -200811.341532, 0.028117576952, 2616.10350583, 
Chromsome [4]: (720.8)8.65282132796, -59.4265464883, 76026.9643072, 26.3613525026, 1289.95664353, 
<------------ GEN 13--------------->
Chromsome [0]: (859.666666667)-19.3190723831, 84.3089430133, 19564.5873556, 29.7578805117, 1868.95718592, 
Chromsome [1]: (742.533333333)4.42204958226, -59.4265464883, 47074.480364, 9.97984954272, 2616.10350583, 
Chromsome [2]: (726.866666667)8.65282132796, -59.4265464883, 76026.9643072, 26.3613525026, 1289.95664353, 
Chromsome [3]: (693.766666667)11.3904684988, 17.5868683236, 70062.3843363, 9.92493347986, 808.98432667, 
Chromsome [4]: (685.766666667)11.3904684988, 44.9141525211, 258713.426936, -15.8737714695, 975.915622915, 
<------------ GEN 14--------------->
Chromsome [0]: (851.5)-19.3190723831, 84.3089430133, 19564.5873556, 29.7578805117, 1868.95718592, 
Chromsome [1]: (744.933333333)4.42204958226, -76.2840608013, -33744.3713813, 10.7206687133, 1371.26479857, 
Chromsome [2]: (677.7)11.3904684988, 17.5868683236, 26031.8566696, 5.24747125418, 730.020347594, 
Chromsome [3]: (676.666666667)8.65282132796, 67.1511691413, 76026.9643072, 26.3613525026, 1042.60983421, 
Chromsome [4]: (670.233333333)11.3904684988, 44.9141525211, 63370.3090486, 9.92493347986, 808.98432667, 
<------------ GEN 15--------------->
Chromsome [0]: (832.2)-19.3190723831, 84.3089430133, 19564.5873556, 29.7578805117, 1868.95718592, 
Chromsome [1]: (734.6)4.42204958226, -76.2840608013, 33744.3713813, 10.7206687133, 1371.26479857, 
Chromsome [2]: (691.3)8.65282132796, 84.3089430133, 104844.210793, 29.7578805117, 1868.95718592, 
Chromsome [3]: (691.3)8.65282132796, 67.1511691413, 78774.3723642, 26.3613525026, 626.351754777, 
Chromsome [4]: (683.533333333)11.3904684988, 44.9141525211, 63370.3090486, 9.92493347986, 808.98432667, 
<------------ GEN 16--------------->
Chromsome [0]: (852.5)-19.3190723831, 84.3089430133, 19564.5873556, 29.7578805117, 1868.95718592, 
Chromsome [1]: (766.466666667)4.42204958226, -76.2840608013, 42331.0350666, 26.1958505544, 876.022138111, 
Chromsome [2]: (761.833333333)8.65282132796, 18.8117282108, 78774.3723642, 26.3613525026, 626.351754777, 
Chromsome [3]: (723.433333333)8.65282132796, 84.3089430133, 104844.210793, 29.7578805117, 1381.04610572, 
Chromsome [4]: (723.433333333)8.65282132796, 84.3089430133, 104844.210793, 29.7578805117, 1868.95718592, 
<------------ GEN 17--------------->
Chromsome [0]: (848.733333333)-19.3190723831, 84.3089430133, 19564.5873556, 29.7578805117, 1868.95718592, 
Chromsome [1]: (760.833333333)4.42204958226, -76.2840608013, 42331.0350666, 26.1958505544, 2919.53979874, 
Chromsome [2]: (746.633333333)8.65282132796, 18.8117282108, 78774.3723642, 29.7578805117, 1381.04610572, 
Chromsome [3]: (745.433333333)8.65282132796, 37.3100535256, 72584.8010076, 13.0754500132, 1868.95718592, 
Chromsome [4]: (707.066666667)6.38164119285, -124.192010791, 104844.210793, 26.3613525026, 1322.42520914, 
<------------ GEN 18--------------->
Chromsome [0]: (898.066666667)-19.3190723831, 84.3089430133, 19564.5873556, 29.7578805117, 1868.95718592, 
Chromsome [1]: (777.466666667)4.42204958226, -76.2840608013, 94874.8720351, 35.8736696761, 928.062167935, 
Chromsome [2]: (761.266666667)6.38164119285, -55.8079892088, 104844.210793, 26.3613525026, 1322.42520914, 
Chromsome [3]: (750.766666667)8.65282132796, 18.8117282108, 78774.3723642, 29.7578805117, 2443.60076209, 
Chromsome [4]: (747.6)8.65282132796, 25.156489565, 13533.1298185, 7.35995905642, 2792.52004498, 
<------------ GEN 19--------------->
Chromsome [0]: (875.833333333)-19.3190723831, 84.3089430133, 19564.5873556, 29.7578805117, 1868.95718592, 
Chromsome [1]: (761.466666667)4.42204958226, -68.8665430296, 114444.068014, 10.6051387474, 2201.7827407, 
Chromsome [2]: (747.833333333)8.65282132796, 25.156489565, 13533.1298185, 2.75854920048, 626.085958195, 
Chromsome [3]: (730.6)8.65282132796, 18.8117282108, 159580.411966, 27.4558233761, 808.98432667, 
Chromsome [4]: (655.666666667)11.3904684988, 44.9141525211, 63370.3090486, 9.92493347986, 1381.04610572, 
<------------ GEN 20--------------->
Chromsome [0]: (870.2)-19.3190723831, 84.3089430133, 19564.5873556, 29.7578805117, 1868.95718592, 
Chromsome [1]: (859.833333333)0.523254290591, -76.2840608013, 94874.8720351, 27.5134377852, 2849.53355383, 
Chromsome [2]: (725.233333333)8.65282132796, 25.156489565, 13533.1298185, 2.75854920048, 626.085958195, 
Chromsome [3]: (700.133333333)8.65282132796, 25.156489565, 66798.7729665, 2.75854920048, 2792.52004498, 
Chromsome [4]: (665.4)65.0063828509, 14.6432358478, -131524.768711, 4.09614989907, 2792.52004498, 
<------------ GEN 21--------------->
Chromsome [0]: (872.766666667)-28.4219466486, 67.1511691413, 78774.3723642, 29.7578805117, 1868.95718592, 
Chromsome [1]: (872.766666667)-19.3190723831, 84.3089430133, 19564.5873556, 29.7578805117, 1868.95718592, 
Chromsome [2]: (862.2)0.523254290591, -76.2840608013, 94874.8720351, 7.81913432035, 2083.31417452, 
Chromsome [3]: (693.966666667)8.65282132796, 25.156489565, 109408.9082, 13.0754500132, 1588.24334683, 
Chromsome [4]: (693.966666667)8.65282132796, 25.156489565, 174995.300317, 2.75854920048, 808.98432667, 
<------------ GEN 22--------------->
Chromsome [0]: (862.8)-28.4219466486, 67.1511691413, 78774.3723642, 29.7578805117, 1868.95718592, 
Chromsome [1]: (853.2)0.523254290591, -76.2840608013, 94874.8720351, 1.51697010566, 2083.31417452, 
Chromsome [2]: (853.2)0.523254290591, -76.2840608013, 94874.8720351, 7.81913432035, 2083.31417452, 
Chromsome [3]: (639.366666667)11.3904684988, 23.8947209065, 117219.814037, 16.8181859209, 926.451525219, 
Chromsome [4]: (612.666666667)18.270300003, 25.156489565, 174995.300317, 2.75854920048, 808.98432667, 
<------------ GEN 23--------------->
Chromsome [0]: (829.033333333)-53.2601487433, -76.2840608013, 94874.8720351, 7.81913432035, 2566.2617151, 
Chromsome [1]: (829.033333333)-28.4219466486, 67.1511691413, 78774.3723642, 29.7578805117, 1868.95718592, 
Chromsome [2]: (819.433333333)0.523254290591, -36.7105960703, 179571.918944, 5.34305383965, 738.897024951, 
Chromsome [3]: (819.433333333)0.523254290591, -76.2840608013, 94874.8720351, -21.1123656368, 928.062167935, 
Chromsome [4]: (640.833333333)11.3904684988, 23.8947209065, 235688.64302, -17.8405995719, 1460.96272622, 
<------------ GEN 24--------------->
Chromsome [0]: (834.333333333)-53.2601487433, -76.2840608013, 94874.8720351, 7.81913432035, 2566.2617151, 
Chromsome [1]: (804.633333333)0.523254290591, -76.2840608013, 14894.8533742, 53.8378009624, 928.062167935, 
Chromsome [2]: (804.566666667)0.523254290591, -76.2840608013, 94874.8720351, 21.1123656368, 928.062167935, 
Chromsome [3]: (704.666666667)4.81236218374, -36.7105960703, 41708.3579104, 5.34305383965, 2148.94718546, 
Chromsome [4]: (683.733333333)11.3904684988, 23.8947209065, 124311.35698, 17.8405995719, 1460.96272622, 
<------------ GEN 25--------------->
Chromsome [0]: (837.5)-43.6746619421, 25.156489565, 165152.299215, 23.438206792, 1469.59062946, 
Chromsome [1]: (837.5)-53.2601487433, -76.2840608013, 94874.8720351, 7.81913432035, 2566.2617151, 
Chromsome [2]: (797.233333333)0.523254290591, -76.2840608013, 14894.8533742, 6.16219903758, 928.062167935, 
Chromsome [3]: (797.166666667)0.523254290591, -76.2840608013, 77434.5037499, -13.2443216972, 928.062167935, 
Chromsome [4]: (797.166666667)0.523254290591, -76.2840608013, 94874.8720351, 21.1123656368, 928.062167935, 
<------------ GEN 26--------------->
Chromsome [0]: (847.366666667)-14.2534686498, 23.8947209065, 124311.35698, 17.8405995719, 2148.94718546, 
Chromsome [1]: (847.366666667)-4.70793535033, 1.5146808672, 101211.352378, 29.7578805117, 753.397795195, 
Chromsome [2]: (847.366666667)-43.6746619421, 25.156489565, 165152.299215, 23.438206792, 1469.59062946, 
Chromsome [3]: (825.5)0.523254290591, -76.2840608013, 14894.8533742, 6.16219903758, 928.062167935, 
Chromsome [4]: (825.4)0.523254290591, -76.2840608013, 34868.9223298, 6.16219903758, 928.062167935, 
<------------ GEN 27--------------->
Chromsome [0]: (842.533333333)-14.2534686498, 23.8947209065, 124311.35698, 17.8405995719, 2148.94718546, 
Chromsome [1]: (819.6)0.523254290591, -76.2840608013, 14894.8533742, 6.16219903758, 2585.70319202, 
Chromsome [2]: (819.6)0.523254290591, -76.2840608013, 14894.8533742, 6.16219903758, 928.062167935, 
Chromsome [3]: (819.6)0.523254290591, 126.508195205, 2336.04092682, 4.09614989907, 2157.46727504, 
Chromsome [4]: (819.5)0.523254290591, -58.0396174311, 161581.058941, 16.8181859209, 2787.30673024, 
<------------ GEN 28--------------->
Chromsome [0]: (836.766666667)-134.617766555, -76.2840608013, 20536.6888948, 9.2367733264, 2134.90214319, 
Chromsome [1]: (836.766666667)-14.2534686498, 23.8947209065, 124311.35698, 17.8405995719, 2148.94718546, 
Chromsome [2]: (818.533333333)0.523254290591, -76.2840608013, -90865.4338532, 21.1123656368, 533.955039934, 
Chromsome [3]: (810.833333333)0.523254290591, 53.4918047949, 125469.634711, 17.8405995719, 2908.55073286, 
Chromsome [4]: (810.833333333)0.523254290591, -76.2840608013, 158887.99754, 29.7578805117, 2137.16706744, 
<------------ GEN 29--------------->
Chromsome [0]: (848.966666667)-12.426649667, -76.2840608013, 90865.4338532, 29.3970239419, 533.955039934, 
Chromsome [1]: (848.966666667)-134.617766555, -76.2840608013, 20536.6888948, 9.2367733264, 2134.90214319, 
Chromsome [2]: (825.933333333)0.523254290591, -76.2840608013, 97692.7075474, 29.7578805117, 1882.98461322, 
Chromsome [3]: (825.933333333)0.523254290591, 41.2317853915, 14894.8533742, 13.8169327529, 937.711646347, 
Chromsome [4]: (825.933333333)0.523254290591, 53.4918047949, 256725.09593, 8.61328604403, 2148.94718546, 
<------------ GEN 30--------------->
Chromsome [0]: (856.166666667)-69.7623037478, -58.0396174311, 161581.058941, 16.8181859209, 2047.46965217, 
Chromsome [1]: (856.166666667)-4.53969157249, -31.1879322774, 140796.888384, 22.7787402136, 928.062167935, 
Chromsome [2]: (856.166666667)-12.426649667, -76.2840608013, 90865.4338532, 29.3970239419, 533.955039934, 
Chromsome [3]: (843.2)0.523254290591, 41.2317853915, 14894.8533742, 13.8169327529, 937.711646347, 
Chromsome [4]: (843.2)0.523254290591, -76.2840608013, 78389.7376984, 9.76748443821, 533.955039934, 
<------------ GEN 31--------------->
Chromsome [0]: (840.233333333)-69.7623037478, -58.0396174311, 161581.058941, 16.8181859209, 2047.46965217, 
Chromsome [1]: (807.166666667)0.523254290591, -76.2840608013, 78389.7376984, 9.26510765626, 1943.17627893, 
Chromsome [2]: (807.166666667)0.523254290591, 65.8903146794, 175970.239181, 25.889987731, 1992.15506519, 
Chromsome [3]: (807.166666667)0.523254290591, -39.0825019642, 79683.2746191, 16.8181859209, 2207.34974062, 
Chromsome [4]: (807.166666667)0.523254290591, -76.2840608013, 78389.7376984, 27.9587288871, 533.955039934, 
<------------ GEN 32--------------->
Chromsome [0]: (828.366666667)-17.1808895609, -76.2840608013, 34868.9223298, 6.16219903758, 2523.41707455, 
Chromsome [1]: (828.366666667)-11.7015316913, 23.8947209065, 178288.17194, 27.2959103056, 2207.34974062, 
Chromsome [2]: (828.366666667)-8.05099149152, 25.156489565, 143290.349798, 4.09614989907, 1185.72232227, 
Chromsome [3]: (828.366666667)-69.7623037478, -58.0396174311, 161581.058941, 16.8181859209, 2047.46965217, 
Chromsome [4]: (781.3)0.523254290591, 41.2317853915, 14894.8533742, 11.9815798901, 2570.86354571, 
<------------ GEN 33--------------->
Chromsome [0]: (821.6)-17.1808895609, -76.2840608013, 34868.9223298, 6.16219903758, 2523.41707455, 
Chromsome [1]: (771.933333333)0.523254290591, -39.0825019642, 22831.7484245, 17.8405995719, 599.295646342, 
Chromsome [2]: (768.7)0.523254290591, -42.7470583553, 79101.9807641, 27.9587288871, 1692.23045467, 
Chromsome [3]: (768.633333333)0.523254290591, 41.2317853915, 101471.722492, 11.9815798901, 2523.41707455, 
Chromsome [4]: (768.566666667)0.523254290591, -43.4935402558, 124311.35698, 4.8124214727, 2265.75563996, 
<------------ GEN 34--------------->
Chromsome [0]: (821.833333333)-17.1808895609, -76.2840608013, 34868.9223298, 6.16219903758, 2523.41707455, 
Chromsome [1]: (783.266666667)0.523254290591, 41.2317853915, 101471.722492, 11.9815798901, 2651.68862953, 
Chromsome [2]: (782.2)0.523254290591, -76.2840608013, 19391.0277055, 14.5278338258, 2047.46965217, 
Chromsome [3]: (781.766666667)0.523254290591, -43.4935402558, 38968.4179976, 13.9684852703, 2207.34974062, 
Chromsome [4]: (779.1)0.523254290591, -25.0132808436, 124311.35698, 6.95316858531, 815.762200475, 
<------------ GEN 35--------------->
Chromsome [0]: (806.8)-17.1808895609, -76.2840608013, 34868.9223298, 6.16219903758, 2523.41707455, 
Chromsome [1]: (763.966666667)0.523254290591, 41.2317853915, 101471.722492, 11.9815798901, 2651.68862953, 
Chromsome [2]: (763.966666667)0.523254290591, -52.9915072307, 90865.4338532, 6.16219903758, 2502.16025415, 
Chromsome [3]: (763.966666667)0.523254290591, -25.0864285754, 38968.4179976, 11.285506037, 2206.59042061, 
Chromsome [4]: (763.966666667)0.523254290591, 32.6289445553, 93060.3049926, 27.2959103056, 2127.06563436, 
<------------ GEN 36--------------->
Chromsome [0]: (815.466666667)-17.1808895609, -76.2840608013, 34868.9223298, 6.16219903758, 2523.41707455, 
Chromsome [1]: (780.266666667)0.523254290591, -25.0132808436, 27918.331768, -21.0789563829, 1306.06848963, 
Chromsome [2]: (780.266666667)0.523254290591, -76.2840608013, 178890.653367, 21.863451618, 2206.59042061, 
Chromsome [3]: (780.266666667)0.523254290591, -25.0864285754, 38968.4179976, 11.285506037, 1306.06848963, 
Chromsome [4]: (780.266666667)0.523254290591, -52.9915072307, 90865.4338532, 22.3246202154, 923.460742164, 
<------------ GEN 37--------------->
Chromsome [0]: (814.433333333)-17.1808895609, -76.2840608013, 34868.9223298, 6.16219903758, 2523.41707455, 
Chromsome [1]: (766.433333333)0.523254290591, -76.2840608013, 178890.653367, 21.863451618, 2960.80948254, 
Chromsome [2]: (766.433333333)0.523254290591, 56.3946712797, 27918.331768, 21.0789563829, 2935.10989119, 
Chromsome [3]: (766.433333333)0.523254290591, -52.9915072307, 90865.4338532, 22.3246202154, 923.460742164, 
Chromsome [4]: (766.433333333)0.523254290591, -76.2840608013, 78389.7376984, 1.95369931303, 1306.06848963, 
<------------ GEN 38--------------->
Chromsome [0]: (840.366666667)-17.1808895609, -76.2840608013, 34868.9223298, 6.16219903758, 2523.41707455, 
Chromsome [1]: (787.933333333)0.523254290591, -25.0864285754, 75842.7137908, 17.8405995719, 2636.35332459, 
Chromsome [2]: (787.933333333)0.523254290591, -52.9915072307, 90865.4338532, 23.9387304376, 1871.80918892, 
Chromsome [3]: (787.933333333)0.523254290591, -76.2840608013, 278580.301978, 40.5110390865, 2523.41707455, 
Chromsome [4]: (787.933333333)0.523254290591, -52.9915072307, 90865.4338532, 22.3246202154, 3241.62010015, 
<------------ GEN 39--------------->
Chromsome [0]: (829.966666667)-17.1808895609, -76.2840608013, 34868.9223298, 6.16219903758, 2523.41707455, 
Chromsome [1]: (793.966666667)4.73969157249, -76.2840608013, 81419.6980219, 19.4889609135, 1179.9188878, 
Chromsome [2]: (778.6)0.523254290591, -52.9915072307, 90865.4338532, 1.81398247554, 1319.03044576, 
Chromsome [3]: (778.6)0.523254290591, 89.6231397608, 119177.10767, 22.8389855885, 694.303166642, 
Chromsome [4]: (778.6)0.523254290591, -76.2840608013, 160515.703215, 19.4889609135, 2523.41707455, 
<------------ GEN 40--------------->
Chromsome [0]: (852.433333333)-17.1808895609, -76.2840608013, 34868.9223298, 6.16219903758, 2523.41707455, 
Chromsome [1]: (808.366666667)4.73969157249, -76.2840608013, 81419.6980219, 19.4889609135, 2664.94320752, 
Chromsome [2]: (808.366666667)4.73969157249, 164.836180308, 21920.6815167, 12.2017622105, 1753.8853661, 
Chromsome [3]: (778.5)0.523254290591, -76.2840608013, 98551.9238701, 1.12154633881, 1354.69903213, 
Chromsome [4]: (778.5)0.523254290591, 45.544891802, 32403.4173762, 2.84098068852, 2087.92570039, 
<------------ GEN 41--------------->
Chromsome [0]: (826.433333333)-17.1808895609, -76.2840608013, 34868.9223298, 6.16219903758, 2523.41707455, 
Chromsome [1]: (768.666666667)4.73969157249, -54.6577497243, 88881.8378973, 22.8389855885, 1253.50872828, 
Chromsome [2]: (768.666666667)4.73969157249, -62.5050987997, 85239.5117596, 17.8405995719, 2636.35332459, 
Chromsome [3]: (765.666666667)3.75191149969, -76.2840608013, 81419.6980219, 19.4889609135, 2664.94320752, 
Chromsome [4]: (735.166666667)8.69622524491, 49.318071278, 34868.9223298, 22.8389855885, 2000.48240356, 
<------------ GEN 42--------------->
Chromsome [0]: (806.5)-17.1808895609, -76.2840608013, 34868.9223298, 6.16219903758, 2523.41707455, 
Chromsome [1]: (741.2)4.73969157249, 68.8206920948, 21920.6815167, 22.8389855885, 1253.50872828, 
Chromsome [2]: (738.133333333)4.73969157249, -54.6577497243, 88881.8378973, 22.8389855885, 1253.50872828, 
Chromsome [3]: (735.966666667)4.73969157249, 26.4413431071, -7049.91935647, 1.12154633881, 1354.69903213, 
Chromsome [4]: (735.933333333)0.523254290591, 51.4617900068, -156516.694661, 8.91563253449, 574.843188077, 
<------------ GEN 43--------------->
Chromsome [0]: (781.966666667)-17.1808895609, -76.2840608013, 34868.9223298, 6.16219903758, 2523.41707455, 
Chromsome [1]: (709.4)4.73969157249, 68.8206920948, 69440.8847265, 22.8389855885, 2529.72589035, 
Chromsome [2]: (709.4)4.73969157249, -54.6577497243, 88881.8378973, 22.8389855885, 1253.50872828, 
Chromsome [3]: (699.133333333)8.69622524491, 34.9782605938, 175474.705178, 4.8124214727, 1696.96960705, 
Chromsome [4]: (697.266666667)8.25099149152, -52.6650893887, 145273.247186, 36.3424497062, 2960.80948254, 
<------------ GEN 44--------------->
Chromsome [0]: (803.7)-19.1515466319, -29.2948903271, 109078.095334, 13.208886284, 1630.92741079, 
Chromsome [1]: (803.7)-17.1808895609, -76.2840608013, 34868.9223298, 6.16219903758, 2523.41707455, 
Chromsome [2]: (734.866666667)4.73969157249, 68.8206920948, 69440.8847265, 3.3051912456, 1179.9188878, 
Chromsome [3]: (734.866666667)4.73969157249, -54.6577497243, 88881.8378973, 22.8389855885, 1253.50872828, 
Chromsome [4]: (715.433333333)8.25099149152, -52.6650893887, 145273.247186, 23.6575502938, 2960.80948254, 
<------------ GEN 45--------------->
Chromsome [0]: (795.933333333)-19.1515466319, -29.2948903271, 109078.095334, 13.208886284, 1630.92741079, 
Chromsome [1]: (716.2)4.73969157249, -54.6577497243, 81419.6980219, 5.66668942312, 3116.82913422, 
Chromsome [2]: (716.2)4.73969157249, 68.8206920948, 69440.8847265, 3.3051912456, 1179.9188878, 
Chromsome [3]: (707.4)7.69992424566, 56.4752228876, 90098.5395133, 6.52367028631, 2846.26282874, 
Chromsome [4]: (705.8)8.25099149152, -52.6650893887, 145273.247186, 23.6575502938, 2960.80948254, 
<------------ GEN 46--------------->
Chromsome [0]: (811.3)-19.218094049, -84.9476254968, 144047.209345, 11.1158703862, 1285.45442841, 
Chromsome [1]: (811.3)-19.1515466319, -29.2948903271, 109078.095334, 13.208886284, 1630.92741079, 
Chromsome [2]: (712.9)4.73969157249, -54.6577497243, 81419.6980219, 11.8657169889, 1179.9188878, 
Chromsome [3]: (712.833333333)4.73969157249, 68.8206920948, 69440.8847265, 6.52367028631, 2629.01034363, 
Chromsome [4]: (708.4)0.523254290591, 80.2581699486, 108775.245665, 6.16219903758, 2523.41707455, 
<------------ GEN 47--------------->
Chromsome [0]: (810.4)-19.218094049, -84.9476254968, 144047.209345, 11.1158703862, 1285.45442841, 
Chromsome [1]: (710.9)7.69992424566, 56.4752228876, 89817.7969598, 3.3051912456, 1179.9188878, 
Chromsome [2]: (708.866666667)0.523254290591, 7.24292602624, 7049.91935647, 24.8007198158, 1346.3875371, 
Chromsome [3]: (708.833333333)0.523254290591, 80.2581699486, 108775.245665, 3.73876252776, 1946.87712977, 
Chromsome [4]: (708.833333333)0.523254290591, -64.0510566129, 67430.1382908, 17.5737342781, 1064.10442972, 
<------------ GEN 48--------------->
Chromsome [0]: (829.333333333)-19.218094049, -84.9476254968, 144047.209345, 11.1158703862, 1285.45442841, 
Chromsome [1]: (761.433333333)4.73969157249, -54.6577497243, 81419.6980219, 11.8657169889, 1179.9188878, 
Chromsome [2]: (756.566666667)0.523254290591, 80.2581699486, 27298.4552849, 13.208886284, 2590.86913228, 
Chromsome [3]: (756.566666667)0.523254290591, 80.2581699486, 108775.245665, 3.73876252776, 1946.87712977, 
Chromsome [4]: (756.566666667)0.523254290591, -64.0510566129, 67430.1382908, 17.5737342781, 1064.10442972, 
<------------ GEN 49--------------->
Chromsome [0]: (822.266666667)-19.218094049, -84.9476254968, 144047.209345, 11.1158703862, 1285.45442841, 
Chromsome [1]: (770.066666667)0.523254290591, 80.2581699486, 27298.4552849, 16.5436682104, 1064.10442972, 
Chromsome [2]: (770.066666667)0.523254290591, -64.0510566129, 67430.1382908, 17.5737342781, 2590.86913228, 
Chromsome [3]: (770.066666667)0.523254290591, 80.2581699486, 108775.245665, 3.73876252776, 1630.92741079, 
Chromsome [4]: (770.066666667)0.523254290591, 7.24292602624, 131582.37143, 15.2246745108, 2629.01034363, 
<------------ GEN 50--------------->
Chromsome [0]: (811.9)-19.218094049, -84.9476254968, 144047.209345, 11.1158703862, 1285.45442841, 
Chromsome [1]: (771.066666667)0.115897380413, 80.2581699486, 139610.492972, 3.73876252776, 1630.92741079, 
Chromsome [2]: (766.333333333)0.523254290591, 80.2581699486, 27298.4552849, 23.4542279753, 1427.53145003, 
Chromsome [3]: (766.333333333)0.523254290591, 7.24292602624, 168375.453575, 15.2246745108, -73.3128696686, 
Chromsome [4]: (766.333333333)0.523254290591, -71.678220954, 45425.2027503, 15.6482621558, 1753.8853661, 
<------------ GEN 51--------------->
Chromsome [0]: (815.766666667)-32.0579031966, 45.8936845386, 164047.964985, 0.539991450264, 2358.51936254, 
Chromsome [1]: (815.766666667)-19.218094049, -84.9476254968, 144047.209345, 11.1158703862, 1285.45442841, 
Chromsome [2]: (799.5)0.115897380413, 80.2581699486, 23663.5301047, 3.73876252776, 1630.92741079, 
Chromsome [3]: (774.733333333)0.523254290591, -71.678220954, 13162.5839849, 15.6482621558, 1753.8853661, 
Chromsome [4]: (774.733333333)0.523254290591, 80.2581699486, 5364.37165281, 23.4542279753, -717.423274118, 
<------------ GEN 52--------------->
Chromsome [0]: (836.033333333)-28.7511107253, -44.3846060496, 103146.636668, 10.0541759566, 2087.57593448, 
Chromsome [1]: (836.033333333)-32.0579031966, 45.8936845386, 164047.964985, 0.539991450264, 2358.51936254, 
Chromsome [2]: (811.866666667)0.115897380413, -153.263908918, 24580.9471511, 10.0143422001, 2408.15228705, 
Chromsome [3]: (794.4)0.523254290591, 40.0251050524, 5364.37165281, 23.4542279753, 1044.50631852, 
Chromsome [4]: (794.233333333)0.523254290591, 14.2363226099, 5364.37165281, 23.4542279753, 2276.47026747, 
<------------ GEN 53--------------->
Chromsome [0]: (815.133333333)-28.7511107253, -44.3846060496, 103146.636668, 10.0541759566, 2087.57593448, 
Chromsome [1]: (770.9)0.115897380413, -26.7360910819, 144047.209345, 15.7126293152, 1290.66132666, 
Chromsome [2]: (769.266666667)0.523254290591, 40.0251050524, 5364.37165281, 23.4542279753, 2276.47026747, 
Chromsome [3]: (769.066666667)0.523254290591, -71.678220954, 117936.730632, 27.7033535397, 2812.71509296, 
Chromsome [4]: (769.066666667)0.523254290591, 22.9521273792, 49094.4467534, 10.0541759566, 2000.48240356, 
<------------ GEN 54--------------->
Chromsome [0]: (824.1)-28.7511107253, -44.3846060496, 103146.636668, 10.0541759566, 2087.57593448, 
Chromsome [1]: (790.7)0.523254290591, 40.0251050524, 23663.5301047, 3.01554739632, 784.574234247, 
Chromsome [2]: (790.333333333)0.115897380413, 51.4237782179, 144047.209345, 15.7126293152, 3204.33022536, 
Chromsome [3]: (781.4)0.523254290591, -9.2833347506, 117936.730632, 10.0541759566, 2000.48240356, 
Chromsome [4]: (781.4)0.523254290591, 22.9521273792, 191297.868708, 27.7033535397, 2812.71509296, 
<------------ GEN 55--------------->
Chromsome [0]: (819.133333333)-28.7511107253, -44.3846060496, 103146.636668, 10.0541759566, 2087.57593448, 
Chromsome [1]: (785.2)0.523254290591, 40.0251050524, 23663.5301047, 3.01554739632, 784.574234247, 
Chromsome [2]: (781.633333333)0.115897380413, 51.4237782179, 144047.209345, 15.7126293152, 4045.54051261, 
Chromsome [3]: (775.9)0.523254290591, 45.8936845386, 119642.262965, 7.19474173024, 2775.10319054, 
Chromsome [4]: (775.9)0.523254290591, -63.2904977743, 50545.2752202, 12.4257358032, 2812.71509296, 
<------------ GEN 56--------------->
Chromsome [0]: (816.866666667)-28.7511107253, -44.3846060496, 103146.636668, 10.0541759566, 2087.57593448, 
Chromsome [1]: (791.033333333)0.523254290591, 40.0251050524, 23663.5301047, 3.01554739632, 784.574234247, 
Chromsome [2]: (782.833333333)0.115897380413, 51.4237782179, 144047.209345, 15.7126293152, 1954.45948739, 
Chromsome [3]: (779.966666667)0.523254290591, -15.6122916921, 144047.209345, 21.260024187, 674.962662766, 
Chromsome [4]: (779.966666667)0.523254290591, 31.6258152298, 56823.8590036, -8.70086163461, 1832.96934444, 
<------------ GEN 57--------------->
Chromsome [0]: (784.233333333)-28.7511107253, -44.3846060496, 103146.636668, 10.0541759566, 2087.57593448, 
Chromsome [1]: (733.533333333)0.523254290591, -89.3652469262, 56823.8590036, 11.1158703862, 884.099432535, 
Chromsome [2]: (733.533333333)0.523254290591, 40.0251050524, 207798.710761, 3.01554739632, 784.574234247, 
Chromsome [3]: (733.533333333)0.523254290591, 31.6258152298, 56823.8590036, 8.70086163461, 1832.96934444, 
Chromsome [4]: (733.533333333)0.523254290591, 72.6866958661, 144047.209345, 21.260024187, 1442.00860336, 
<------------ GEN 58--------------->
Chromsome [0]: (821.633333333)-28.7511107253, -44.3846060496, 103146.636668, 10.0541759566, 2087.57593448, 
Chromsome [1]: (799.066666667)0.523254290591, 105.593402726, 56823.8590036, 11.1158703862, 1994.87444504, 
Chromsome [2]: (794.966666667)0.523254290591, 40.0251050524, 94175.3701005, 26.8985699729, 2775.10319054, 
Chromsome [3]: (794.966666667)0.523254290591, -89.3652469262, 115437.253644, 11.1158703862, 884.099432535, 
Chromsome [4]: (794.966666667)0.523254290591, 31.6258152298, 56823.8590036, 8.70086163461, 1832.96934444, 
<------------ GEN 59--------------->
Chromsome [0]: (826.0)-28.7511107253, -44.3846060496, 103146.636668, 10.0541759566, 2087.57593448, 
Chromsome [1]: (793.166666667)0.523254290591, 74.4065972736, 56823.8590036, 11.1158703862, 1994.87444504, 
Chromsome [2]: (793.166666667)0.523254290591, 72.8879360381, 144047.209345, 7.84703088057, 1442.00860336, 
Chromsome [3]: (793.166666667)0.523254290591, -89.3652469262, 115437.253644, 11.1158703862, 884.099432535, 
Chromsome [4]: (793.166666667)0.523254290591, 40.0251050524, 94175.3701005, 26.8985699729, 2273.36060439, 
<------------ GEN 60--------------->
Chromsome [0]: (818.566666667)-28.7511107253, -44.3846060496, 103146.636668, 10.0541759566, 2087.57593448, 
Chromsome [1]: (785.9)0.523254290591, -72.2910047671, 134207.253113, 7.41501439886, 2087.57593448, 
Chromsome [2]: (785.9)0.523254290591, -89.3652469262, 115437.253644, 11.1158703862, 884.099432535, 
Chromsome [3]: (785.9)0.523254290591, 40.0251050524, 94175.3701005, 26.8985699729, 2273.36060439, 
Chromsome [4]: (785.9)0.523254290591, 74.4065972736, 233145.369622, 10.8873454658, 1003.79198857, 
<------------ GEN 61--------------->
Chromsome [0]: (820.6)-28.7511107253, -44.3846060496, 103146.636668, 10.0541759566, 2087.57593448, 
Chromsome [1]: (787.9)0.523254290591, 72.8879360381, 144047.209345, 7.84703088057, 2273.36060439, 
Chromsome [2]: (787.9)0.523254290591, 29.9213823166, 102712.723826, 10.9982051374, 2325.21295403, 
Chromsome [3]: (787.9)0.523254290591, -82.8318950396, 67698.4083133, 12.4257358032, -342.439476487, 
Chromsome [4]: (787.9)0.523254290591, -63.2904977743, 50545.2752202, 0.765417056709, 2087.57593448, 
<------------ GEN 62--------------->
Chromsome [0]: (818.4)-28.7511107253, -44.3846060496, 103146.636668, 10.0541759566, 2087.57593448, 
Chromsome [1]: (765.466666667)0.523254290591, 29.9213823166, 100358.801626, 3.36964741211, 2325.21295403, 
Chromsome [2]: (765.366666667)0.523254290591, -63.2904977743, 126854.630378, 10.8873454658, 1003.79198857, 
Chromsome [3]: (765.366666667)0.523254290591, -72.7360447516, 115065.522701, 14.0136541386, 669.337585308, 
Chromsome [4]: (729.666666667)4.73969157249, -58.7943508168, 46706.3631882, 11.1158703862, 2087.57593448, 
<------------ GEN 63--------------->
Chromsome [0]: (819.566666667)-7.21932081714, 89.1444310613, 103146.636668, 10.0541759566, 2798.71641656, 
Chromsome [1]: (819.566666667)-28.7511107253, -44.3846060496, 103146.636668, 10.0541759566, 2087.57593448, 
Chromsome [2]: (757.2)0.523254290591, 32.735950246, 100358.801626, 3.36964741211, 2988.44949654, 
Chromsome [3]: (735.366666667)4.73969157249, -37.5485418963, -73988.2678698, 24.5367291146, 1832.96934444, 
Chromsome [4]: (705.1)4.73969157249, -58.7943508168, 46706.3631882, 46.2182184653, 2087.57593448, 
<------------ GEN 64--------------->
Chromsome [0]: (815.433333333)-78.1959404191, -11.1712402293, 57765.8882788, 26.8287365554, 2618.22096122, 
Chromsome [1]: (815.433333333)-7.21932081714, 89.1444310613, 103146.636668, 10.0541759566, 2798.71641656, 
Chromsome [2]: (754.1)0.523254290591, 32.735950246, 100358.801626, 3.36964741211, 2988.44949654, 
Chromsome [3]: (738.666666667)4.50851020563, -13.3074149127, -45375.2738034, 7.41501439886, 1294.09279343, 
Chromsome [4]: (732.533333333)4.73969157249, 74.2774166602, 150954.242295, 16.9769168052, 1044.50631852, 
<------------ GEN 65--------------->
Chromsome [0]: (810.6)-78.1959404191, -11.1712402293, 57765.8882788, 26.8287365554, 2618.22096122, 
Chromsome [1]: (757.633333333)0.523254290591, 18.2922390483, 100358.801626, 16.2174436545, 2988.44949654, 
Chromsome [2]: (727.5)4.73969157249, -58.7943508168, 46706.3631882, 24.801512914, 2775.10319054, 
Chromsome [3]: (727.5)4.73969157249, -58.7943508168, 46706.3631882, 13.7817815347, 2189.01388004, 
Chromsome [4]: (727.5)4.73969157249, -83.2538521522, 150954.242295, 10.8873454658, 1003.79198857, 
<------------ GEN 66--------------->
Chromsome [0]: (815.6)-78.1959404191, -11.1712402293, 57765.8882788, 26.8287365554, 2618.22096122, 
Chromsome [1]: (773.066666667)0.523254290591, 18.2922390483, 100358.801626, 16.2174436545, 1832.96934444, 
Chromsome [2]: (717.133333333)4.73969157249, -58.7943508168, 46706.3631882, 13.7817815347, 2189.01388004, 
Chromsome [3]: (717.133333333)4.73969157249, -58.7943508168, 46706.3631882, 24.801512914, 2775.10319054, 
Chromsome [4]: (716.566666667)4.73969157249, -83.2538521522, 150954.242295, 10.8873454658, 1003.79198857, 
<------------ GEN 67--------------->
Chromsome [0]: (826.0)-78.1959404191, -11.1712402293, 57765.8882788, 26.8287365554, 2618.22096122, 
Chromsome [1]: (786.533333333)0.523254290591, 18.2922390483, 100358.801626, 16.2174436545, 1832.96934444, 
Chromsome [2]: (735.5)4.73969157249, -83.2538521522, 150954.242295, 10.8873454658, 2087.57593448, 
Chromsome [3]: (735.5)4.73969157249, -58.7943508168, 103146.636668, 10.0541759566, 953.924646878, 
Chromsome [4]: (735.5)4.73969157249, -58.7943508168, 46706.3631882, 24.801512914, 2775.10319054, 
<------------ GEN 68--------------->
Chromsome [0]: (797.4)-78.1959404191, -11.1712402293, 57765.8882788, 26.8287365554, 2618.22096122, 
Chromsome [1]: (737.433333333)0.433101097674, -58.7943508168, 46706.3631882, 24.801512914, 2775.10319054, 
Chromsome [2]: (737.2)0.523254290591, 18.2922390483, 100358.801626, 16.2174436545, 1832.96934444, 
Chromsome [3]: (732.633333333)0.883742508624, -27.555475369, 152008.642038, 14.2024573411, 2775.10319054, 
Chromsome [4]: (698.333333333)4.73969157249, -58.7943508168, 103146.636668, 10.0541759566, 2754.94881862, 
<------------ GEN 69--------------->
Chromsome [0]: (785.766666667)-78.1959404191, -11.1712402293, 57765.8882788, 26.8287365554, 2618.22096122, 
Chromsome [1]: (717.533333333)4.73969157249, -58.7943508168, 103146.636668, -4.00117616799, 2754.94881862, 
Chromsome [2]: (706.133333333)4.85457958409, 78.0707067228, 100358.801626, 16.2174436545, -1318.62582329, 
Chromsome [3]: (686.366666667)5.89545441692, 44.9881000006, 98719.9213491, 14.2024573411, 1085.41860638, 
Chromsome [4]: (684.266666667)3.75191149969, 4.96874880295, 46706.3631882, 24.801512914, 1044.50631852, 
<------------ GEN 70--------------->
Chromsome [0]: (800.766666667)-51.8962215511, -58.7943508168, 18238.3872792, 24.7464054419, 1740.96416056, 
Chromsome [1]: (800.766666667)-78.1959404191, -11.1712402293, 57765.8882788, 26.8287365554, 2618.22096122, 
Chromsome [2]: (731.6)4.73969157249, -58.7943508168, 103146.636668, 24.2282259876, -754.664066291, 
Chromsome [3]: (731.6)4.73969157249, -58.7943508168, 477844.123101, 18.4106047813, 1294.09279343, 
Chromsome [4]: (719.733333333)4.85457958409, -49.1378158269, 76310.9980343, 10.8873454658, 2087.57593448, 
<------------ GEN 71--------------->
Chromsome [0]: (802.533333333)-51.8962215511, -58.7943508168, 18238.3872792, 24.7464054419, 1740.96416056, 
Chromsome [1]: (731.933333333)4.73969157249, -58.7943508168, 16023.9169859, 21.2210360209, 2905.75608814, 
Chromsome [2]: (728.6)4.73969157249, -58.7943508168, 112830.090009, 18.4106047813, 1294.09279343, 
Chromsome [3]: (722.466666667)12.6026682325, 38.8955766089, -63809.0466965, 17.5046355755, 2798.71641656, 
Chromsome [4]: (716.966666667)4.79694333057, 89.1444310613, 108280.843416, 14.2979798583, 1669.59627742, 
<------------ GEN 72--------------->
Chromsome [0]: (815.5)-51.8962215511, -58.7943508168, 18238.3872792, 24.7464054419, 1740.96416056, 
Chromsome [1]: (721.333333333)4.73969157249, -58.7943508168, 18238.3872792, 24.7464054419, 3183.49740763, 
Chromsome [2]: (721.333333333)4.73969157249, -58.7943508168, 18238.3872792, 24.7464054419, 1740.96416056, 
Chromsome [3]: (705.233333333)4.79694333057, 89.1444310613, 98719.9213491, 26.8287365554, 2742.98712611, 
Chromsome [4]: (703.0)4.85457958409, -53.15744883, 103146.636668, 4.00117616799, 2991.43707082, 
<------------ GEN 73--------------->
Chromsome [0]: (803.533333333)-11.5621305729, 18.2922390483, 112830.090009, 17.7602689228, 879.848149818, 
Chromsome [1]: (803.533333333)-51.8962215511, -58.7943508168, 18238.3872792, 24.7464054419, 1740.96416056, 
Chromsome [2]: (691.266666667)4.73969157249, -58.7943508168, 76310.9980343, 10.8873454658, 1161.04229429, 
Chromsome [3]: (691.266666667)4.73969157249, -58.7943508168, 87950.326442, 7.52188838939, 1436.28460533, 
Chromsome [4]: (684.0)4.82492259663, -53.6981177396, 57765.8882788, 12.5903330163, 932.315480014, 
<------------ GEN 74--------------->
Chromsome [0]: (807.2)-11.5621305729, 18.2922390483, 112830.090009, 17.7602689228, 879.848149818, 
Chromsome [1]: (731.766666667)4.73969157249, -473.387806472, 87950.326442, 18.902447025, 788.15104908, 
Chromsome [2]: (731.766666667)4.73969157249, -58.7943508168, 82449.7733203, 24.2282259876, 953.924646878, 
Chromsome [3]: (723.6)5.84452403657, 83.5887381489, 18238.3872792, 24.7464054419, 781.775992753, 
Chromsome [4]: (720.066666667)4.85457958409, -53.15744883, 147611.770676, 4.00117616799, -1096.84298516, 
<------------ GEN 75--------------->
Chromsome [0]: (809.966666667)-11.5621305729, 18.2922390483, 112830.090009, 17.7602689228, 879.848149818, 
Chromsome [1]: (753.233333333)4.73969157249, 72.3760238114, -76929.8453081, 18.902447025, 788.15104908, 
Chromsome [2]: (743.733333333)4.73969157249, -85.9541292244, 82449.7733203, 12.5903330163, 2179.35273588, 
Chromsome [3]: (743.533333333)4.73969157249, 293.387806472, 147611.770676, 4.00117616799, 2096.84298516, 
Chromsome [4]: (735.633333333)5.84452403657, 83.5887381489, 18238.3872792, 24.7464054419, 781.775992753, 
<------------ GEN 76--------------->
Chromsome [0]: (795.833333333)-11.5621305729, 18.2922390483, 112830.090009, 17.7602689228, 879.848149818, 
Chromsome [1]: (717.866666667)4.73969157249, 72.3760238114, 76929.8453081, 18.902447025, 2377.26177566, 
Chromsome [2]: (717.366666667)4.73969157249, -85.9541292244, 57765.8882788, 27.3723002819, 2775.75438412, 
Chromsome [3]: (717.366666667)4.73969157249, -113.387806472, 112830.090009, 17.7602689228, 879.848149818, 
Chromsome [4]: (709.966666667)4.85457958409, -213.071671381, 127906.386695, 22.1220737767, 1161.04229429, 
<------------ GEN 77--------------->
Chromsome [0]: (809.366666667)-11.5621305729, 18.2922390483, 112830.090009, 17.7602689228, 879.848149818, 
Chromsome [1]: (716.6)4.73969157249, -66.6121935281, 95721.0470893, 17.7602689228, 879.848149818, 
Chromsome [2]: (716.6)4.73969157249, -85.9541292244, 111977.529637, 2.35406284799, 2781.85911041, 
Chromsome [3]: (709.5)4.85457958409, -85.2739163254, 87950.326442, 18.902447025, 788.15104908, 
Chromsome [4]: (700.133333333)2.98953522641, -11.1712402293, 133156.370285, 16.9778053368, 685.644599981, 
<------------ GEN 78--------------->
Chromsome [0]: (823.9)-10.2599559363, -53.15744883, 139749.453692, 17.7602689228, 879.848149818, 
Chromsome [1]: (823.9)-18.7093964963, -6.19443000953, 111977.529637, 2.35406284799, 2781.85911041, 
Chromsome [2]: (823.9)-150.608457639, -12.0386316614, 112830.090009, 17.7602689228, 1603.14270577, 
Chromsome [3]: (823.9)-11.5621305729, 18.2922390483, 112830.090009, 17.7602689228, 879.848149818, 
Chromsome [4]: (753.133333333)4.73969157249, -85.9541292244, 45871.5922302, 4.00117616799, 2991.43707082, 
<------------ GEN 79--------------->
Chromsome [0]: (814.133333333)-25.6140649251, -18.2522035525, 92610.319277, 29.2814612553, 1912.49083164, 
Chromsome [1]: (814.133333333)-10.2599559363, -53.15744883, 139749.453692, 17.7602689228, 879.848149818, 
Chromsome [2]: (772.233333333)3.21364111212, -252.301083778, 75101.3138685, 15.6824039563, 781.775992753, 
Chromsome [3]: (757.833333333)2.98953522641, -28.3705663501, 27051.5059869, 4.07554358546, 2840.67545968, 
Chromsome [4]: (756.1)3.21364111212, 62.9156083687, 57765.8882788, 0.852189083974, 612.904738275, 
<------------ GEN 80--------------->
Chromsome [0]: (814.966666667)-25.6140649251, -18.2522035525, 92610.319277, 29.2814612553, 1912.49083164, 
Chromsome [1]: (774.7)2.98953522641, 18.7869398127, 27051.5059869, 4.07554358546, 2781.85911041, 
Chromsome [2]: (773.933333333)3.21364111212, 72.3010837784, 75101.3138685, 15.6824039563, 543.829661806, 
Chromsome [3]: (773.833333333)3.21364111212, 62.9156083687, 57765.8882788, 0.852189083974, 796.139637789, 
Chromsome [4]: (767.3)3.21364111212, -64.3189402825, 111977.529637, 7.16366889976, 494.807091371, 
<------------ GEN 81--------------->
Chromsome [0]: (819.966666667)-25.6140649251, -18.2522035525, 92610.319277, 29.2814612553, 1912.49083164, 
Chromsome [1]: (772.966666667)2.98953522641, -5.60671023482, 27051.5059869, 4.07554358546, 2795.85171744, 
Chromsome [2]: (770.866666667)3.21364111212, 62.9156083687, -66656.055233, 0.852189083974, 673.793303332, 
Chromsome [3]: (760.733333333)3.21364111212, -64.3189402825, 24969.302877, 7.16366889976, 2334.63306112, 
Chromsome [4]: (760.633333333)3.08514208447, -18.2522035525, 24401.1910452, 29.2814612553, 2974.33298366, 
<------------ GEN 82--------------->
Chromsome [0]: (833.2)-25.6140649251, -18.2522035525, 92610.319277, 29.2814612553, 1912.49083164, 
Chromsome [1]: (756.9)3.08514208447, 77.8823840117, 29711.7723652, 29.2814612553, 2023.10713289, 
Chromsome [2]: (756.8)3.21364111212, 62.9156083687, 156785.923192, 0.852189083974, 673.793303332, 
Chromsome [3]: (753.2)2.98953522641, -5.60671023482, 27051.5059869, 4.07554358546, 764.668076258, 
Chromsome [4]: (750.433333333)3.21364111212, -64.3189402825, 24969.302877, 7.16366889976, 2334.63306112, 
<------------ GEN 83--------------->
Chromsome [0]: (810.233333333)-74.2055152759, -13.0264529724, 159945.80316, 29.2814612553, 2643.17032084, 
Chromsome [1]: (810.233333333)-25.6140649251, -18.2522035525, 92610.319277, 29.2814612553, 1912.49083164, 
Chromsome [2]: (779.6)1.55815080434, 18.2922390483, 120883.960368, 9.68036993101, 543.81329615, 
Chromsome [3]: (727.733333333)3.08514208447, 77.8823840117, 165770.982253, 13.9924855339, 879.848149818, 
Chromsome [4]: (727.733333333)3.08514208447, 77.8823840117, 133233.932143, 29.2814612553, 2974.33298366, 
<------------ GEN 84--------------->
Chromsome [0]: (829.333333333)-74.2055152759, -13.0264529724, 159945.80316, 29.2814612553, 2643.17032084, 
Chromsome [1]: (826.233333333)1.55815080434, 18.2922390483, 120883.960368, 9.68036993101, 543.81329615, 
Chromsome [2]: (763.5)3.08514208447, -3.40973626569, 24401.1910452, 20.4675598806, 2851.11036642, 
Chromsome [3]: (758.433333333)3.08514208447, 77.8823840117, 45871.5922302, 29.2814612553, 1299.33620411, 
Chromsome [4]: (755.5)3.08514208447, 15.3482785659, 66002.0642103, 19.8347717511, 1172.70699401, 
<------------ GEN 85--------------->
Chromsome [0]: (825.533333333)-4.96632437501, 52.2258600128, 241.752922467, 7.16366889976, 2334.63306112, 
Chromsome [1]: (825.533333333)-12.4820254997, -13.0264529724, 10977.255046, 22.1220737767, 531.649494301, 
Chromsome [2]: (825.533333333)-74.2055152759, -13.0264529724, 159945.80316, 29.2814612553, 2643.17032084, 
Chromsome [3]: (822.433333333)1.55815080434, 18.2922390483, 120883.960368, 9.68036993101, 543.81329615, 
Chromsome [4]: (785.933333333)3.08514208447, -3.40973626569, 24401.1910452, 20.4675598806, 2851.11036642, 
<------------ GEN 86--------------->
Chromsome [0]: (841.8)-4.96632437501, 52.2258600128, 241.752922467, 7.16366889976, 2334.63306112, 
Chromsome [1]: (838.7)1.55815080434, 54.8165019902, 120883.960368, 9.68036993101, 2643.17032084, 
Chromsome [2]: (781.366666667)3.08514208447, -13.0264529724, 24401.1910452, 9.85349559069, 500.473685134, 
Chromsome [3]: (780.866666667)3.08514208447, 77.8823840117, 45871.5922302, 29.2814612553, 2334.63306112, 
Chromsome [4]: (772.433333333)3.08514208447, -3.40973626569, 159945.80316, 29.2814612553, 2643.17032084, 
<------------ GEN 87--------------->
Chromsome [0]: (827.866666667)-4.96632437501, 52.2258600128, 241.752922467, 7.16366889976, 2334.63306112, 
Chromsome [1]: (825.966666667)1.55815080434, -171.0235339, 120883.960368, 9.68036993101, 2974.33298366, 
Chromsome [2]: (764.4)3.08514208447, -30.4868691974, 45871.5922302, -17.7121838018, 2983.13019844, 
Chromsome [3]: (754.5)3.08514208447, -27.1431675003, 165332.811226, 13.9924855339, 2707.1236209, 
Chromsome [4]: (754.366666667)3.08514208447, -23.1330997787, 481779.889491, 0.438544119426, 1051.75815142, 
<------------ GEN 88--------------->
Chromsome [0]: (824.5)-4.96632437501, 52.2258600128, 241.752922467, 7.16366889976, 2334.63306112, 
Chromsome [1]: (810.766666667)1.55815080434, -8.9764661005, 120883.960368, 17.7121838018, 2983.13019844, 
Chromsome [2]: (789.633333333)3.08514208447, -30.4868691974, 241.752922467, 7.16366889976, 1319.66383892, 
Chromsome [3]: (788.533333333)3.08514208447, -23.1330997787, -121779.889491, 0.438544119426, 1051.75815142, 
Chromsome [4]: (761.633333333)3.08514208447, -30.4868691974, 45871.5922302, 9.68036993101, 2974.33298366, 
<------------ GEN 89--------------->
Chromsome [0]: (828.6)-4.96632437501, 52.2258600128, 241.752922467, 7.16366889976, 2334.63306112, 
Chromsome [1]: (825.5)1.55815080434, 54.7558835642, 137681.754109, 3.2072043214, 500.473685134, 
Chromsome [2]: (784.266666667)3.08514208447, 52.2258600128, 45739.7042435, 7.16366889976, 2334.63306112, 
Chromsome [3]: (781.466666667)3.08514208447, -30.4868691974, 45871.5922302, 9.68036993101, -1070.44044042, 
Chromsome [4]: (776.166666667)5.16632437501, 52.2258600128, 241.752922467, 7.16366889976, 2334.63306112, 
<------------ GEN 90--------------->
Chromsome [0]: (795.533333333)-4.96632437501, 52.2258600128, 241.752922467, 7.16366889976, 2334.63306112, 
Chromsome [1]: (778.666666667)1.55815080434, -13.0264529724, 109943.84318, -12.097782034, 2846.77826701, 
Chromsome [2]: (778.666666667)1.55815080434, -62.1928284822, 132102.044105, 4.45811431151, 2906.25476113, 
Chromsome [3]: (759.333333333)3.08514208447, 87.6717321879, 241.752922467, 29.7483697394, 940.573343341, 
Chromsome [4]: (721.233333333)4.85457958409, 54.7558835642, 137681.754109, 3.2072043214, 2430.45689459, 
<------------ GEN 91--------------->
Chromsome [0]: (825.066666667)-4.96632437501, 52.2258600128, 241.752922467, 7.16366889976, 2334.63306112, 
Chromsome [1]: (821.966666667)1.55815080434, -62.1928284822, 132102.044105, 4.45811431151, 2906.25476113, 
Chromsome [2]: (821.966666667)1.55815080434, -13.0264529724, 44684.0236036, 12.097782034, 2334.63306112, 
Chromsome [3]: (780.8)3.08514208447, 87.6717321879, 241.752922467, 15.7783719287, 1506.74340792, 
Chromsome [4]: (780.8)3.08514208447, 87.6717321879, 241.752922467, 29.7483697394, 513.045679213, 
<------------ GEN 92--------------->
Chromsome [0]: (814.433333333)-4.96632437501, 52.2258600128, 241.752922467, 7.16366889976, 2334.63306112, 
Chromsome [1]: (787.3)1.55815080434, -62.1928284822, 132102.044105, 4.45811431151, 2906.25476113, 
Chromsome [2]: (787.3)1.55815080434, -13.0264529724, 44684.0236036, 12.097782034, 2334.63306112, 
Chromsome [3]: (778.533333333)3.08514208447, 87.6717321879, 241.752922467, 9.39449275539, 513.045679213, 
Chromsome [4]: (778.533333333)3.08514208447, 87.6717321879, 241.752922467, 7.94873543523, 1506.74340792, 
<------------ GEN 93--------------->
Chromsome [0]: (816.533333333)-88.6164356938, -69.6787424175, 24401.1910452, 8.09360827132, 2334.63306112, 
Chromsome [1]: (816.533333333)-11.9496341922, -45.4263666832, 37749.7172229, 17.7121838018, 2983.13019844, 
Chromsome [2]: (816.533333333)-4.96632437501, 52.2258600128, 241.752922467, 7.16366889976, 2334.63306112, 
Chromsome [3]: (789.9)1.55815080434, 32.6097888496, 74811.134511, 16.5840142657, 2887.23867183, 
Chromsome [4]: (789.9)1.55815080434, -13.0264529724, 44684.0236036, 12.097782034, 2334.63306112, 
<------------ GEN 94--------------->
Chromsome [0]: (806.733333333)-90.4206911559, -43.5213240913, 241.752922467, 7.16366889976, 2983.13019844, 
Chromsome [1]: (806.733333333)-88.6164356938, -69.6787424175, 24401.1910452, 8.09360827132, 2334.63306112, 
Chromsome [2]: (773.1)1.76526985998, -72.5543368982, 331.78954535, 13.3453046405, 2887.23867183, 
Chromsome [3]: (773.1)1.55815080434, -13.0264529724, 45739.7042435, 7.16366889976, 2334.63306112, 
Chromsome [4]: (773.1)1.55815080434, 32.6097888496, 74811.134511, 16.5840142657, 2887.23867183, 
<------------ GEN 95--------------->
Chromsome [0]: (819.866666667)-90.4206911559, -43.5213240913, 241.752922467, 7.16366889976, 2983.13019844, 
Chromsome [1]: (764.333333333)1.55815080434, -13.0264529724, 45739.7042435, 4.05251641395, 2334.63306112, 
Chromsome [2]: (764.333333333)1.55815080434, -13.0264529724, 45739.7042435, 11.4009644922, 1212.3576329, 
Chromsome [3]: (764.333333333)1.55815080434, -42.7568691377, 52834.5108941, 19.5464060366, -234.858975011, 
Chromsome [4]: (764.3)1.76526985998, -60.1278779115, 331.78954535, 8.09360827132, 940.573343341, 
<------------ GEN 96--------------->
Chromsome [0]: (811.4)-90.4206911559, -43.5213240913, 241.752922467, 7.16366889976, 2983.13019844, 
Chromsome [1]: (757.2)1.55815080434, -13.0264529724, 362332.467565, 7.94873543523, 728.822309018, 
Chromsome [2]: (757.2)1.55815080434, -265.492543093, 45739.7042435, 24.7224903578, 2334.63306112, 
Chromsome [3]: (757.2)1.55815080434, -42.7568691377, 52834.5108941, 11.9516803219, 1212.3576329, 
Chromsome [4]: (757.2)1.55815080434, -13.0264529724, 45739.7042435, 19.5464060366, 1234.85897501, 
<------------ GEN 97--------------->
Chromsome [0]: (800.033333333)-90.4206911559, -43.5213240913, 241.752922467, 7.16366889976, 2983.13019844, 
Chromsome [1]: (746.033333333)1.55815080434, -8.46342526621, 52834.5108941, 39.771817631, 210.528571486, 
Chromsome [2]: (745.833333333)1.55815080434, -13.0264529724, 45739.7042435, 19.5464060366, 1234.85897501, 
Chromsome [3]: (745.833333333)1.55815080434, -13.0264529724, 51852.5452518, 17.24491921, 2321.14611611, 
Chromsome [4]: (745.833333333)1.55815080434, 65.9833568306, 19845.1296223, 13.0752444485, 1506.74340792, 
<------------ GEN 98--------------->
Chromsome [0]: (811.833333333)-90.4206911559, -43.5213240913, 241.752922467, 7.16366889976, 2983.13019844, 
Chromsome [1]: (768.3)1.55815080434, -43.5213240913, 241.752922467, 7.16366889976, 2983.13019844, 
Chromsome [2]: (767.966666667)1.55815080434, -8.46342526621, 52834.5108941, 1.73011325557, 1724.6844191, 
Chromsome [3]: (767.8)1.55815080434, -13.0264529724, 54226.2392775, 17.24491921, 2321.14611611, 
Chromsome [4]: (767.8)1.55815080434, -13.0264529724, 45739.7042435, 19.5464060366, 1234.85897501, 
<------------ GEN 99--------------->
Chromsome [0]: (819.9)-90.4206911559, -43.5213240913, 241.752922467, 7.16366889976, 2983.13019844, 
Chromsome [1]: (778.166666667)1.55815080434, -8.46342526621, 173371.853781, 11.4814561743, -1461.48357254, 
Chromsome [2]: (778.0)1.55815080434, -13.0264529724, 54226.2392775, 16.703098498, 2335.87752682, 
Chromsome [3]: (778.0)1.55815080434, -30.5095921255, 19845.1296223, 16.5840142657, 2406.7162863, 
Chromsome [4]: (778.0)1.76526985998, -31.6220065727, 241.752922467, 7.16366889976, 2983.13019844, 
<------------ GEN 100--------------->
Chromsome [0]: (796.433333333)-90.4206911559, -43.5213240913, 241.752922467, 7.16366889976, 2983.13019844, 
Chromsome [1]: (756.666666667)1.55815080434, -70.4248962365, 241.752922467, 7.16366889976, 2983.13019844, 
Chromsome [2]: (756.633333333)1.55815080434, -8.46342526621, 173371.853781, 22.1722747587, 2301.14455588, 
Chromsome [3]: (756.166666667)1.55815080434, -30.5095921255, 173371.853781, 11.4814561743, 3244.55651924, 
Chromsome [4]: (755.3)1.55815080434, -43.5213240913, 11981.8568022, 7.94873543523, 924.177036559, 
