<------------ GEN 1--------------->
Chromsome [0]: (822.666666667)0.32284006532, 16.5056568306, 36717.5888371, 0.222416035751, 2909.7429873, 
Chromsome [1]: (812.066666667)1.67883751512, 83.3699746343, 120192.197114, 13.135220992, 2626.18217167, 
Chromsome [2]: (801.7)3.15933526479, -72.6001206006, 65277.901006, 6.58815763891, 2524.5718285, 
Chromsome [3]: (800.0)5.78582351075, -21.7060388838, 7028.49738543, 8.27337995645, 1183.39183858, 
Chromsome [4]: (786.233333333)7.83228089789, 43.8331316931, 55383.7477145, 11.6151229629, 2965.89357421, 
<------------ GEN 2--------------->
Chromsome [0]: (807.666666667)-87.9006671763, -14.2610619692, 1603.97695093, 13.135220992, 2626.18217167, 
Chromsome [1]: (799.433333333)0.32284006532, 16.5056568306, 36717.5888371, 0.222416035751, 2889.13988241, 
Chromsome [2]: (799.433333333)0.32284006532, 16.5056568306, 36717.5888371, 0.222416035751, 2909.7429873, 
Chromsome [3]: (797.266666667)0.32284006532, 16.5056568306, 36717.5888371, 10.404844803, 2524.5718285, 
Chromsome [4]: (773.266666667)1.67883751512, 83.3699746343, 120192.197114, 9.26984017583, 1580.74207776, 
<------------ GEN 3--------------->
Chromsome [0]: (816.0)-87.9006671763, -14.2610619692, 1603.97695093, 13.135220992, 2626.18217167, 
Chromsome [1]: (784.766666667)0.32284006532, 16.5056568306, 31980.0325304, 8.27337995645, 2952.0678219, 
Chromsome [2]: (782.7)0.32284006532, 69.8568442388, 36717.5888371, 15.3764466387, 1580.74207776, 
Chromsome [3]: (770.8)1.67883751512, 83.3699746343, 156840.150429, 0.222416035751, 2889.13988241, 
Chromsome [4]: (762.133333333)5.78582351075, -21.7060388838, 36717.5888371, 10.404844803, 2524.5718285, 
<------------ GEN 4--------------->
Chromsome [0]: (804.8)-41.7635905589, 54.6233406333, 31980.0325304, 8.27337995645, 2952.0678219, 
Chromsome [1]: (804.8)-87.9006671763, -14.2610619692, 1603.97695093, 13.135220992, 2626.18217167, 
Chromsome [2]: (792.833333333)0.32284006532, 69.8568442388, 36717.5888371, 15.3764466387, 1580.74207776, 
Chromsome [3]: (791.933333333)0.32284006532, 16.5056568306, 144464.378094, 6.36254636548, 2377.05071313, 
Chromsome [4]: (791.933333333)0.32284006532, 16.5056568306, 267531.312495, 8.27337995645, 707.957348006, 
<------------ GEN 5--------------->
Chromsome [0]: (800.133333333)-41.7635905589, 54.6233406333, 31980.0325304, 8.27337995645, 2952.0678219, 
Chromsome [1]: (775.766666667)0.32284006532, 64.8097773407, 36717.5888371, 15.3764466387, 1580.74207776, 
Chromsome [2]: (773.833333333)0.32284006532, 49.7458247165, 129962.439377, 16.385510687, 1240.35676959, 
Chromsome [3]: (737.6)1.67883751512, 83.3699746343, 146714.572931, 21.9620594084, 2302.50605091, 
Chromsome [4]: (735.766666667)2.59614253973, -7.84157937453, 92468.6875054, 23.927303088, 707.957348006, 
<------------ GEN 6--------------->
Chromsome [0]: (799.566666667)-27.8982761858, -230.854199894, 36717.5888371, 44.6534640239, 328.343288891, 
Chromsome [1]: (799.566666667)-41.7635905589, 54.6233406333, 31980.0325304, 8.27337995645, 2952.0678219, 
Chromsome [2]: (786.666666667)0.32284006532, -58.4846494314, 129962.439377, 16.385510687, 1240.35676959, 
Chromsome [3]: (786.666666667)0.32284006532, -14.2610619692, 147387.867094, 5.30023411785, 1471.05281104, 
Chromsome [4]: (743.366666667)2.59614253973, -7.84157937453, 92468.6875054, 23.927303088, 707.957348006, 
<------------ GEN 7--------------->
Chromsome [0]: (808.9)-27.8982761858, -230.854199894, 36717.5888371, 44.6534640239, 328.343288891, 
Chromsome [1]: (796.033333333)0.32284006532, 31.6223356371, 121299.403359, 16.385510687, 849.428597255, 
Chromsome [2]: (796.033333333)0.32284006532, 28.8103390882, 147387.867094, 13.135220992, 785.721774662, 
Chromsome [3]: (796.0)0.32284006532, -58.4846494314, 129962.439377, 16.385510687, 1240.35676959, 
Chromsome [4]: (759.966666667)2.59614253973, -7.84157937453, 92468.6875054, 23.927303088, 2952.0678219, 
<------------ GEN 8--------------->
Chromsome [0]: (779.4)-27.8982761858, -230.854199894, 36717.5888371, 44.6534640239, 328.343288891, 
Chromsome [1]: (744.433333333)0.32284006532, 31.6223356371, 121299.403359, 16.385510687, 2889.13988241, 
Chromsome [2]: (744.433333333)0.32284006532, 28.8103390882, 147387.867094, -9.75393824079, 785.721774662, 
Chromsome [3]: (740.233333333)0.32284006532, -58.4846494314, 129962.439377, 16.385510687, 1240.35676959, 
Chromsome [4]: (707.233333333)3.15933526479, -7.84157937453, 92468.6875054, 23.927303088, 1963.10310205, 
<------------ GEN 9--------------->
Chromsome [0]: (800.0)-27.8982761858, -230.854199894, 36717.5888371, 44.6534640239, 328.343288891, 
Chromsome [1]: (759.3)0.32284006532, 16.1050655175, 109684.932562, 0.222416035751, 1255.83993031, 
Chromsome [2]: (755.233333333)0.32284006532, -7.84157937453, 92468.6875054, 23.927303088, 1963.10310205, 
Chromsome [3]: (755.2)0.32284006532, -27.6485067702, 120839.705428, 17.3059554318, 2377.05071313, 
Chromsome [4]: (722.466666667)3.15933526479, 49.7922515316, 26480.0755794, 16.385510687, 1208.59040429, 
<------------ GEN 10--------------->
Chromsome [0]: (791.0)-27.8982761858, -230.854199894, 36717.5888371, 44.6534640239, 328.343288891, 
Chromsome [1]: (756.566666667)0.32284006532, 16.1050655175, 141296.610538, 32.242165953, 1255.83993031, 
Chromsome [2]: (752.333333333)0.32284006532, -7.84157937453, 92468.6875054, 23.927303088, 2548.46221461, 
Chromsome [3]: (747.5)0.32284006532, -32.6117264678, 36717.5888371, 15.3465359761, 808.656199137, 
Chromsome [4]: (712.266666667)3.15933526479, 49.7922515316, 26480.0755794, 16.385510687, 1208.59040429, 
<------------ GEN 11--------------->
Chromsome [0]: (819.566666667)-74.5600733237, -7.84157937453, 151650.856734, 3.28659712671, 1507.68437667, 
Chromsome [1]: (819.566666667)-27.8982761858, -230.854199894, 36717.5888371, 44.6534640239, 328.343288891, 
Chromsome [2]: (784.4)0.32284006532, 16.1050655175, 141296.610538, 15.3465359761, 671.656711109, 
Chromsome [3]: (780.7)0.32284006532, -32.6117264678, 36717.5888371, 15.3465359761, 808.656199137, 
Chromsome [4]: (778.066666667)0.32284006532, -7.84157937453, 92468.6875054, 23.927303088, 2548.46221461, 
<------------ GEN 12--------------->
Chromsome [0]: (831.6)-204.741479198, -21.7060388838, 18076.3881194, 5.80490983835, 586.260864649, 
Chromsome [1]: (831.6)-74.5600733237, -7.84157937453, 151650.856734, 3.28659712671, 1507.68437667, 
Chromsome [2]: (802.833333333)0.32284006532, 80.2860740675, 102628.727149, 28.4706342658, 1616.5000854, 
Chromsome [3]: (799.0)0.32284006532, -32.6117264678, 33799.9490672, 24.545084635, 808.656199137, 
Chromsome [4]: (767.433333333)3.15933526479, 59.2492615423, 26480.0755794, 6.96307269837, 1208.59040429, 
<------------ GEN 13--------------->
Chromsome [0]: (824.433333333)-5.26977991986, -82.4195354915, 175624.348354, 27.061221327, 1578.78629992, 
Chromsome [1]: (824.433333333)-204.741479198, -21.7060388838, 18076.3881194, 5.80490983835, 586.260864649, 
Chromsome [2]: (776.033333333)3.15933526479, 82.4793837471, 26480.0755794, 6.96307269837, 1208.59040429, 
Chromsome [3]: (775.366666667)0.32284006532, 80.2860740675, 102628.727149, 15.3465359761, 671.656711109, 
Chromsome [4]: (775.1)0.32284006532, -0.724177556677, 59925.4338999, 2.63329827563, 1208.59040429, 
<------------ GEN 14--------------->
Chromsome [0]: (830.866666667)-4.94147919771, -30.0706344034, 18076.3881194, 5.80490983835, -4359.805683, 
Chromsome [1]: (830.866666667)-5.26977991986, -82.4195354915, 175624.348354, 27.061221327, 1578.78629992, 
Chromsome [2]: (792.333333333)0.32284006532, 80.2860740675, 102628.727149, 15.3465359761, 671.656711109, 
Chromsome [3]: (787.233333333)0.32284006532, -32.6117264678, 113708.701621, 29.1746013856, 808.656199137, 
Chromsome [4]: (774.8)3.15933526479, 82.4793837471, 70508.7592533, 6.96307269837, 1208.59040429, 
<------------ GEN 15--------------->
Chromsome [0]: (834.633333333)-4.94147919771, -30.0706344034, 18076.3881194, 5.80490983835, -4359.805683, 
Chromsome [1]: (800.833333333)0.32284006532, -32.6117264678, 113708.701621, 29.1746013856, 5359.805683, 
Chromsome [2]: (800.666666667)0.32284006532, 80.2860740675, 161863.260786, 15.3465359761, 1473.08162268, 
Chromsome [3]: (800.666666667)0.32284006532, 80.2860740675, 102628.727149, 5.80490983835, 586.260864649, 
Chromsome [4]: (779.866666667)3.15933526479, -69.3838163529, 6751.60166578, 2.08572654014, 2619.13365559, 
<------------ GEN 16--------------->
Chromsome [0]: (819.6)-4.94147919771, -30.0706344034, 18076.3881194, 5.80490983835, -4359.805683, 
Chromsome [1]: (800.0)0.32284006532, 80.2860740675, 161863.260786, -11.1849691034, 640.194316999, 
Chromsome [2]: (796.5)0.32284006532, 25.335296214, 92013.3446024, 23.3596265067, 1597.83290843, 
Chromsome [3]: (796.466666667)0.32284006532, -32.6117264678, 113708.701621, 29.1746013856, 1473.08162268, 
Chromsome [4]: (754.333333333)3.15933526479, -7.90987780065, 6751.60166578, 2.08572654014, 2619.13365559, 
<------------ GEN 17--------------->
Chromsome [0]: (821.633333333)-17.0292370751, -24.8951256578, 140638.933503, 29.1746013856, 640.194316999, 
Chromsome [1]: (821.633333333)-4.94147919771, -30.0706344034, 18076.3881194, 5.80490983835, -4359.805683, 
Chromsome [2]: (812.133333333)0.32284006532, -69.3838163529, -47180.5189903, 2.08572654014, 2619.13365559, 
Chromsome [3]: (808.2)0.32284006532, 13.1790503631, 161863.260786, 5.80490983835, 5359.805683, 
Chromsome [4]: (808.2)0.32284006532, -32.6117264678, 113708.701621, 2.08572654014, 1647.4939575, 
<------------ GEN 18--------------->
Chromsome [0]: (802.333333333)-17.0292370751, -24.8951256578, 140638.933503, 29.1746013856, 640.194316999, 
Chromsome [1]: (799.466666667)0.32284006532, -1.12641008969, 58099.4735387, 0.125612849186, 2317.45658291, 
Chromsome [2]: (799.433333333)0.32284006532, -50.1518872732, 47180.5189903, 2.08572654014, 2619.13365559, 
Chromsome [3]: (799.433333333)0.32284006532, -57.582112969, 113708.701621, 2.08572654014, 1647.4939575, 
Chromsome [4]: (745.733333333)3.15933526479, -7.90987780065, 6751.60166578, 2.08572654014, 977.666044434, 
<------------ GEN 19--------------->
Chromsome [0]: (801.9)-62.0140935886, -82.4195354915, 147873.441573, 6.94910145671, 2407.26673192, 
Chromsome [1]: (801.9)-77.2576293907, -28.2373749278, 140638.933503, 29.1746013856, 640.194316999, 
Chromsome [2]: (801.9)-17.0292370751, -24.8951256578, 140638.933503, 29.1746013856, 640.194316999, 
Chromsome [3]: (799.0)0.32284006532, -50.1518872732, 47180.5189903, 2.08572654014, 1647.4939575, 
Chromsome [4]: (738.1)5.14147919771, -49.8773084968, 125539.126424, 11.0885755192, 1338.85181587, 
<------------ GEN 20--------------->
Chromsome [0]: (791.2)-62.0140935886, -82.4195354915, 147873.441573, 6.94910145671, 2407.26673192, 
Chromsome [1]: (771.966666667)0.32284006532, -50.1518872732, 4615.94252446, 23.8063270794, 891.979144253, 
Chromsome [2]: (746.5)5.46977991986, -30.0706344034, 18076.3881194, 1.48628385116, 2665.45073853, 
Chromsome [3]: (738.566666667)5.46977991986, 51.2720191458, 175624.348354, 8.93578092253, 1686.78570851, 
Chromsome [4]: (735.066666667)5.14147919771, -49.8773084968, 119799.231905, 11.0885755192, 1338.85181587, 
<------------ GEN 21--------------->
Chromsome [0]: (810.433333333)-28.809014983, -33.8376187809, 42591.0800173, 26.8008451913, 1859.22696376, 
Chromsome [1]: (810.433333333)-62.0140935886, -82.4195354915, 147873.441573, 6.94910145671, 2407.26673192, 
Chromsome [2]: (807.533333333)0.32284006532, -50.1518872732, 4615.94252446, 23.8063270794, 891.979144253, 
Chromsome [3]: (755.766666667)5.46977991986, 51.2720191458, 175624.348354, 8.93578092253, 1686.78570851, 
Chromsome [4]: (754.7)5.46977991986, -30.0706344034, 18076.3881194, 1.48628385116, 2665.45073853, 
<------------ GEN 22--------------->
Chromsome [0]: (791.3)-22.6934624384, -13.1634010081, 27366.8947731, 11.2399049212, 2407.26673192, 
Chromsome [1]: (791.3)-1.5103508826, -0.724177556677, 28603.7734528, 14.9546766046, 2673.68269501, 
Chromsome [2]: (791.3)-28.809014983, -33.8376187809, 42591.0800173, 26.8008451913, 1859.22696376, 
Chromsome [3]: (767.333333333)0.32284006532, -50.1518872732, 4615.94252446, 23.8063270794, -4710.56831388, 
Chromsome [4]: (767.333333333)0.32284006532, -50.1518872732, 4615.94252446, 23.8063270794, 891.979144253, 
<------------ GEN 23--------------->
Chromsome [0]: (812.266666667)-53.9872471892, -14.5510085523, 33424.1962286, 29.1746013856, 1781.41424874, 
Chromsome [1]: (812.266666667)-22.6934624384, -13.1634010081, 27366.8947731, 11.2399049212, 2407.26673192, 
Chromsome [2]: (809.366666667)0.32284006532, -37.9207424702, 4615.94252446, 29.5630420809, 2736.86553618, 
Chromsome [3]: (809.366666667)0.32284006532, -50.1518872732, 153524.904948, 0.341647830075, 1607.80668277, 
Chromsome [4]: (793.533333333)1.7103508826, -0.724177556677, 28603.7734528, 20.9499105289, 2409.50504807, 
<------------ GEN 24--------------->
Chromsome [0]: (797.7)-53.9872471892, -14.5510085523, 33424.1962286, 29.1746013856, 1781.41424874, 
Chromsome [1]: (794.8)0.32284006532, -50.1518872732, 153524.904948, 0.341647830075, 1607.80668277, 
Chromsome [2]: (794.8)0.32284006532, -37.9207424702, 140638.933503, 0.889160645046, 569.796605003, 
Chromsome [3]: (782.1)1.7103508826, 63.9070449374, 28603.7734528, 25.2957480821, 2673.68269501, 
Chromsome [4]: (781.866666667)1.7103508826, -0.724177556677, 18140.0515822, 8.93578092253, 640.194316999, 
<------------ GEN 25--------------->
Chromsome [0]: (819.466666667)-53.9872471892, -14.5510085523, 33424.1962286, 29.1746013856, 1781.41424874, 
Chromsome [1]: (806.033333333)0.32284006532, -37.9207424702, 140638.933503, 0.889160645046, 569.796605003, 
Chromsome [2]: (806.033333333)0.32284006532, -50.1518872732, 153524.904948, 0.341647830075, 1607.80668277, 
Chromsome [3]: (804.8)5.46977991986, 79.4701276981, 149445.717416, 23.8063270794, 891.979144253, 
Chromsome [4]: (803.966666667)5.46977991986, 27.8306474881, 18076.3881194, 29.1746013856, 640.194316999, 
<------------ GEN 26--------------->
Chromsome [0]: (817.9)-53.9872471892, -14.5510085523, 33424.1962286, 29.1746013856, 1781.41424874, 
Chromsome [1]: (815.0)0.32284006532, -50.1518872732, 153524.904948, 0.341647830075, 1607.80668277, 
Chromsome [2]: (815.0)0.32284006532, 32.910641079, 33424.1962286, 16.0042054978, 1781.41424874, 
Chromsome [3]: (815.0)0.52183876198, -6.31165887813, 121807.728909, 13.9158956446, 2966.21738309, 
Chromsome [4]: (815.0)0.32284006532, 65.0158968684, 28603.7734528, 25.2957480821, 2673.68269501, 
<------------ GEN 27--------------->
Chromsome [0]: (828.133333333)-53.9872471892, -14.5510085523, 33424.1962286, 29.1746013856, 1781.41424874, 
Chromsome [1]: (825.233333333)0.32284006532, 32.910641079, 33424.1962286, 16.0042054978, 710.56831388, 
Chromsome [2]: (825.233333333)0.32284006532, -50.1518872732, 169298.497212, 14.4059135223, 2193.08779028, 
Chromsome [3]: (825.233333333)0.32284006532, 65.0158968684, 28603.7734528, 25.2957480821, 2673.68269501, 
Chromsome [4]: (815.4)5.14147919771, -53.5469296595, 59270.1532684, 34.6913197173, 2673.68269501, 
<------------ GEN 28--------------->
Chromsome [0]: (811.566666667)-53.9872471892, -14.5510085523, 33424.1962286, 29.1746013856, 1781.41424874, 
Chromsome [1]: (800.033333333)0.32284006532, -119.264623042, 28603.7734528, 25.2957480821, 2998.32615678, 
Chromsome [2]: (799.9)5.46977991986, 32.3631119157, 169650.978002, 21.1429330692, 862.588009379, 
Chromsome [3]: (795.233333333)0.32284006532, 32.910641079, 33424.1962286, 16.0042054978, 2193.08779028, 
Chromsome [4]: (791.1)5.14147919771, -53.5469296595, 59270.1532684, 11.7779943009, 710.56831388, 
<------------ GEN 29--------------->
Chromsome [0]: (841.633333333)-53.9872471892, -14.5510085523, 33424.1962286, 29.1746013856, 1781.41424874, 
Chromsome [1]: (828.2)0.32284006532, -43.6238446598, 113087.690107, 16.0042054978, 1600.5090795, 
Chromsome [2]: (828.2)0.32284006532, -86.1616042066, 28603.7734528, 20.9499105289, 2409.50504807, 
Chromsome [3]: (818.433333333)5.46977991986, 32.3631119157, 169650.978002, 21.1429330692, 862.588009379, 
Chromsome [4]: (809.566666667)1.7103508826, -0.724177556677, 57768.4384567, 29.1746013856, 2514.71035106, 
<------------ GEN 30--------------->
Chromsome [0]: (813.166666667)-53.9872471892, -14.5510085523, 33424.1962286, 29.1746013856, 1781.41424874, 
Chromsome [1]: (807.366666667)0.32284006532, -86.1616042066, 164240.458627, 16.3895047068, 1949.33308308, 
Chromsome [2]: (807.366666667)0.32284006532, -43.6238446598, 113087.690107, 16.0042054978, 1453.79737356, 
Chromsome [3]: (807.366666667)0.32284006532, -43.6238446598, 59270.1532684, -3.1395431648, 710.56831388, 
Chromsome [4]: (761.133333333)1.7103508826, -0.724177556677, 57768.4384567, 22.4030435341, 2514.71035106, 
<------------ GEN 31--------------->
Chromsome [0]: (820.066666667)-27.9396376657, -78.6276460973, 144078.916926, 25.2957480821, 2998.32615678, 
Chromsome [1]: (820.066666667)-51.6219201131, -9.73523186938, 164240.458627, 16.3895047068, 1949.33308308, 
Chromsome [2]: (820.066666667)-53.9872471892, -14.5510085523, 33424.1962286, 29.1746013856, 1781.41424874, 
Chromsome [3]: (817.166666667)0.32284006532, 41.6987944321, 59270.1532684, 3.1395431648, 710.56831388, 
Chromsome [4]: (817.166666667)0.32284006532, 16.4290879772, 33424.1962286, 29.1746013856, 1781.41424874, 
<------------ GEN 32--------------->
Chromsome [0]: (810.233333333)-27.9396376657, -78.6276460973, 144078.916926, 25.2957480821, 2998.32615678, 
Chromsome [1]: (807.366666667)0.32284006532, -3.18307668169, 78027.168767, 18.8551483708, 1160.98091092, 
Chromsome [2]: (807.333333333)0.32284006532, -86.1616042066, 78027.168767, 23.6574371556, 2673.68269501, 
Chromsome [3]: (743.033333333)6.18150602659, -50.1518872732, 10084.2263315, 14.4059135223, 1358.92816662, 
Chromsome [4]: (738.3)9.81196421675, -43.6238446598, 59270.1532684, 3.1395431648, 2546.48713209, 
<------------ GEN 33--------------->
Chromsome [0]: (791.1)-49.6535188719, 79.6627503352, 33424.1962286, 29.1746013856, 1939.50911636, 
Chromsome [1]: (791.1)-27.9396376657, -78.6276460973, 144078.916926, 25.2957480821, 2998.32615678, 
Chromsome [2]: (785.366666667)0.32284006532, -3.18307668169, 78027.168767, 23.6574371556, 2841.45919871, 
Chromsome [3]: (710.133333333)6.18150602659, -50.1518872732, 104411.70102, 14.4059135223, 1358.92816662, 
Chromsome [4]: (705.166666667)11.0666353529, -24.8174276963, 121408.730135, 7.96150203871, 2195.00622968, 
<------------ GEN 34--------------->
Chromsome [0]: (805.533333333)-49.6535188719, 79.6627503352, 33424.1962286, 29.1746013856, 1939.50911636, 
Chromsome [1]: (796.033333333)0.32284006532, -3.18307668169, -5379.05223697, 23.6574371556, 2841.45919871, 
Chromsome [2]: (792.166666667)0.32284006532, -3.18307668169, 78027.168767, 23.6574371556, 2841.45919871, 
Chromsome [3]: (707.0)11.0359649127, -15.0121751045, 80198.9035617, 29.1746013856, 1781.41424874, 
Chromsome [4]: (701.533333333)11.0666353529, -24.8174276963, 121408.730135, 7.96150203871, 2195.00622968, 
<------------ GEN 35--------------->
Chromsome [0]: (813.3)-109.701111023, -17.9457116139, 175624.348354, 22.5225331795, 1600.5090795, 
Chromsome [1]: (813.3)-49.6535188719, 79.6627503352, 33424.1962286, 29.1746013856, 1939.50911636, 
Chromsome [2]: (797.066666667)0.32284006532, -3.18307668169, 368390.974228, 25.1543122853, 1329.44357965, 
Chromsome [3]: (797.066666667)0.32284006532, -3.18307668169, 5379.05223697, 23.6574371556, 2841.45919871, 
Chromsome [4]: (796.966666667)0.32284006532, -28.5283322594, 104026.969846, 16.3895047068, 1949.33308308, 
<------------ GEN 36--------------->
Chromsome [0]: (803.4)-53.7792944898, -58.3589672122, 66008.1052456, 1.95985106947, 4092.42284997, 
Chromsome [1]: (803.4)-10.989516742, 19.8511769904, 98179.2365195, 4.87856254644, 1358.92816662, 
Chromsome [2]: (803.4)-109.701111023, -17.9457116139, 175624.348354, 22.5225331795, 1600.5090795, 
Chromsome [3]: (790.0)0.32284006532, -3.18307668169, 5379.05223697, 23.6574371556, 2841.45919871, 
Chromsome [4]: (785.433333333)0.32284006532, 106.032995176, -8390.9742281, 25.1543122853, 1329.44357965, 
<------------ GEN 37--------------->
Chromsome [0]: (786.566666667)-53.7792944898, -58.3589672122, 66008.1052456, 1.95985106947, 4092.42284997, 
Chromsome [1]: (767.0)0.32284006532, -3.18307668169, 5379.05223697, 15.8729987032, 2841.45919871, 
Chromsome [2]: (751.466666667)0.32284006532, -28.5283322594, 104026.969846, 8.54225892565, 869.08660706, 
Chromsome [3]: (700.233333333)8.36222113755, 27.4837285104, 80198.9035617, 29.1746013856, 2259.41455506, 
Chromsome [4]: (695.1)11.0666353529, -24.8174276963, 51626.8878851, 0.397199191979, 1124.54573593, 
<------------ GEN 38--------------->
Chromsome [0]: (812.0)-53.7792944898, -58.3589672122, 66008.1052456, 1.95985106947, 4092.42284997, 
Chromsome [1]: (783.233333333)0.32284006532, -3.18307668169, 107928.646607, 15.8729987032, 2044.93002953, 
Chromsome [2]: (779.266666667)0.32284006532, -88.9064862771, 87403.4912291, 17.8702840373, 1800.76700538, 
Chromsome [3]: (741.433333333)6.18150602659, 73.9670048241, 8390.9742281, 11.4588034196, 1995.99112154, 
Chromsome [4]: (739.233333333)8.36222113755, 27.4837285104, 80198.9035617, 29.1746013856, 2259.41455506, 
<------------ GEN 39--------------->
Chromsome [0]: (823.733333333)-53.7792944898, -58.3589672122, 66008.1052456, 1.95985106947, 4092.42284997, 
Chromsome [1]: (793.133333333)0.32284006532, 19.8511769904, 68139.1399924, 18.0025766797, 629.919291857, 
Chromsome [2]: (787.2)0.32284006532, -88.9064862771, 33424.1962286, 25.3695943739, 2937.16851344, 
Chromsome [3]: (770.6)3.53740592198, 58.1567413584, -372496.190198, 11.2399049212, 1600.5090795, 
Chromsome [4]: (769.7)6.18150602659, 73.9670048241, 8390.9742281, 11.4588034196, 1995.99112154, 
<------------ GEN 40--------------->
Chromsome [0]: (825.266666667)-53.7792944898, -58.3589672122, 66008.1052456, 1.95985106947, 4092.42284997, 
Chromsome [1]: (783.966666667)0.32284006532, 19.8511769904, 73882.2301781, 1.67419997706, 929.857438822, 
Chromsome [2]: (776.133333333)0.32284006532, -88.9064862771, 33424.1962286, 25.3695943739, 2937.16851344, 
Chromsome [3]: (775.266666667)0.32284006532, -10.3486241108, 68139.1399924, 18.0025766797, 629.919291857, 
Chromsome [4]: (763.633333333)6.18150602659, 73.9670048241, 8390.9742281, 11.4588034196, 1995.99112154, 
<------------ GEN 41--------------->
Chromsome [0]: (820.233333333)-53.7792944898, -58.3589672122, 66008.1052456, 1.95985106947, 4092.42284997, 
Chromsome [1]: (788.0)0.32284006532, 19.8511769904, 73882.2301781, 7.3001330131, 2309.42704869, 
Chromsome [2]: (786.0)0.32284006532, -88.9064862771, 8415.30020925, 8.07905141501, 703.294752109, 
Chromsome [3]: (747.066666667)3.53740592198, -24.2648064526, -12496.1901982, 11.2399049212, 1160.98091092, 
Chromsome [4]: (744.1)6.18150602659, 73.9670048241, 8390.9742281, 11.4588034196, 1995.99112154, 
<------------ GEN 42--------------->
Chromsome [0]: (840.633333333)-23.8872189435, 14.9047803185, 10084.2263315, 14.5415283602, 1113.43589969, 
Chromsome [1]: (840.633333333)-53.7792944898, -58.3589672122, 66008.1052456, 1.95985106947, 4092.42284997, 
Chromsome [2]: (809.033333333)0.32284006532, -88.9064862771, 68139.1399924, 18.0025766797, 872.095428531, 
Chromsome [3]: (808.5)0.32284006532, -57.1811892158, 73882.2301781, 7.3001330131, 2309.42704869, 
Chromsome [4]: (783.433333333)6.18150602659, -48.6177047306, 172153.416441, 29.1746013856, 2259.41455506, 
<------------ GEN 43--------------->
Chromsome [0]: (839.6)-23.8872189435, 14.9047803185, 10084.2263315, 14.5415283602, 1113.43589969, 
Chromsome [1]: (812.266666667)0.32284006532, -88.9064862771, 12496.1901982, 11.2399049212, 1160.98091092, 
Chromsome [2]: (797.866666667)0.32284006532, -57.1811892158, 73882.2301781, 19.7185661603, 1113.43589969, 
Chromsome [3]: (797.866666667)0.32284006532, -57.1811892158, 73882.2301781, 7.3001330131, 2309.42704869, 
Chromsome [4]: (767.5)8.36222113755, -24.2648064526, 68139.1399924, 18.0025766797, 872.095428531, 
<------------ GEN 44--------------->
Chromsome [0]: (837.033333333)-23.8749841382, -86.6419746986, 68139.1399924, 12.3553420022, 872.095428531, 
Chromsome [1]: (837.033333333)-23.8872189435, 14.9047803185, 10084.2263315, 14.5415283602, 1113.43589969, 
Chromsome [2]: (773.7)0.32284006532, -57.1811892158, 73882.2301781, 7.3001330131, 1995.99112154, 
Chromsome [3]: (773.7)0.32284006532, -57.1811892158, 73882.2301781, 19.7185661603, 1113.43589969, 
Chromsome [4]: (769.066666667)8.36222113755, -24.2648064526, 68139.1399924, 18.0025766797, 623.24258211, 
<------------ GEN 45--------------->
Chromsome [0]: (845.8)-23.8749841382, -86.6419746986, 68139.1399924, 12.3553420022, 872.095428531, 
Chromsome [1]: (798.666666667)6.18150602659, -57.1811892158, 73882.2301781, 7.3001330131, 1729.32255619, 
Chromsome [2]: (773.5)8.36222113755, -24.2648064526, 65017.8783638, 18.0025766797, 1236.62815953, 
Chromsome [3]: (769.5)9.93355411989, 36.7060433103, 39708.7419913, 26.10279093, 2185.33923721, 
Chromsome [4]: (768.833333333)8.36222113755, -17.9457116139, 73882.2301781, 19.7185661603, 1969.66617109, 
<------------ GEN 46--------------->
Chromsome [0]: (813.366666667)-23.8749841382, -86.6419746986, 68139.1399924, 12.3553420022, 872.095428531, 
Chromsome [1]: (766.566666667)6.18150602659, -24.2648064526, 65017.8783638, 18.0025766797, 1236.62815953, 
Chromsome [2]: (765.966666667)6.18150602659, -57.1811892158, 73882.2301781, 7.3001330131, 664.34264483, 
Chromsome [3]: (736.0)8.36222113755, -18.8402639513, 123330.900411, 22.9907484336, 784.540078081, 
Chromsome [4]: (732.4)9.14593115797, 37.8981463925, 5669.72991115, 4.63130154796, 1197.64134649, 
<------------ GEN 47--------------->
Chromsome [0]: (782.1)-23.8749841382, -86.6419746986, 68139.1399924, 12.3553420022, 872.095428531, 
Chromsome [1]: (739.666666667)6.18150602659, -24.2648064526, 65017.8783638, 18.0025766797, 665.887188497, 
Chromsome [2]: (725.366666667)5.86836108336, -80.8043420517, 97161.8025568, 8.74118262866, 2450.41486377, 
Chromsome [3]: (725.0)6.18150602659, -57.1811892158, 70859.6049788, 15.0925969875, 1009.67741909, 
Chromsome [4]: (714.266666667)8.36222113755, -18.8402639513, 72216.1634292, 22.9907484336, 784.540078081, 
<------------ GEN 48--------------->
Chromsome [0]: (811.6)-23.8749841382, -86.6419746986, 68139.1399924, 12.3553420022, 872.095428531, 
Chromsome [1]: (753.5)5.86836108336, -53.6095432313, 72216.1634292, 0.549025951198, 1718.48150556, 
Chromsome [2]: (753.333333333)6.18150602659, 26.764188921, 123330.900411, 22.9907484336, 784.540078081, 
Chromsome [3]: (752.633333333)6.18150602659, -57.1811892158, 13851.9319047, 15.0925969875, 2054.43197731, 
Chromsome [4]: (737.066666667)8.36222113755, -32.0041154918, 73882.2301781, 29.7363908697, 1197.64134649, 
<------------ GEN 49--------------->
Chromsome [0]: (826.1)-23.8749841382, -86.6419746986, 68139.1399924, 12.3553420022, 872.095428531, 
Chromsome [1]: (753.866666667)5.86836108336, -53.6095432313, 72216.1634292, 10.4913123594, 1718.48150556, 
Chromsome [2]: (753.8)5.86836108336, -53.6095432313, 140562.607036, 18.3931188806, 1718.48150556, 
Chromsome [3]: (724.366666667)8.36222113755, -25.1903171643, 60458.7946204, 2.67462910303, 1566.82027314, 
Chromsome [4]: (723.833333333)8.36222113755, -32.0041154918, 161703.382147, 2.24000920412, 2566.5729406, 
<------------ GEN 50--------------->
Chromsome [0]: (824.9)-23.8749841382, -86.6419746986, 68139.1399924, 12.3553420022, 872.095428531, 
Chromsome [1]: (750.0)5.86836108336, -53.6095432313, 178328.22698, 11.458746799, 2960.01263661, 
Chromsome [2]: (750.0)5.86836108336, -53.6095432313, 140562.607036, 18.3931188806, 1718.48150556, 
Chromsome [3]: (750.0)5.86836108336, -53.6095432313, 140562.607036, 18.3931188806, 1718.48150556, 
Chromsome [4]: (744.233333333)6.18150602659, 53.6919127168, 150513.800185, 28.398626969, 1377.04025241, 
<------------ GEN 51--------------->
Chromsome [0]: (845.9)-9.22710053424, -17.6595435836, 60458.7946204, 2.67462910303, 2564.61122345, 
Chromsome [1]: (845.9)-23.8749841382, -86.6419746986, 68139.1399924, 12.3553420022, 872.095428531, 
Chromsome [2]: (779.566666667)5.86836108336, 77.789574751, 5669.72991115, 12.3553420022, 872.095428531, 
Chromsome [3]: (753.3)5.86836108336, -53.6095432313, 111296.397818, 11.458746799, 2960.01263661, 
Chromsome [4]: (704.866666667)8.36222113755, -25.1903171643, 39708.7419913, 8.20076798771, 1875.83071103, 
<------------ GEN 52--------------->
Chromsome [0]: (836.233333333)-9.22710053424, -17.6595435836, 60458.7946204, 2.67462910303, 2564.61122345, 
Chromsome [1]: (789.966666667)2.98889518714, -130.482942296, 5669.72991115, 12.3553420022, 872.095428531, 
Chromsome [2]: (774.266666667)2.44868207453, 36.7060433103, 121626.96535, 10.7350874671, 1859.7294452, 
Chromsome [3]: (774.066666667)5.86836108336, -38.4537075878, 127767.042409, 10.4913123594, 1718.48150556, 
Chromsome [4]: (772.7)5.86836108336, 77.789574751, 108681.049404, 12.3553420022, 664.34264483, 
<------------ GEN 53--------------->
Chromsome [0]: (823.733333333)-9.22710053424, -17.6595435836, 60458.7946204, 2.67462910303, 2564.61122345, 
Chromsome [1]: (767.333333333)5.86836108336, -31.857813486, 31509.2290139, 19.9733803971, 1250.74455103, 
Chromsome [2]: (752.333333333)5.86836108336, 77.789574751, 72116.6887576, 23.5701634142, 2960.01263661, 
Chromsome [3]: (739.566666667)2.98889518714, -49.5170577036, 5669.72991115, 12.3553420022, 872.095428531, 
Chromsome [4]: (701.4)9.42710053424, -17.6595435836, 105712.753517, 2.67462910303, 2564.61122345, 
<------------ GEN 54--------------->
Chromsome [0]: (823.866666667)-17.6573412324, 21.0600009311, 97161.8025568, 12.4545970606, 2450.41486377, 
Chromsome [1]: (823.866666667)-9.22710053424, -17.6595435836, 60458.7946204, 2.67462910303, 2564.61122345, 
Chromsome [2]: (762.833333333)4.99219964366, 89.5292075556, 140562.607036, 18.3931188806, 2747.6454734, 
Chromsome [3]: (760.6)5.86836108336, 69.1757835395, 87580.6283456, 19.9733803971, 1250.74455103, 
Chromsome [4]: (743.5)2.98889518714, -49.5170577036, 5669.72991115, 15.8015698446, 872.095428531, 
<------------ GEN 55--------------->
Chromsome [0]: (810.9)-17.6573412324, 21.0600009311, 97161.8025568, 12.4545970606, 2450.41486377, 
Chromsome [1]: (728.966666667)4.99219964366, 89.5292075556, 140562.607036, 18.3931188806, 2747.6454734, 
Chromsome [2]: (726.433333333)8.36222113755, -25.1903171643, 101178.639595, 26.8204926125, 1969.66617109, 
Chromsome [3]: (726.2)5.86836108336, 85.3480097961, 115353.136314, 14.1079994423, 1299.06736767, 
Chromsome [4]: (726.2)5.86836108336, 69.1757835395, 87580.6283456, 28.6784646508, 1250.74455103, 
<------------ GEN 56--------------->
Chromsome [0]: (811.066666667)-0.863370301209, 76.9240664843, 122447.973465, 4.83393532431, 884.930190694, 
Chromsome [1]: (811.066666667)-17.6573412324, 21.0600009311, 97161.8025568, 12.4545970606, 2450.41486377, 
Chromsome [2]: (731.3)5.86836108336, -57.1811892158, 19725.9960567, 22.9907484336, 1254.65715179, 
Chromsome [3]: (730.933333333)4.99219964366, -64.0127138054, 140562.607036, 26.4074259921, 1752.37160128, 
Chromsome [4]: (706.366666667)8.36222113755, -32.0041154918, 25371.9875074, 0.64778557614, 1461.15784873, 
<------------ GEN 57--------------->
Chromsome [0]: (795.633333333)-14.9522363215, -17.6595435836, 130373.498312, 6.78616228469, 2706.08376345, 
Chromsome [1]: (795.633333333)-0.863370301209, 76.9240664843, 122447.973465, 4.83393532431, 884.930190694, 
Chromsome [2]: (702.5)2.98889518714, 39.1588262944, 5669.72991115, -24.2503740661, 1069.61518632, 
Chromsome [3]: (696.566666667)5.86836108336, -57.1811892158, 19725.9960567, 22.9907484336, 664.34264483, 
Chromsome [4]: (693.866666667)4.99219964366, -64.0127138054, 140562.607036, 22.9907484336, 1254.65715179, 
<------------ GEN 58--------------->
Chromsome [0]: (806.0)-14.9522363215, -17.6595435836, 130373.498312, 6.78616228469, 2706.08376345, 
Chromsome [1]: (741.266666667)1.06337030121, 76.9240664843, -54974.3353271, 22.9907484336, 1254.65715179, 
Chromsome [2]: (731.366666667)4.09141431411, 56.8498332742, 1364.89350796, 3.41622279472, 1426.32222415, 
Chromsome [3]: (697.533333333)4.99219964366, -64.0127138054, 140562.607036, 24.2503740661, 1069.61518632, 
Chromsome [4]: (676.333333333)2.98889518714, 48.1512272138, 5669.72991115, 22.9907484336, 1542.68682991, 
<------------ GEN 59--------------->
Chromsome [0]: (802.1)-14.9522363215, -17.6595435836, 130373.498312, 6.78616228469, 2706.08376345, 
Chromsome [1]: (705.966666667)1.06337030121, 76.9240664843, 58024.7778105, 28.4778996788, -1671.30344142, 
Chromsome [2]: (705.966666667)1.06337030121, 76.9240664843, 54974.3353271, 22.9907484336, 1254.65715179, 
Chromsome [3]: (686.7)2.98889518714, 51.1106896639, 25371.9875074, 0.64778557614, 1461.15784873, 
Chromsome [4]: (672.3)4.99219964366, 62.885288426, 140562.607036, 24.2503740661, 1069.61518632, 
<------------ GEN 60--------------->
Chromsome [0]: (789.633333333)-14.9522363215, -17.6595435836, 130373.498312, 6.78616228469, 2706.08376345, 
Chromsome [1]: (672.133333333)1.06337030121, 76.9240664843, 54974.3353271, 2.67462910303, 656.73099036, 
Chromsome [2]: (668.866666667)1.06337030121, 76.9240664843, 58024.7778105, 28.4778996788, 4392.56293462, 
Chromsome [3]: (655.8)2.98889518714, 51.1106896639, 174831.644834, 10.1515681304, 1545.82531619, 
Chromsome [4]: (643.766666667)4.99219964366, 88.20025839, 140562.607036, 16.1973455111, 1930.89989513, 
<------------ GEN 61--------------->
Chromsome [0]: (818.2)-23.2508128404, 30.1172880173, 178478.108972, 22.9907484336, 1542.68682991, 
Chromsome [1]: (818.2)-14.9522363215, -17.6595435836, 130373.498312, 6.78616228469, 2706.08376345, 
Chromsome [2]: (741.6)1.06337030121, 76.9240664843, 54974.3353271, 2.67462910303, 656.73099036, 
Chromsome [3]: (737.133333333)1.06337030121, 76.9240664843, 95252.7835452, 25.0411101535, 1607.43706538, 
Chromsome [4]: (729.0)2.98889518714, 47.6962674752, 142650.558571, 7.86263545614, 2450.41486377, 
<------------ GEN 62--------------->
Chromsome [0]: (815.033333333)-23.2508128404, 30.1172880173, 178478.108972, 22.9907484336, 1542.68682991, 
Chromsome [1]: (726.4)1.06337030121, 34.3619650026, 93517.6089572, 13.5205789493, 5954.22752627, 
Chromsome [2]: (717.8)1.06337030121, 76.9240664843, 95252.7835452, 25.0411101535, 717.100895517, 
Chromsome [3]: (717.633333333)2.98889518714, -135.35149089, 142650.558571, 7.86263545614, 2450.41486377, 
Chromsome [4]: (713.633333333)2.76333866902, 20.3601511723, 15330.605642, 13.496233874, 2766.1447546, 
<------------ GEN 63--------------->
Chromsome [0]: (846.433333333)-23.2508128404, 30.1172880173, 178478.108972, 22.9907484336, 1542.68682991, 
Chromsome [1]: (797.966666667)1.06337030121, 22.8951136742, 170005.780245, 13.5205789493, 1607.43706538, 
Chromsome [2]: (797.966666667)1.06337030121, 28.3701529926, 54974.3353271, 8.19247025979, 656.73099036, 
Chromsome [3]: (791.666666667)2.76333866902, 20.3601511723, 15330.605642, 13.496233874, 2766.1447546, 
Chromsome [4]: (791.466666667)2.98889518714, -44.6485091101, 142650.558571, 22.9907484336, 1542.68682991, 
<------------ GEN 64--------------->
Chromsome [0]: (839.766666667)-23.2508128404, 30.1172880173, 178478.108972, 22.9907484336, 1542.68682991, 
Chromsome [1]: (784.1)1.06337030121, 28.3701529926, 347128.410392, 8.19247025979, 339.872919026, 
Chromsome [2]: (784.1)1.06337030121, 28.3701529926, 97108.5019017, 16.1973455111, 1930.89989513, 
Chromsome [3]: (784.1)1.06337030121, 20.8720527852, 29665.568082, 7.86263545614, 1607.43706538, 
Chromsome [4]: (781.866666667)2.76333866902, -50.6303914252, 15330.605642, 13.496233874, 954.227526272, 
<------------ GEN 65--------------->
Chromsome [0]: (847.233333333)-23.2508128404, 30.1172880173, 178478.108972, 22.9907484336, 1542.68682991, 
Chromsome [1]: (814.3)1.06337030121, 28.3701529926, 97108.5019017, 16.1973455111, 2130.1065266, 
Chromsome [2]: (814.3)1.06337030121, 21.0600009311, 97438.0802166, 29.5929115362, 1547.86434802, 
Chromsome [3]: (814.3)1.06337030121, -66.4127487539, 97108.5019017, 16.1973455111, 2706.08376345, 
Chromsome [4]: (812.966666667)2.76333866902, -50.6303914252, 15330.605642, 13.496233874, 1674.89213625, 
<------------ GEN 66--------------->
Chromsome [0]: (849.033333333)-23.2508128404, 30.1172880173, 178478.108972, 22.9907484336, 1542.68682991, 
Chromsome [1]: (825.766666667)1.06337030121, 28.3701529926, 97108.5019017, 44.5428621588, 2706.08376345, 
Chromsome [2]: (825.766666667)1.06337030121, -66.4127487539, 97108.5019017, 3.8435361283, 717.100895517, 
Chromsome [3]: (825.766666667)1.06337030121, 21.0600009311, 114732.437426, 29.5929115362, 1547.86434802, 
Chromsome [4]: (781.066666667)6.73040986175, -59.3221654303, 35679.3253396, 25.1269686219, 2247.71372764, 
<------------ GEN 67--------------->
Chromsome [0]: (840.033333333)-23.2508128404, 30.1172880173, 178478.108972, 22.9907484336, 1542.68682991, 
Chromsome [1]: (791.866666667)1.06337030121, 82.8758945391, 178478.108972, 18.790983994, 2185.99010275, 
Chromsome [2]: (791.866666667)1.06337030121, 37.2423264244, 71617.2742819, 4.13503564545, 1607.43706538, 
Chromsome [3]: (791.866666667)1.06337030121, -66.4127487539, 97108.5019017, 3.8435361283, 717.100895517, 
Chromsome [4]: (791.866666667)1.06337030121, 21.0600009311, 114732.437426, 29.5929115362, 1547.86434802, 
<------------ GEN 68--------------->
Chromsome [0]: (847.066666667)-23.2508128404, 30.1172880173, 178478.108972, 22.9907484336, 1542.68682991, 
Chromsome [1]: (800.333333333)1.06337030121, 37.2423264244, 159350.698524, 4.13503564545, 1607.43706538, 
Chromsome [2]: (800.333333333)1.06337030121, 37.2423264244, 71617.2742819, 4.13503564545, 1607.43706538, 
Chromsome [3]: (800.333333333)1.06337030121, -66.4127487539, 97108.5019017, 3.8435361283, 1692.93588977, 
Chromsome [4]: (800.333333333)1.06337030121, 21.0600009311, 114732.437426, 29.5929115362, 717.100895517, 
<------------ GEN 69--------------->
Chromsome [0]: (866.166666667)-23.2508128404, 30.1172880173, 178478.108972, 22.9907484336, 1542.68682991, 
Chromsome [1]: (858.966666667)1.17339172177, 57.8378188719, 1011.04914446, 0.587584866162, 1369.64122396, 
Chromsome [2]: (833.633333333)1.06337030121, 21.0600009311, 121972.419911, 29.5929115362, 717.100895517, 
Chromsome [3]: (833.633333333)1.06337030121, 37.2423264244, 71617.2742819, 4.13503564545, 1607.43706538, 
Chromsome [4]: (833.633333333)1.06337030121, 37.2423264244, 71617.2742819, 4.13503564545, 1104.40715414, 
<------------ GEN 70--------------->
Chromsome [0]: (842.266666667)-23.2508128404, 30.1172880173, 178478.108972, 22.9907484336, 1542.68682991, 
Chromsome [1]: (819.0)1.17339172177, 57.8378188719, 1011.04914446, 15.4368216268, 1369.64122396, 
Chromsome [2]: (818.9)1.06337030121, 37.2423264244, 71617.2742819, 4.13503564545, 1447.16194629, 
Chromsome [3]: (818.9)1.06337030121, 21.0600009311, 121972.419911, 4.13503564545, 955.226664619, 
Chromsome [4]: (818.9)1.06337030121, 37.2423264244, 71617.2742819, 4.13503564545, 1104.40715414, 
<------------ GEN 71--------------->
Chromsome [0]: (811.633333333)-28.0484086088, 28.3701529926, 219023.986434, 15.4368216268, 1369.64122396, 
Chromsome [1]: (811.633333333)-23.2508128404, 30.1172880173, 178478.108972, 22.9907484336, 1542.68682991, 
Chromsome [2]: (784.166666667)1.06337030121, 37.2423264244, 4263.46856707, 4.13503564545, 1104.40715414, 
Chromsome [3]: (779.466666667)1.06337030121, 21.0600009311, 114232.226866, 4.13503564545, 1551.75878415, 
Chromsome [4]: (778.3)1.06337030121, -64.9110196471, 71617.2742819, 4.13503564545, 1447.16194629, 
<------------ GEN 72--------------->
Chromsome [0]: (826.366666667)-2.00438177679, 82.8758945391, 29665.568082, 8.35425232473, 2409.93095891, 
Chromsome [1]: (826.366666667)-28.0484086088, 28.3701529926, 219023.986434, 15.4368216268, 1369.64122396, 
Chromsome [2]: (807.8)1.06337030121, 21.0600009311, 114232.226866, 4.13503564545, 1551.75878415, 
Chromsome [3]: (807.8)1.06337030121, 21.8532549806, 4263.46856707, 9.4666293499, 1104.40715414, 
Chromsome [4]: (803.7)1.06337030121, -64.9110196471, 71617.2742819, 6.72896746992, 1930.89989513, 
<------------ GEN 73--------------->
Chromsome [0]: (842.966666667)-2.00438177679, 82.8758945391, 29665.568082, 8.35425232473, 2409.93095891, 
Chromsome [1]: (814.533333333)1.06337030121, 21.8532549806, 43061.7155425, 9.4666293499, 1104.40715414, 
Chromsome [2]: (814.533333333)1.06337030121, 42.578043213, 114232.226866, 4.13503564545, 1551.75878415, 
Chromsome [3]: (810.1)1.06337030121, -24.0959156254, 178478.108972, 6.39894205968, 2740.59846886, 
Chromsome [4]: (795.333333333)2.20438177679, 82.8758945391, 29665.568082, 8.35425232473, 2409.93095891, 
<------------ GEN 74--------------->
Chromsome [0]: (830.766666667)-4.16553357755, 21.8532549806, 43061.7155425, 9.4666293499, 1104.40715414, 
Chromsome [1]: (830.766666667)-2.00438177679, 82.8758945391, 29665.568082, 8.35425232473, 2409.93095891, 
Chromsome [2]: (811.166666667)1.06337030121, 37.2423264244, 221707.833829, 8.35425232473, 1114.95377891, 
Chromsome [3]: (811.166666667)1.06337030121, 21.8532549806, 53213.461367, 9.4666293499, 1104.40715414, 
Chromsome [4]: (808.1)1.06337030121, 65.7199446099, 114232.226866, 4.13503564545, 1360.80177728, 
<------------ GEN 75--------------->
Chromsome [0]: (818.233333333)-4.16553357755, 21.8532549806, 43061.7155425, 9.4666293499, 1104.40715414, 
Chromsome [1]: (775.466666667)1.06337030121, 197.527429565, 11375.6125996, 9.4666293499, 1104.40715414, 
Chromsome [2]: (773.9)1.06337030121, 65.7199446099, 80822.6626058, 9.53972575732, 1339.02056114, 
Chromsome [3]: (771.5)1.06337030121, 37.2423264244, 153261.284711, 28.1346213643, 4758.27754728, 
Chromsome [4]: (771.4)1.06337030121, -65.1978524039, 140976.013566, 15.4368216268, 2797.53934796, 
<------------ GEN 76--------------->
Chromsome [0]: (828.066666667)-4.16553357755, 21.8532549806, 43061.7155425, 9.4666293499, 1104.40715414, 
Chromsome [1]: (815.433333333)1.06337030121, -65.1978524039, 140976.013566, 26.9562375842, 2797.53934796, 
Chromsome [2]: (815.433333333)1.06337030121, 49.3776060022, 24209.4151467, 16.3114761546, 1824.89958128, 
Chromsome [3]: (815.433333333)1.06337030121, 37.2423264244, 128206.439221, 9.4666293499, 1104.40715414, 
Chromsome [4]: (799.233333333)2.20438177679, -17.5274295646, 38025.5526414, 9.4666293499, 1104.40715414, 
<------------ GEN 77--------------->
Chromsome [0]: (825.5)-6.6626918752, 15.1223536696, 158430.183038, 13.3068904321, 611.228409142, 
Chromsome [1]: (825.5)-4.16553357755, 21.8532549806, 43061.7155425, 9.4666293499, 1104.40715414, 
Chromsome [2]: (809.8)1.06337030121, -65.1978524039, 140976.013566, 26.9562375842, 1104.40715414, 
Chromsome [3]: (809.8)1.06337030121, -17.5128381193, 128206.439221, 9.4666293499, 2797.53934796, 
Chromsome [4]: (809.8)1.06337030121, 49.3776060022, 24209.4151467, 16.3114761546, 1824.89958128, 
<------------ GEN 78--------------->
Chromsome [0]: (824.3)-32.7764274664, -78.452366139, 67750.7401184, 6.72896746992, 2033.71494282, 
Chromsome [1]: (824.3)-55.3611662487, 28.5549066416, 41838.3691894, 9.10822065039, 1454.38704176, 
Chromsome [2]: (824.3)-6.6626918752, 15.1223536696, 158430.183038, 13.3068904321, 611.228409142, 
Chromsome [3]: (818.5)1.06337030121, -3.73395611959, 24209.4151467, 16.3114761546, 2409.93095891, 
Chromsome [4]: (818.366666667)1.06337030121, 49.3776060022, 24209.4151467, 16.3114761546, 820.659239796, 
<------------ GEN 79--------------->
Chromsome [0]: (824.033333333)-15.1293067041, 145.328827679, 153261.284711, 28.1346213643, 2033.71494282, 
Chromsome [1]: (824.033333333)-57.515819902, 21.8532549806, 35740.6357104, 9.53972575732, 872.269532538, 
Chromsome [2]: (824.033333333)-32.7764274664, -78.452366139, 67750.7401184, 6.72896746992, 2033.71494282, 
Chromsome [3]: (821.133333333)1.06337030121, -3.73395611959, 105934.826346, 25.6565746835, 1032.98442394, 
Chromsome [4]: (821.066666667)1.06337030121, -65.1978524039, 158430.183038, 16.1810143749, 611.228409142, 
<------------ GEN 80--------------->
Chromsome [0]: (804.066666667)-15.1293067041, 145.328827679, 153261.284711, 28.1346213643, 2033.71494282, 
Chromsome [1]: (801.166666667)1.06337030121, -3.73395611959, 105934.826346, 9.4666293499, 2608.36752357, 
Chromsome [2]: (801.1)1.06337030121, 49.3776060022, 24209.4151467, 16.3114761546, 820.659239796, 
Chromsome [3]: (801.1)1.06337030121, 23.1020134746, 54907.0523491, 7.68726834929, 2069.73771804, 
Chromsome [4]: (761.4)4.36553357755, 82.8758945391, 58292.1342786, 25.7678194726, 1930.89989513, 
<------------ GEN 81--------------->
Chromsome [0]: (793.133333333)-15.1293067041, 145.328827679, 153261.284711, 28.1346213643, 2033.71494282, 
Chromsome [1]: (779.633333333)1.06337030121, -3.73395611959, 105934.826346, 9.4666293499, 1749.03590377, 
Chromsome [2]: (779.533333333)1.06337030121, 23.1020134746, 105934.826346, 5.2315252606, 821.970118314, 
Chromsome [3]: (779.533333333)1.06337030121, -15.7661255895, 24209.4151467, 16.3114761546, 820.659239796, 
Chromsome [4]: (754.7)2.00921643767, 69.7251571356, 150545.300925, 9.4666293499, 804.833405644, 
<------------ GEN 82--------------->
Chromsome [0]: (825.866666667)-25.1457896125, -3.73395611959, 128206.439221, 7.50548272568, 1103.83446241, 
Chromsome [1]: (825.866666667)-15.1293067041, 145.328827679, 153261.284711, 28.1346213643, 2033.71494282, 
Chromsome [2]: (825.066666667)1.06337030121, -3.73395611959, 11052.3353759, 1.23634421162, 1749.03590377, 
Chromsome [3]: (795.666666667)2.00921643767, 69.7251571356, -37915.1665665, 9.4666293499, 804.833405644, 
Chromsome [4]: (791.3)2.00921643767, 69.7251571356, 150545.300925, 14.663617959, 804.833405644, 
<------------ GEN 83--------------->
Chromsome [0]: (828.4)-171.629521389, 49.3776060022, 24209.4151467, 16.3114761546, 820.659239796, 
Chromsome [1]: (828.4)-25.1457896125, -3.73395611959, 128206.439221, 7.50548272568, 1103.83446241, 
Chromsome [2]: (794.266666667)2.00921643767, 69.7251571356, 150545.300925, -11.4033395648, 2544.79690272, 
Chromsome [3]: (794.266666667)2.00921643767, 69.7251571356, 37915.1665665, 9.4666293499, 1649.61672589, 
Chromsome [4]: (786.833333333)2.54605297744, -78.452366139, 58292.1342786, 17.5161893402, 778.62856188, 
<------------ GEN 84--------------->
Chromsome [0]: (816.066666667)-171.629521389, 49.3776060022, 24209.4151467, 16.3114761546, 820.659239796, 
Chromsome [1]: (775.066666667)2.00921643767, 69.7251571356, 37915.1665665, 9.4666293499, 1649.61672589, 
Chromsome [2]: (775.066666667)2.00921643767, 69.7251571356, 150545.300925, 11.4033395648, 2544.79690272, 
Chromsome [3]: (774.966666667)2.00921643767, 69.7251571356, 24209.4151467, 15.5682928366, 820.659239796, 
Chromsome [4]: (763.6)2.54605297744, -78.452366139, 58292.1342786, 17.5161893402, 778.62856188, 
<------------ GEN 85--------------->
Chromsome [0]: (829.733333333)-171.629521389, 49.3776060022, 24209.4151467, 16.3114761546, 820.659239796, 
Chromsome [1]: (803.5)7.66355858919, 21.8532549806, 144531.664679, 28.1346213643, -717.256790184, 
Chromsome [2]: (803.5)7.66355858919, 21.8532549806, 78215.9662601, 28.1346213643, 616.580758367, 
Chromsome [3]: (801.966666667)2.00921643767, 69.7251571356, 77899.0001598, 27.1651946986, 2207.01316975, 
Chromsome [4]: (801.966666667)2.00921643767, 69.7251571356, 35740.6357104, 13.7053075303, 872.269532538, 
<------------ GEN 86--------------->
Chromsome [0]: (818.1)-171.629521389, 49.3776060022, 24209.4151467, 16.3114761546, 820.659239796, 
Chromsome [1]: (791.466666667)2.00921643767, -9.55485919258, 47998.7982985, 2.9006656884, 950.810630984, 
Chromsome [2]: (790.466666667)6.8626918752, 34.9872071073, 78215.9662601, 28.1346213643, 616.580758367, 
Chromsome [3]: (790.066666667)7.66355858919, 21.8532549806, 78215.9662601, 28.1346213643, 616.580758367, 
Chromsome [4]: (790.066666667)7.66355858919, 21.8532549806, 144531.664679, 4.58763749393, 2881.64859504, 
<------------ GEN 87--------------->
Chromsome [0]: (843.866666667)-171.629521389, 49.3776060022, 24209.4151467, 16.3114761546, 820.659239796, 
Chromsome [1]: (823.1)2.00921643767, 45.8223659389, 84264.2554975, 6.59082461782, 917.576161165, 
Chromsome [2]: (822.6)2.00921643767, 143.247948476, 49226.845351, 14.5776274917, 611.228409142, 
Chromsome [3]: (818.733333333)2.00921643767, -69.7377237697, 144531.664679, 28.1346213643, 1717.25679018, 
Chromsome [4]: (818.733333333)2.00921643767, -35.3978545032, 160575.894661, 24.9265232193, 2039.19800966, 
<------------ GEN 88--------------->
Chromsome [0]: (852.666666667)-171.629521389, 49.3776060022, 24209.4151467, 16.3114761546, 820.659239796, 
Chromsome [1]: (821.8)2.73746403465, -87.3089660941, 68737.7685616, 16.1810143749, 771.593564481, 
Chromsome [2]: (821.066666667)2.00921643767, 24.7097110792, 49226.845351, 16.8281645515, 611.228409142, 
Chromsome [3]: (821.0)2.00921643767, 36.7520515237, 107330.923906, 14.5776274917, 611.228409142, 
Chromsome [4]: (816.933333333)2.00921643767, -53.3184605213, 160575.894661, 24.9265232193, 2039.19800966, 
<------------ GEN 89--------------->
Chromsome [0]: (828.833333333)-171.629521389, 49.3776060022, 24209.4151467, 16.3114761546, 820.659239796, 
Chromsome [1]: (790.666666667)2.00921643767, -69.7377237697, -17277.3892121, 3.29111144529, 1717.25679018, 
Chromsome [2]: (777.266666667)2.00921643767, 24.7097110792, 49226.845351, 7.06853793983, 3008.60343188, 
Chromsome [3]: (777.133333333)2.00921643767, 36.7520515237, 103421.642059, 10.0724568404, 611.228409142, 
Chromsome [4]: (770.466666667)2.73746403465, -87.3089660941, 68737.7685616, 16.1810143749, 771.593564481, 
<------------ GEN 90--------------->
Chromsome [0]: (846.5)-171.629521389, 49.3776060022, 24209.4151467, 16.3114761546, 820.659239796, 
Chromsome [1]: (793.633333333)2.00921643767, -69.7377237697, 17277.3892121, 3.29111144529, 1717.25679018, 
Chromsome [2]: (791.366666667)2.00921643767, 24.7097110792, 212745.880557, 7.06853793983, 2599.5136008, 
Chromsome [3]: (791.3)2.00921643767, 36.7520515237, 103421.642059, 10.0724568404, 611.228409142, 
Chromsome [4]: (788.433333333)2.73746403465, -87.3089660941, 68737.7685616, 16.1810143749, 771.593564481, 
<------------ GEN 91--------------->
Chromsome [0]: (819.933333333)-55.7390697509, 19.0445432703, 136297.739058, 16.7777406372, 1665.99728413, 
Chromsome [1]: (819.933333333)-171.629521389, 49.3776060022, 24209.4151467, 16.3114761546, 820.659239796, 
Chromsome [2]: (764.9)7.66355858919, -40.1963201169, 47998.7982985, 19.2161550912, 2602.19324885, 
Chromsome [3]: (764.566666667)7.66355858919, -43.6246685933, 202327.055412, 24.9265232193, 2039.19800966, 
Chromsome [4]: (764.233333333)7.66355858919, 49.3776060022, 17277.3892121, 3.29111144529, 1717.25679018, 
<------------ GEN 92--------------->
Chromsome [0]: (851.1)-55.7390697509, 19.0445432703, 136297.739058, 16.7777406372, 1665.99728413, 
Chromsome [1]: (819.733333333)2.00921643767, -69.7377237697, -134691.612787, 9.4666293499, 1778.72785759, 
Chromsome [2]: (809.866666667)2.00921643767, -8.09095389276, 63561.2520097, 13.4952457518, 615.051727333, 
Chromsome [3]: (809.366666667)2.00921643767, -15.0844209382, 76991.6379826, 13.3991119722, 2614.38801929, 
Chromsome [4]: (809.266666667)2.00921643767, -69.7377237697, 25431.2935163, 9.55370076977, 2123.70442745, 
<------------ GEN 93--------------->
Chromsome [0]: (835.4)-31.7458509786, 39.6297817355, 120600.102939, 9.55370076977, 1595.99694528, 
Chromsome [1]: (835.4)-55.7390697509, 19.0445432703, 136297.739058, 16.7777406372, 1665.99728413, 
Chromsome [2]: (789.833333333)2.00921643767, 83.8897118896, -157234.529469, 20.2720788703, 2952.59748611, 
Chromsome [3]: (776.5)2.00921643767, -69.7377237697, 25431.2935163, 3.230271399, 2123.70442745, 
Chromsome [4]: (774.033333333)2.00921643767, -69.7377237697, 25431.2935163, 15.1428661598, 501.177997409, 
<------------ GEN 94--------------->
Chromsome [0]: (829.466666667)-31.7458509786, 39.6297817355, 120600.102939, 9.55370076977, 1595.99694528, 
Chromsome [1]: (776.8)2.00921643767, -53.3184605213, 17277.3892121, 3.29111144529, 1717.25679018, 
Chromsome [2]: (772.7)2.00921643767, -69.7377237697, 25431.2935163, 2.87703013008, 2123.70442745, 
Chromsome [3]: (762.466666667)2.00921643767, 53.4931604634, 147254.119443, 7.06853793983, 2461.61967429, 
Chromsome [4]: (762.033333333)2.00921643767, 252.314935147, 63561.2520097, 13.1637770822, 2859.76137118, 
<------------ GEN 95--------------->
Chromsome [0]: (798.933333333)-31.7458509786, 39.6297817355, 120600.102939, 9.55370076977, 1595.99694528, 
Chromsome [1]: (736.666666667)2.00921643767, 2.74090411653, 17277.3892121, 3.29111144529, 1717.25679018, 
Chromsome [2]: (720.266666667)2.00921643767, -69.7377237697, 25431.2935163, 2.87703013008, 2123.70442745, 
Chromsome [3]: (719.4)2.00921643767, 29.0182922183, 17277.3892121, 3.29111144529, 1717.25679018, 
Chromsome [4]: (718.766666667)2.00921643767, 212.329906113, 68737.7685616, 12.6970649124, 2215.72473735, 
<------------ GEN 96--------------->
Chromsome [0]: (821.0)-75.3947935808, 48.9199964491, 89864.9944625, 27.6628183478, 2501.14038662, 
Chromsome [1]: (821.0)-31.7458509786, 39.6297817355, 120600.102939, 9.55370076977, 1595.99694528, 
Chromsome [2]: (735.666666667)2.00921643767, -69.7377237697, 25431.2935163, 2.87703013008, 2123.70442745, 
Chromsome [3]: (729.933333333)2.00921643767, 2.74090411653, 17277.3892121, 27.3822635586, 196.117453302, 
Chromsome [4]: (727.833333333)2.00921643767, 23.4876476424, 25431.2935163, 2.87703013008, 628.521359643, 
<------------ GEN 97--------------->
Chromsome [0]: (808.533333333)-75.3947935808, 48.9199964491, 89864.9944625, 27.6628183478, 2501.14038662, 
Chromsome [1]: (735.166666667)2.00921643767, 23.4876476424, 25431.2935163, 2.87703013008, 628.521359643, 
Chromsome [2]: (733.0)2.00921643767, -69.7377237697, 25431.2935163, 2.87703013008, 2123.70442745, 
Chromsome [3]: (723.333333333)2.00921643767, 53.5915931068, 20483.2100281, 24.9265232193, 2999.48137399, 
Chromsome [4]: (721.333333333)2.00921643767, 2.74090411653, 17277.3892121, 27.3822635586, 803.882546698, 
<------------ GEN 98--------------->
Chromsome [0]: (811.466666667)-22.9865533364, 20.0828108234, 63561.2520097, 22.5215593976, 2212.73372541, 
Chromsome [1]: (811.466666667)-75.3947935808, 48.9199964491, 89864.9944625, 27.6628183478, 2501.14038662, 
Chromsome [2]: (753.066666667)2.00921643767, -69.7377237697, 25431.2935163, 2.87703013008, 2123.70442745, 
Chromsome [3]: (748.966666667)2.00921643767, 23.4876476424, 25431.2935163, 2.87703013008, 1556.04932851, 
Chromsome [4]: (748.0)2.00921643767, 83.5879562161, 28845.5485427, -11.9038717666, 1379.39307801, 
<------------ GEN 99--------------->
Chromsome [0]: (817.733333333)-33.9353651284, 19.0445432703, 20483.2100281, 24.9265232193, 2483.47186178, 
Chromsome [1]: (817.733333333)-22.9865533364, 20.0828108234, 63561.2520097, 22.5215593976, 2212.73372541, 
Chromsome [2]: (778.266666667)2.00921643767, 23.4876476424, 56264.8452048, 19.2999292931, 603.480054831, 
Chromsome [3]: (774.566666667)2.00921643767, -9.23732811185, 143802.294479, 2.87703013008, 2461.61967429, 
Chromsome [4]: (770.766666667)2.00921643767, -15.7852102533, 173785.25237, 9.55370076977, 1595.99694528, 
<------------ GEN 100--------------->
Chromsome [0]: (798.7)-33.9353651284, 19.0445432703, 20483.2100281, 24.9265232193, 2483.47186178, 
Chromsome [1]: (751.766666667)1.44531265022, 19.0445432703, 20483.2100281, 24.9265232193, 1746.04182559, 
Chromsome [2]: (738.466666667)2.00921643767, 23.4876476424, 127094.862457, 20.4082355082, 603.480054831, 
Chromsome [3]: (737.966666667)2.00921643767, 42.2771341474, 28850.8212089, 7.19139173446, 1465.86834753, 
Chromsome [4]: (736.966666667)2.00921643767, 116.554533577, 46249.3270281, 22.5215593976, 1871.19999529, 
