<------------ GEN 1--------------->
Chromsome [0]: (809.8)2.16869667109, -82.8502248268, 2900.61847836, 20.3696782438, 797.19816579, 
Chromsome [1]: (752.266666667)8.07550331146, 28.2322907225, 71662.5830954, 9.05482201876, 2977.30689489, 
Chromsome [2]: (729.766666667)11.0232483441, -56.6451680544, 48826.285218, 9.4803385302, 2561.11842989, 
Chromsome [3]: (718.733333333)14.8103156565, 47.3790261754, 119822.54775, 17.3205702124, 2036.65243117, 
Chromsome [4]: (715.7)21.2409792091, -38.7584211414, 49038.4109373, 2.44918829439, 540.219318179, 
<------------ GEN 2--------------->
Chromsome [0]: (788.933333333)2.16869667109, -82.8502248268, 2900.61847836, 6.97257365812, 797.19816579, 
Chromsome [1]: (788.933333333)2.16869667109, -82.8502248268, 2900.61847836, 20.3696782438, 797.19816579, 
Chromsome [2]: (728.6)8.07550331146, 28.2322907225, 71662.5830954, 9.19137036385, 1403.35548029, 
Chromsome [3]: (692.133333333)71.5892525609, -40.8493874476, 525.868364804, 0.270876134821, 561.657124404, 
Chromsome [4]: (691.233333333)14.8103156565, 203.301430786, -44963.4729854, 20.3696782438, 797.19816579, 
<------------ GEN 3--------------->
Chromsome [0]: (827.0)2.16869667109, -82.8502248268, 2900.61847836, 0.940725053122, 2561.11842989, 
Chromsome [1]: (816.9)2.16869667109, -82.8502248268, 2900.61847836, 6.97257365812, 4062.6332218, 
Chromsome [2]: (816.9)2.16869667109, -82.8502248268, 2900.61847836, 6.97257365812, 797.19816579, 
Chromsome [3]: (812.8)2.16869667109, -82.8502248268, 132850.146522, 3.27031695594, 1549.23610696, 
Chromsome [4]: (741.466666667)8.07550331146, 28.2322907225, 71662.5830954, 9.19137036385, 1403.35548029, 
<------------ GEN 4--------------->
Chromsome [0]: (839.6)2.16869667109, -82.8502248268, 2900.61847836, 0.940725053122, 2561.11842989, 
Chromsome [1]: (839.3)-88.5794115453, 17.270650298, 104076.507434, 0.270876134821, 1257.99781294, 
Chromsome [2]: (836.133333333)2.16869667109, -82.8502248268, 2900.61847836, 6.97257365812, 1937.3667782, 
Chromsome [3]: (836.133333333)2.16869667109, 35.5268232902, 2900.61847836, 6.97257365812, 797.19816579, 
Chromsome [4]: (836.066666667)2.16869667109, -36.1050912136, 123183.047199, 4.77909422695, 1099.12021413, 
<------------ GEN 5--------------->
Chromsome [0]: (844.3)-7.1444748036, 35.5268232902, 2900.61847836, 6.97257365812, 797.19816579, 
Chromsome [1]: (843.0)2.16869667109, -82.8502248268, 2900.61847836, 0.940725053122, 2561.11842989, 
Chromsome [2]: (827.7)2.16869667109, -82.8502248268, 2900.61847836, 6.97257365812, 1937.3667782, 
Chromsome [3]: (827.7)2.16869667109, -36.1050912136, 2436.98580112, 4.77909422695, 2561.11842989, 
Chromsome [4]: (827.5)2.16869667109, 28.2322907225, 62905.0102753, 22.8204641706, 2903.69684928, 
<------------ GEN 6--------------->
Chromsome [0]: (844.066666667)-101.02877977, 17.270650298, 88882.239643, 15.1679884734, 2536.11669999, 
Chromsome [1]: (844.066666667)-7.1444748036, 35.5268232902, 2900.61847836, 6.97257365812, 797.19816579, 
Chromsome [2]: (817.733333333)2.864457854, -36.1050912136, 2436.98580112, 4.77909422695, 2561.11842989, 
Chromsome [3]: (813.1)1.20998619395, 0.343818814589, 49038.4109373, 3.29603726213, 623.564597756, 
Chromsome [4]: (809.233333333)2.16869667109, -7.01116921283, 143322.084063, 6.97257365812, 1937.3667782, 
<------------ GEN 7--------------->
Chromsome [0]: (848.733333333)-2.06390127519, 48.8306767428, 21805.7296501, 22.254081251, 517.236438627, 
Chromsome [1]: (848.733333333)-101.02877977, 17.270650298, 88882.239643, 15.1679884734, 2536.11669999, 
Chromsome [2]: (832.833333333)1.20998619395, 0.343818814589, 49038.4109373, 19.543317757, 2357.05652981, 
Chromsome [3]: (825.933333333)2.16869667109, -7.01116921283, 143322.084063, 6.97257365812, 1937.3667782, 
Chromsome [4]: (825.233333333)2.16869667109, 78.9659476744, 2900.61847836, 13.7931972526, 2768.9010622, 
<------------ GEN 8--------------->
Chromsome [0]: (850.9)-67.3507925036, -67.2816458049, 174420.928554, 24.318244218, 3596.54716311, 
Chromsome [1]: (850.9)-3.1191616258, 24.2773653883, 171967.131264, 7.69760764883, 2404.80303298, 
Chromsome [2]: (850.9)-2.06390127519, 48.8306767428, 21805.7296501, 22.254081251, 517.236438627, 
Chromsome [3]: (829.933333333)1.20998619395, 23.7191414072, 49038.4109373, 19.543317757, 2616.31279858, 
Chromsome [4]: (824.666666667)2.864457854, 55.8882418647, 2436.98580112, 14.9196197135, 2247.22519519, 
<------------ GEN 9--------------->
Chromsome [0]: (838.2)-62.0227346627, 62.1107681579, 146868.344335, 4.02064356773, 2059.54931269, 
Chromsome [1]: (838.2)-18.0656797838, 70.5813312756, 109612.173978, 15.1679884734, 2536.11669999, 
Chromsome [2]: (838.2)-67.3507925036, -67.2816458049, 174420.928554, 24.318244218, 3596.54716311, 
Chromsome [3]: (804.733333333)2.864457854, 55.8882418647, 2436.98580112, 12.7532973371, 2247.22519519, 
Chromsome [4]: (803.666666667)1.20998619395, 0.343818814589, 73301.8684937, 0.940725053122, 677.778895728, 
<------------ GEN 10--------------->
Chromsome [0]: (816.866666667)-62.0227346627, 62.1107681579, 146868.344335, 4.02064356773, 2059.54931269, 
Chromsome [1]: (785.1)2.864457854, 55.8882418647, 2436.98580112, 12.7532973371, 2247.22519519, 
Chromsome [2]: (774.233333333)1.20998619395, 0.343818814589, 73301.8684937, 28.6264208776, 613.689456708, 
Chromsome [3]: (768.266666667)3.3191616258, 0.343818814589, 152518.695195, 26.3584521384, 2189.90826348, 
Chromsome [4]: (761.766666667)2.26390127519, 19.070935269, 21805.7296501, 22.254081251, 1446.6888658, 
<------------ GEN 11--------------->
Chromsome [0]: (834.433333333)-296.717405964, 35.5268232902, 23310.9857515, 11.8795233369, 623.564597756, 
Chromsome [1]: (834.433333333)-62.0227346627, 62.1107681579, 146868.344335, 4.02064356773, 2059.54931269, 
Chromsome [2]: (833.733333333)2.16869667109, 35.5268232902, 2900.61847836, 0.787379843745, 1394.98841019, 
Chromsome [3]: (816.1)2.864457854, 55.8882418647, 2436.98580112, 12.7532973371, 2189.90826348, 
Chromsome [4]: (802.4)1.20998619395, 0.343818814589, 73301.8684937, 28.6264208776, 923.018681612, 
<------------ GEN 12--------------->
Chromsome [0]: (837.4)-296.717405964, 35.5268232902, 23310.9857515, 11.8795233369, 623.564597756, 
Chromsome [1]: (818.2)2.864457854, 55.8882418647, 2436.98580112, 12.7532973371, 2961.79629532, 
Chromsome [2]: (818.2)2.864457854, 55.8882418647, 2436.98580112, 12.7532973371, 2730.88094884, 
Chromsome [3]: (808.8)1.20998619395, 35.490612972, 73301.8684937, 28.6264208776, 2170.43853031, 
Chromsome [4]: (805.133333333)1.20998619395, 87.2566030039, 119822.54775, 0.940725053122, 677.778895728, 
<------------ GEN 13--------------->
Chromsome [0]: (819.8)-96.9174059645, 54.8303167205, 23310.9857515, 12.7532973371, -599.560430707, 
Chromsome [1]: (819.8)-296.717405964, 35.5268232902, 23310.9857515, 11.8795233369, 623.564597756, 
Chromsome [2]: (792.9)2.864457854, 55.8882418647, 2436.98580112, 12.7532973371, 2961.79629532, 
Chromsome [3]: (792.9)2.864457854, -258.246354878, 2436.98580112, 12.7532973371, 2730.88094884, 
Chromsome [4]: (781.3)1.20998619395, 87.2566030039, 21805.7296501, 23.9648936293, 1047.06699377, 
<------------ GEN 14--------------->
Chromsome [0]: (820.166666667)-125.374818567, -55.2992223628, 157289.604882, 29.8871133787, 1931.40562133, 
Chromsome [1]: (820.166666667)-96.9174059645, 54.8303167205, 23310.9857515, 12.7532973371, -599.560430707, 
Chromsome [2]: (794.0)2.864457854, 78.2463548782, 2436.98580112, 12.7532973371, 2730.88094884, 
Chromsome [3]: (794.0)2.864457854, 55.8882418647, 2436.98580112, 12.7532973371, 2961.79629532, 
Chromsome [4]: (785.533333333)1.20998619395, 87.2566030039, 21805.7296501, 23.9648936293, 623.564597756, 
<------------ GEN 15--------------->
Chromsome [0]: (840.166666667)-96.9174059645, 168.053104769, 23310.9857515, 18.7198247947, 623.564597756, 
Chromsome [1]: (840.166666667)-125.374818567, -55.2992223628, 157289.604882, 29.8871133787, 1931.40562133, 
Chromsome [2]: (807.666666667)2.864457854, 55.8882418647, 2436.98580112, 17.2301302459, 535.166560819, 
Chromsome [3]: (806.0)2.864457854, 87.2566030039, 21805.7296501, 23.1504720011, 1543.32822195, 
Chromsome [4]: (795.3)2.26390127519, -166.32903303, 119822.54775, 18.4749872175, 2341.2391201, 
<------------ GEN 16--------------->
Chromsome [0]: (824.7)-96.9174059645, 168.053104769, 23310.9857515, 18.7198247947, 623.564597756, 
Chromsome [1]: (783.766666667)2.16869667109, -40.5963931048, -245309.918231, 42.4582953722, 1589.80786776, 
Chromsome [2]: (776.9)2.864457854, 59.159351617, -44195.5416556, 17.2301302459, 535.166560819, 
Chromsome [3]: (770.166666667)2.26390127519, -152.616008567, 88913.4275948, 10.1416466972, 2447.6126433, 
Chromsome [4]: (757.9)2.16869667109, -40.5963931048, 22613.4918136, 12.9289009734, 2602.12298888, 
<------------ GEN 17--------------->
Chromsome [0]: (813.533333333)-96.9174059645, 168.053104769, 23310.9857515, 18.7198247947, 623.564597756, 
Chromsome [1]: (744.3)2.26390127519, -27.3839914329, 88913.4275948, 4.49724999082, 2447.6126433, 
Chromsome [2]: (744.3)2.16869667109, -40.5963931048, 22613.4918136, 12.9289009734, 2602.12298888, 
Chromsome [3]: (744.3)2.16869667109, -40.5963931048, 245309.918231, 17.5417046278, 2961.79629532, 
Chromsome [4]: (744.3)2.16869667109, -40.5963931048, 245309.918231, 17.5417046278, 1589.80786776, 
<------------ GEN 18--------------->
Chromsome [0]: (798.833333333)-53.9985497877, 11.9468952308, 62083.36668, 18.7198247947, 623.564597756, 
Chromsome [1]: (798.833333333)-96.9174059645, 168.053104769, 23310.9857515, 18.7198247947, 623.564597756, 
Chromsome [2]: (762.666666667)5.08674514882, 88.8446826308, 2436.98580112, 18.8171783078, 2900.35809177, 
Chromsome [3]: (743.033333333)2.864457854, 48.6373690103, 5051.53790475, 12.7532973371, 1589.80786776, 
Chromsome [4]: (739.266666667)2.16869667109, 79.6680730032, 35534.2384273, 32.9983724422, 737.937142406, 
<------------ GEN 19--------------->
Chromsome [0]: (803.5)-53.9985497877, 11.9468952308, 62083.36668, 18.7198247947, 623.564597756, 
Chromsome [1]: (772.0)5.08674514882, -141.858396598, 2436.98580112, 18.8171783078, 2900.35809177, 
Chromsome [2]: (770.0)2.864457854, 53.3417287831, 5051.53790475, 12.7532973371, 2850.64923139, 
Chromsome [3]: (748.0)2.16869667109, -40.5963931048, 114690.081769, 3.23359479402, 1589.80786776, 
Chromsome [4]: (748.0)2.16869667109, -40.5963931048, 114690.081769, 3.23359479402, 623.564597756, 
<------------ GEN 20--------------->
Chromsome [0]: (806.4)-92.705539181, -34.7311718418, 152824.863719, 17.2301302459, 1357.37419329, 
Chromsome [1]: (806.4)-24.9897772694, -84.1664708599, 108790.657181, 28.2333810942, 2752.88216108, 
Chromsome [2]: (806.4)-53.9985497877, 11.9468952308, 62083.36668, 18.7198247947, 623.564597756, 
Chromsome [3]: (766.333333333)2.16869667109, 11.3793232767, -8927.39502824, 18.7198247947, 1589.80786776, 
Chromsome [4]: (766.233333333)2.864457854, -55.5704559306, -191937.876847, 25.5401226021, 1489.99592996, 
<------------ GEN 21--------------->
Chromsome [0]: (799.666666667)-92.705539181, -34.7311718418, 152824.863719, 17.2301302459, 1357.37419329, 
Chromsome [1]: (729.6)2.16869667109, 79.6680730032, 127587.444435, 3.23359479402, 1589.80786776, 
Chromsome [2]: (729.6)2.28781314406, -75.0623748792, 151036.410837, 17.5417046278, 506.634261694, 
Chromsome [3]: (729.6)2.16869667109, -40.5963931048, 114690.081769, 27.0016275578, 816.487106716, 
Chromsome [4]: (729.6)2.16869667109, -40.5963931048, 114690.081769, 18.7198247947, 623.564597756, 
<------------ GEN 22--------------->
Chromsome [0]: (815.033333333)-92.705539181, -34.7311718418, 152824.863719, 17.2301302459, 1357.37419329, 
Chromsome [1]: (770.5)2.864457854, -55.5704559306, -184366.851766, 25.5401226021, 1489.99592996, 
Chromsome [2]: (748.833333333)2.16869667109, -40.5963931048, 114690.081769, 27.0016275578, 816.487106716, 
Chromsome [3]: (748.833333333)2.16869667109, -40.5963931048, 114690.081769, 18.7198247947, 623.564597756, 
Chromsome [4]: (748.833333333)2.16869667109, 79.6680730032, 151036.410837, 17.5417046278, 506.634261694, 
<------------ GEN 23--------------->
Chromsome [0]: (820.866666667)-92.705539181, -34.7311718418, 152824.863719, 17.2301302459, 1357.37419329, 
Chromsome [1]: (754.433333333)2.28781314406, -75.0623748792, 23310.9857515, 12.9289009734, 2998.66830435, 
Chromsome [2]: (754.433333333)2.16869667109, -40.5963931048, 150407.238914, 18.7198247947, 623.564597756, 
Chromsome [3]: (754.2)2.864457854, -54.0390954275, 34294.9159667, 17.5417046278, 1825.1747636, 
Chromsome [4]: (754.2)2.864457854, -55.5704559306, 184366.851766, -29.8124973098, 2869.87037867, 
<------------ GEN 24--------------->
Chromsome [0]: (814.533333333)-92.705539181, -34.7311718418, 152824.863719, 17.2301302459, 1357.37419329, 
Chromsome [1]: (744.033333333)2.28781314406, 30.1026028339, 62083.36668, 18.7198247947, 1594.36019886, 
Chromsome [2]: (744.033333333)2.16869667109, -69.9490597888, 150407.238914, 18.7198247947, 623.564597756, 
Chromsome [3]: (744.033333333)2.28781314406, -44.1544050102, 62083.36668, 27.5517080302, 993.695571815, 
Chromsome [4]: (737.633333333)2.864457854, -55.5704559306, 57937.7464805, 18.7198247947, 2677.32984682, 
<------------ GEN 25--------------->
Chromsome [0]: (809.066666667)-36.5735552926, 40.7719586755, 203421.2335, 4.30250077128, 1959.52105325, 
Chromsome [1]: (809.066666667)-92.705539181, -34.7311718418, 152824.863719, 17.2301302459, 1357.37419329, 
Chromsome [2]: (760.1)2.28781314406, -50.1727033224, 49901.7263152, 4.49724999082, 1879.51424924, 
Chromsome [3]: (760.1)2.28781314406, 30.1026028339, 62083.36668, 17.2301302459, 1357.37419329, 
Chromsome [4]: (760.1)2.28781314406, -14.2548324032, 62083.36668, 18.7198247947, 2843.11435131, 
<------------ GEN 26--------------->
Chromsome [0]: (818.433333333)-36.5735552926, 40.7719586755, 203421.2335, 4.30250077128, 1959.52105325, 
Chromsome [1]: (792.433333333)6.43550745545, -25.3891837314, 51691.8813768, 4.86232817094, 2042.74861214, 
Chromsome [2]: (776.1)2.864457854, 172.559451078, 152824.863719, 27.0016275578, 2061.47604462, 
Chromsome [3]: (773.6)2.28781314406, 30.1026028339, 62083.36668, 17.2301302459, 2448.467691, 
Chromsome [4]: (773.6)2.28781314406, -14.2548324032, 62083.36668, 17.2301302459, 1357.37419329, 
<------------ GEN 27--------------->
Chromsome [0]: (822.033333333)-36.5735552926, 40.7719586755, 203421.2335, 4.30250077128, 1959.52105325, 
Chromsome [1]: (789.6)6.43550745545, -25.3891837314, 51691.8813768, 4.86232817094, 2042.74861214, 
Chromsome [2]: (779.0)0.292160473289, -34.7311718418, 152824.863719, 17.2301302459, 1357.37419329, 
Chromsome [3]: (767.0)2.28781314406, 30.1026028339, 62083.36668, 19.3808546361, 2448.467691, 
Chromsome [4]: (767.0)2.864457854, 7.44054892198, 152824.863719, 27.0016275578, 2061.47604462, 
<------------ GEN 28--------------->
Chromsome [0]: (816.033333333)-36.5735552926, 40.7719586755, 203421.2335, 4.30250077128, 1959.52105325, 
Chromsome [1]: (773.9)2.864457854, -86.5717380913, 34294.9159667, 18.5197953934, 1405.95982834, 
Chromsome [2]: (762.333333333)0.292160473289, -34.7311718418, 152824.863719, 17.2301302459, 2992.76761305, 
Chromsome [3]: (762.333333333)0.292160473289, -34.7311718418, 152824.863719, 17.2301302459, 1961.3953958, 
Chromsome [4]: (750.1)2.864457854, 7.44054892198, 168062.123153, 8.8289225646, 2212.43574298, 
<------------ GEN 29--------------->
Chromsome [0]: (811.333333333)-54.0730701894, 86.9445911272, 51691.8813768, 15.2498796912, 2697.88407041, 
Chromsome [1]: (811.333333333)-36.5735552926, 40.7719586755, 203421.2335, 4.30250077128, 1959.52105325, 
Chromsome [2]: (747.133333333)0.292160473289, -34.7311718418, 152824.863719, 17.2301302459, 2852.99446011, 
Chromsome [3]: (747.133333333)0.292160473289, -34.7311718418, 152824.863719, 17.2301302459, 2992.76761305, 
Chromsome [4]: (738.966666667)2.864457854, 66.1906253892, 62134.3410974, 4.49724999082, 1592.48318788, 
<------------ GEN 30--------------->
Chromsome [0]: (795.666666667)-31.5580963975, -29.8786252537, 78784.8041881, 18.5197953934, 2042.22457138, 
Chromsome [1]: (795.666666667)-54.0730701894, 86.9445911272, 51691.8813768, 15.2498796912, 2697.88407041, 
Chromsome [2]: (736.566666667)0.292160473289, -25.3891837314, 51691.8813768, 4.86232817094, 2042.74861214, 
Chromsome [3]: (733.033333333)0.292160473289, -34.7311718418, 39953.81387, 17.2301302459, 2314.21222885, 
Chromsome [4]: (728.0)0.292160473289, -34.7311718418, 152824.863719, 17.2301302459, 2852.99446011, 
<------------ GEN 31--------------->
Chromsome [0]: (798.8)-48.2610551214, 86.9445911272, 174503.646309, 0.220007712205, 2697.88407041, 
Chromsome [1]: (798.8)-83.670511998, 86.9445911272, 119407.680468, 1.86270057471, 2217.76916094, 
Chromsome [2]: (798.8)-55.9529834635, -86.3073116353, 109022.571924, 15.2590435427, 1405.95982834, 
Chromsome [3]: (798.8)-31.5580963975, -29.8786252537, 78784.8041881, 18.5197953934, 2042.22457138, 
Chromsome [4]: (764.533333333)2.864457854, 88.0319604339, 31148.5475328, 1.54691516668, 1128.16777001, 
<------------ GEN 32--------------->
Chromsome [0]: (837.7)-48.2610551214, 86.9445911272, 174503.646309, 0.220007712205, 2697.88407041, 
Chromsome [1]: (805.7)2.864457854, 88.0319604339, 31148.5475328, 1.54691516668, 1128.16777001, 
Chromsome [2]: (805.7)2.864457854, 88.0319604339, 31148.5475328, 17.2301302459, 2852.99446011, 
Chromsome [3]: (795.966666667)2.864457854, -148.797014491, 149461.424775, 22.2528788053, 2661.47226729, 
Chromsome [4]: (794.4)0.292160473289, 8.9590227402, 64895.3324979, 17.2301302459, 2656.21101895, 
<------------ GEN 33--------------->
Chromsome [0]: (822.633333333)-72.9931670395, -37.4415723189, 168062.123153, 17.2301302459, 2042.74861214, 
Chromsome [1]: (822.633333333)-1.73388063969, 40.7719586755, 156578.7665, 22.5254718057, 1166.33327337, 
Chromsome [2]: (822.633333333)-48.2610551214, 86.9445911272, 174503.646309, 0.220007712205, 2697.88407041, 
Chromsome [3]: (796.2)2.864457854, 88.0319604339, 31148.5475328, 44.3363824002, 1128.16777001, 
Chromsome [4]: (783.733333333)0.292160473289, 13.507537298, 51420.9772484, 15.79543663, 1409.16159338, 
<------------ GEN 34--------------->
Chromsome [0]: (804.5)-72.9931670395, -37.4415723189, 168062.123153, 17.2301302459, 2042.74861214, 
Chromsome [1]: (771.266666667)0.292160473289, 86.9445911272, 175678.907246, 11.8725704679, 644.884692184, 
Chromsome [2]: (769.466666667)0.292160473289, -10.0070593103, 152824.863719, 13.6745236586, 3790.50443906, 
Chromsome [3]: (767.366666667)0.292160473289, -69.3718055365, 50652.3048568, 18.9310759314, 1370.0019958, 
Chromsome [4]: (766.5)2.864457854, 88.0319604339, 11734.2541204, 17.6676502505, 2661.47226729, 
<------------ GEN 35--------------->
Chromsome [0]: (809.6)-72.9931670395, -37.4415723189, 168062.123153, 17.2301302459, 2042.74861214, 
Chromsome [1]: (768.133333333)0.292160473289, -34.9066799332, 50652.3048568, 18.9310759314, 1370.0019958, 
Chromsome [2]: (767.633333333)0.292160473289, 40.7719586755, 48854.4422194, 17.9061803256, 1313.89024993, 
Chromsome [3]: (765.233333333)0.292160473289, -69.3718055365, 50652.3048568, 18.9310759314, 1370.0019958, 
Chromsome [4]: (761.933333333)0.292160473289, -81.5412138509, 152824.863719, 22.2528788053, 1961.3953958, 
<------------ GEN 36--------------->
Chromsome [0]: (810.333333333)-72.9931670395, -37.4415723189, 168062.123153, 17.2301302459, 2042.74861214, 
Chromsome [1]: (764.2)0.292160473289, 73.5729258148, 50652.3048568, 18.9310759314, 1370.0019958, 
Chromsome [2]: (753.766666667)0.292160473289, -69.3718055365, 131801.499817, 18.9310759314, 1372.26064147, 
Chromsome [3]: (753.7)0.292160473289, -81.5412138509, 127788.768466, 22.2528788053, 1537.36041343, 
Chromsome [4]: (752.066666667)2.864457854, 88.0319604339, 64895.3324979, 18.5197953934, 1825.2802578, 
<------------ GEN 37--------------->
Chromsome [0]: (789.1)-72.9931670395, -37.4415723189, 168062.123153, 17.2301302459, 2042.74861214, 
Chromsome [1]: (750.9)0.292160473289, 217.339262615, 131801.499817, 18.9310759314, 1372.26064147, 
Chromsome [2]: (720.733333333)0.292160473289, 73.5729258148, 82612.7339963, 18.9310759314, 1370.0019958, 
Chromsome [3]: (716.3)0.292160473289, 40.7719586755, 156578.7665, 22.5254718057, 2555.28654663, 
Chromsome [4]: (708.666666667)1.93388063969, 55.6538437505, 145817.775394, 11.0077604638, 2477.4958251, 
<------------ GEN 38--------------->
Chromsome [0]: (812.366666667)-72.9931670395, -37.4415723189, 168062.123153, 17.2301302459, 2042.74861214, 
Chromsome [1]: (770.0)2.28781314406, 73.5729258148, -39254.3639226, 1.67470351287, 1078.39074327, 
Chromsome [2]: (768.766666667)0.292160473289, 73.5729258148, 82612.7339963, 18.9310759314, 129.095978754, 
Chromsome [3]: (766.3)0.292160473289, 40.7719586755, 152824.863719, 17.2301302459, 2852.99446011, 
Chromsome [4]: (764.9)0.292160473289, 49.3240923139, 131801.499817, 18.9310759314, 1175.90352876, 
<------------ GEN 39--------------->
Chromsome [0]: (820.166666667)-72.9931670395, -37.4415723189, 168062.123153, 17.2301302459, 2042.74861214, 
Chromsome [1]: (775.166666667)0.292160473289, 73.5729258148, 82612.7339963, 18.9310759314, 2680.32059413, 
Chromsome [2]: (774.666666667)0.292160473289, 8.4167522381, 131801.499817, 18.9310759314, 1175.90352876, 
Chromsome [3]: (770.066666667)0.292160473289, 40.7719586755, 156578.7665, 17.2301302459, 1371.31308171, 
Chromsome [4]: (770.066666667)0.292160473289, 40.7719586755, 152824.863719, 17.2301302459, 2852.99446011, 
<------------ GEN 40--------------->
Chromsome [0]: (825.933333333)-109.494431964, -37.4415723189, 33752.7961021, 1.6071702104, 1082.78094124, 
Chromsome [1]: (825.933333333)-72.9931670395, -37.4415723189, 168062.123153, 17.2301302459, 2042.74861214, 
Chromsome [2]: (793.5)0.292160473289, 40.7719586755, 17083.3961134, 17.2301302459, 779.532901213, 
Chromsome [3]: (787.966666667)0.292160473289, 73.5729258148, 145817.775394, 22.0844085804, 1896.0529428, 
Chromsome [4]: (785.0)0.292160473289, 40.7719586755, 156578.7665, 17.2301302459, 2209.49556094, 
<------------ GEN 41--------------->
Chromsome [0]: (824.266666667)-73.2056590481, 61.7363809178, 168062.123153, 26.8332950122, 548.016009994, 
Chromsome [1]: (824.266666667)-109.494431964, -37.4415723189, 33752.7961021, 1.6071702104, 1082.78094124, 
Chromsome [2]: (783.0)1.93388063969, -37.3392626146, -55585.4159203, 22.0844085804, 1896.0529428, 
Chromsome [3]: (779.2)1.93388063969, -204.07556928, 73008.1300105, 18.9310759314, 2680.32059413, 
Chromsome [4]: (775.466666667)0.292160473289, 73.5729258148, 67195.6485453, 21.5293552241, 1546.22546214, 
<------------ GEN 42--------------->
Chromsome [0]: (810.233333333)-73.2056590481, 61.7363809178, 168062.123153, 26.8332950122, 548.016009994, 
Chromsome [1]: (782.033333333)0.292160473289, 73.5729258148, 67195.6485453, 13.48470997, 1546.22546214, 
Chromsome [2]: (779.833333333)0.292160473289, -268.30855737, 148042.362944, 1.67470351287, 2403.92458014, 
Chromsome [3]: (778.7)0.292160473289, 40.7719586755, 156578.7665, 17.2301302459, 2209.49556094, 
Chromsome [4]: (777.533333333)0.292160473289, 55.6538437505, 145817.775394, 25.2994769986, 931.353328593, 
<------------ GEN 43--------------->
Chromsome [0]: (812.733333333)-73.2056590481, 61.7363809178, 168062.123153, 26.8332950122, 548.016009994, 
Chromsome [1]: (778.033333333)1.93388063969, -146.075018769, 55585.4159203, 18.9310759314, 1766.13252712, 
Chromsome [2]: (772.966666667)0.292160473289, -8.11389863086, 67195.6485453, 13.48470997, 1546.22546214, 
Chromsome [3]: (770.666666667)0.292160473289, 40.7719586755, 143824.186566, 17.2301302459, 577.346776515, 
Chromsome [4]: (770.166666667)0.292160473289, 43.1680641378, 148042.362944, 1.67470351287, 2403.92458014, 
<------------ GEN 44--------------->
Chromsome [0]: (804.666666667)-73.2056590481, 61.7363809178, 168062.123153, 26.8332950122, 548.016009994, 
Chromsome [1]: (766.333333333)0.292160473289, 40.7719586755, 236711.041348, 26.6663281907, 1799.59083036, 
Chromsome [2]: (765.9)0.292160473289, 43.1680641378, 67195.6485453, 13.48470997, 2616.86691848, 
Chromsome [3]: (765.366666667)0.292160473289, 55.6538437505, 145817.775394, 25.2994769986, 1605.76472863, 
Chromsome [4]: (765.066666667)0.292160473289, -8.11389863086, 148042.362944, 15.8384573611, 2403.92458014, 
<------------ GEN 45--------------->
Chromsome [0]: (805.6)-73.2056590481, 61.7363809178, 168062.123153, 26.8332950122, 548.016009994, 
Chromsome [1]: (772.166666667)0.292160473289, 43.1680641378, 67195.6485453, 13.48470997, 715.524144442, 
Chromsome [2]: (772.0)0.292160473289, -8.11389863086, 148042.362944, 15.8384573611, 1982.83396122, 
Chromsome [3]: (772.0)0.292160473289, -8.11389863086, 148042.362944, 15.8384573611, 2403.92458014, 
Chromsome [4]: (764.766666667)2.55427933005, 5.6414627953, 164490.983215, 23.138744958, 2305.95887302, 
<------------ GEN 46--------------->
Chromsome [0]: (797.5)-73.2056590481, 61.7363809178, 168062.123153, 26.8332950122, 548.016009994, 
Chromsome [1]: (769.333333333)0.292160473289, -14.2343015599, 31098.8105463, 13.1807390387, 1371.31308171, 
Chromsome [2]: (764.0)0.292160473289, -8.11389863086, 148042.362944, 22.0844085804, 1874.0217582, 
Chromsome [3]: (757.1)1.92789531021, -8.11389863086, 148042.362944, 15.8384573611, 1982.83396122, 
Chromsome [4]: (756.766666667)2.55427933005, 5.6414627953, 138065.94594, 23.138744958, 2305.95887302, 
<------------ GEN 47--------------->
Chromsome [0]: (788.266666667)-6.18467208038, 18.7508130095, 39022.745262, 15.4208786932, 1168.12485493, 
Chromsome [1]: (788.266666667)-73.2056590481, 61.7363809178, 168062.123153, 26.8332950122, 548.016009994, 
Chromsome [2]: (765.1)0.292160473289, 64.5792074407, 31098.8105463, 13.1807390387, 1371.31308171, 
Chromsome [3]: (755.533333333)0.292160473289, -14.2343015599, 103619.122695, 10.0563438501, 1371.31308171, 
Chromsome [4]: (748.333333333)2.55427933005, 5.6414627953, 138065.94594, 23.138744958, 2305.95887302, 
<------------ GEN 48--------------->
Chromsome [0]: (778.733333333)-6.18467208038, 18.7508130095, 39022.745262, 15.4208786932, 1168.12485493, 
Chromsome [1]: (729.566666667)0.292160473289, -14.2343015599, 103619.122695, 26.0512354363, 548.016009994, 
Chromsome [2]: (721.4)1.93388063969, -12.0295536486, 168062.123153, 3.19186880495, 2852.99446011, 
Chromsome [3]: (721.266666667)2.28781314406, 82.2423902627, 29722.523323, 2.93333346671, 2161.47092806, 
Chromsome [4]: (720.433333333)3.28661591094, -30.8282113316, 136077.933947, 15.5620455159, 1959.52105325, 
<------------ GEN 49--------------->
Chromsome [0]: (793.733333333)-6.18467208038, 18.7508130095, 39022.745262, 15.4208786932, 1168.12485493, 
Chromsome [1]: (766.366666667)0.292160473289, 147.887793783, 103619.122695, 11.6042096617, 1781.13587532, 
Chromsome [2]: (747.333333333)1.93388063969, -12.0295536486, 49342.2571521, 3.19186880495, 2852.99446011, 
Chromsome [3]: (740.3)2.55427933005, 31.4371729558, 110015.402509, 5.4284620642, 2966.10183477, 
Chromsome [4]: (738.0)2.28781314406, 82.2423902627, 84695.5151477, 2.93333346671, 578.950241579, 
<------------ GEN 50--------------->
Chromsome [0]: (790.466666667)-6.18467208038, 18.7508130095, 39022.745262, 15.4208786932, 1168.12485493, 
Chromsome [1]: (755.133333333)2.56954746621, 86.5857823021, -9140.82841389, 27.1729117984, 1700.39965338, 
Chromsome [2]: (743.266666667)1.93388063969, -12.0295536486, 53381.3587867, 7.75800780153, 2984.06747897, 
Chromsome [3]: (736.7)2.55427933005, 31.4371729558, 51903.8868059, 5.4284620642, 2807.27645589, 
Chromsome [4]: (736.7)2.55427933005, 31.4371729558, 110015.402509, 5.4284620642, 2966.10183477, 
<------------ GEN 51--------------->
Chromsome [0]: (774.366666667)-6.18467208038, 18.7508130095, 39022.745262, 15.4208786932, 1168.12485493, 
Chromsome [1]: (709.6)1.93388063969, -12.0295536486, 53381.3587867, 7.75800780153, 2984.06747897, 
Chromsome [2]: (708.633333333)2.28781314406, 22.3163023788, 52441.0360915, 13.1807390387, 840.897038907, 
Chromsome [3]: (700.033333333)2.55427933005, 31.4371729558, 51903.8868059, 5.4284620642, 2966.10183477, 
Chromsome [4]: (700.033333333)2.55427933005, 31.4371729558, 110015.402509, -18.5514037326, 2807.27645589, 
<------------ GEN 52--------------->
Chromsome [0]: (789.5)-6.18467208038, 18.7508130095, 39022.745262, 15.4208786932, 1168.12485493, 
Chromsome [1]: (726.266666667)6.38467208038, -65.2154621484, 45532.9081618, 8.77153572258, 1799.59083036, 
Chromsome [2]: (725.033333333)1.93388063969, -12.0295536486, 53381.3587867, 7.75800780153, 2984.06747897, 
Chromsome [3]: (724.133333333)2.28781314406, 22.3163023788, 124544.592843, 1.2501045471, 190.906885905, 
Chromsome [4]: (724.0)6.38467208038, 31.4371729558, 51903.8868059, 5.4284620642, 2966.10183477, 
<------------ GEN 53--------------->
Chromsome [0]: (780.466666667)-58.1780538742, -64.8939078526, 39022.745262, 15.4208786932, 1209.07447465, 
Chromsome [1]: (780.466666667)-6.18467208038, 18.7508130095, 39022.745262, 15.4208786932, 1168.12485493, 
Chromsome [2]: (725.8)1.93388063969, -12.0295536486, 53381.3587867, 25.9153385188, 2681.23040406, 
Chromsome [3]: (716.666666667)2.28781314406, -38.9319264972, 174862.797626, 31.8398442863, 1077.13408656, 
Chromsome [4]: (716.466666667)2.55427933005, 31.9902482796, 39022.745262, 15.4208786932, 1251.66314018, 
<------------ GEN 54--------------->
Chromsome [0]: (799.2)-58.1780538742, -64.8939078526, 39022.745262, 15.4208786932, 1209.07447465, 
Chromsome [1]: (735.033333333)1.93388063969, -12.0295536486, 11177.5038638, 46.156232534, 892.695359191, 
Chromsome [2]: (726.566666667)2.55427933005, -27.2648082169, 31004.6847423, 18.5514037326, 1168.12485493, 
Chromsome [3]: (720.766666667)2.55427933005, 31.9902482796, 39022.745262, 15.4208786932, 1077.13408656, 
Chromsome [4]: (713.166666667)6.38467208038, 31.4371729558, 110015.402509, 7.75800780153, 2984.06747897, 
<------------ GEN 55--------------->
Chromsome [0]: (804.566666667)-58.1780538742, -64.8939078526, 39022.745262, 15.4208786932, 1209.07447465, 
Chromsome [1]: (738.666666667)0.569353615225, 82.2423902627, 85996.6520078, 1.63922241843, 2852.99446011, 
Chromsome [2]: (721.1)1.93388063969, -12.0295536486, 11177.5038638, 15.4208786932, 1077.13408656, 
Chromsome [3]: (714.366666667)2.55427933005, 86.6374277258, 39022.745262, 13.843767466, 892.695359191, 
Chromsome [4]: (712.2)2.55427933005, -27.2648082169, 31004.6847423, 18.5514037326, 1168.12485493, 
<------------ GEN 56--------------->
Chromsome [0]: (831.7)-58.1780538742, -64.8939078526, 39022.745262, 15.4208786932, 1209.07447465, 
Chromsome [1]: (770.933333333)0.569353615225, 82.2423902627, 104224.083262, 7.75800780153, 1578.22620129, 
Chromsome [2]: (751.466666667)1.93388063969, -12.0295536486, 11177.5038638, 60.7051080295, 1077.13408656, 
Chromsome [3]: (751.166666667)2.55427933005, -33.5343033772, 11177.5038638, 6.1805208106, 892.695359191, 
Chromsome [4]: (751.166666667)1.93388063969, 47.8839793658, 71612.2375922, 4.0091287203, 1209.07447465, 
<------------ GEN 57--------------->
Chromsome [0]: (807.5)-9.5512759392, 25.503726512, 14714.1203926, 1.63922241843, 2852.99446011, 
Chromsome [1]: (807.5)-58.1780538742, -64.8939078526, 39022.745262, 15.4208786932, 1209.07447465, 
Chromsome [2]: (724.7)0.569353615225, 82.2423902627, 104224.083262, 7.75800780153, 1578.22620129, 
Chromsome [3]: (721.266666667)3.74157531656, -81.9105416101, 32244.1302797, 19.533510501, 715.86965514, 
Chromsome [4]: (699.533333333)2.55427933005, -33.5343033772, 11177.5038638, 6.1805208106, 892.695359191, 
<------------ GEN 58--------------->
Chromsome [0]: (808.966666667)-9.5512759392, 25.503726512, 14714.1203926, 1.63922241843, 2852.99446011, 
Chromsome [1]: (764.866666667)0.382221559508, 48.1402686056, 40036.0796989, 20.8271522586, 1921.69861491, 
Chromsome [2]: (755.9)0.569353615225, 82.2423902627, 222886.680087, 47.5002113449, 715.86965514, 
Chromsome [3]: (742.566666667)2.55427933005, -33.5343033772, 11177.5038638, 5.9455481366, 1168.12485493, 
Chromsome [4]: (740.966666667)2.55427933005, 15.0737965747, 49747.3689186, 0.705108029456, 1077.13408656, 
<------------ GEN 59--------------->
Chromsome [0]: (810.866666667)-9.5512759392, 25.503726512, 14714.1203926, 1.63922241843, 2852.99446011, 
Chromsome [1]: (780.8)0.382221559508, 48.1402686056, 40036.0796989, 6.1805208106, 892.695359191, 
Chromsome [2]: (779.733333333)0.569353615225, 82.2423902627, 11473.8937426, 12.4997886551, 715.86965514, 
Chromsome [3]: (765.333333333)2.55427933005, -200.95220703, 148791.803924, 0.705108029456, 1077.13408656, 
Chromsome [4]: (765.066666667)2.55427933005, -6.66598510469, 14714.1203926, 21.3095227689, 1569.29765874, 
<------------ GEN 60--------------->
Chromsome [0]: (812.633333333)-9.5512759392, 25.503726512, 14714.1203926, 1.63922241843, 2852.99446011, 
Chromsome [1]: (781.266666667)0.382221559508, 48.1402686056, 40036.0796989, 6.1805208106, 3001.33350532, 
Chromsome [2]: (767.033333333)0.569353615225, -64.8939078526, 91185.5997669, 9.62567711977, 1069.92558388, 
Chromsome [3]: (765.333333333)2.55427933005, -52.9009417183, 104172.596792, 4.49170010498, 1209.07447465, 
Chromsome [4]: (765.333333333)2.55427933005, -64.8939078526, 25193.1792722, 4.57224457258, 2687.49967889, 
<------------ GEN 61--------------->
Chromsome [0]: (791.066666667)-16.7191813736, 45.9952791795, 162771.063853, 17.2301302459, 1040.08421618, 
Chromsome [1]: (791.066666667)-9.5512759392, 25.503726512, 14714.1203926, 1.63922241843, 2852.99446011, 
Chromsome [2]: (733.166666667)0.382221559508, 48.1402686056, 40036.0796989, 6.1805208106, 1212.1181043, 
Chromsome [3]: (733.166666667)0.382221559508, 48.1402686056, 40036.0796989, 6.1805208106, 2998.66649468, 
Chromsome [4]: (719.333333333)0.569353615225, -64.8939078526, 68722.5016203, 11.6155809197, 2460.15631554, 
<------------ GEN 62--------------->
Chromsome [0]: (795.7)-16.7191813736, 45.9952791795, 162771.063853, 17.2301302459, 1040.08421618, 
Chromsome [1]: (751.366666667)0.382221559508, 48.1402686056, 40036.0796989, 6.1805208106, 1212.1181043, 
Chromsome [2]: (751.366666667)0.382221559508, 48.1402686056, 40036.0796989, 6.1805208106, 1209.07447465, 
Chromsome [3]: (740.233333333)0.569353615225, -64.8939078526, 68722.5016203, 11.6155809197, 2415.27536053, 
Chromsome [4]: (737.366666667)2.55427933005, -64.8939078526, 39022.745262, 12.6657255354, 1820.77277079, 
<------------ GEN 63--------------->
Chromsome [0]: (803.066666667)-16.7191813736, 45.9952791795, 162771.063853, 17.2301302459, 1040.08421618, 
Chromsome [1]: (731.166666667)0.382221559508, 63.225781836, 395168.979534, 6.1805208106, 1209.07447465, 
Chromsome [2]: (729.666666667)0.382221559508, 16.3668977806, 104172.596792, 8.0780373219, 1912.13818048, 
Chromsome [3]: (726.633333333)2.55427933005, 82.2423902627, 59750.4931428, 5.70771636208, 839.524611964, 
Chromsome [4]: (726.1)3.50774530228, 45.9952791795, 75689.0949188, 17.2301302459, 1040.08421618, 
<------------ GEN 64--------------->
Chromsome [0]: (806.166666667)-16.7191813736, 45.9952791795, 162771.063853, 17.2301302459, 1040.08421618, 
Chromsome [1]: (753.633333333)0.382221559508, 63.225781836, -35168.9795336, 20.820012357, 1912.13818048, 
Chromsome [2]: (733.466666667)3.74157531656, 50.7280984487, 14714.1203926, 9.62567711977, 671.273831654, 
Chromsome [3]: (733.2)0.382221559508, 71.2864514781, 165876.595404, 8.0780373219, 1209.07447465, 
Chromsome [4]: (732.9)2.55427933005, -81.0345204146, 39022.745262, 12.6657255354, 1820.77277079, 
<------------ GEN 65--------------->
Chromsome [0]: (816.466666667)-16.7191813736, 45.9952791795, 162771.063853, 17.2301302459, 1040.08421618, 
Chromsome [1]: (744.666666667)0.382221559508, 63.225781836, 35168.9795336, 20.820012357, 1912.13818048, 
Chromsome [2]: (735.1)0.569353615225, -11.4589557343, 41552.3238913, 11.6155809197, 2415.27536053, 
Chromsome [3]: (730.333333333)2.55427933005, -6.66598510469, 11177.5038638, 7.67525940823, 2852.99446011, 
Chromsome [4]: (730.333333333)2.340220498, -45.738142885, 19610.1777138, 28.4535017377, 1569.29765874, 
<------------ GEN 66--------------->
Chromsome [0]: (780.233333333)-16.7191813736, 45.9952791795, 162771.063853, 17.2301302459, 1040.08421618, 
Chromsome [1]: (725.866666667)0.382221559508, 63.225781836, 35168.9795336, 20.820012357, 1912.13818048, 
Chromsome [2]: (719.7)0.569353615225, -11.4589557343, 39022.745262, 12.6657255354, 784.159857947, 
Chromsome [3]: (715.9)12.9739130532, 82.2423902627, -302332.039539, 5.70771636208, 1614.97675257, 
Chromsome [4]: (710.733333333)2.55427933005, -6.66598510469, 11177.5038638, 7.67525940823, 2852.99446011, 
<------------ GEN 67--------------->
Chromsome [0]: (770.066666667)-16.7191813736, 45.9952791795, 162771.063853, 17.2301302459, 1040.08421618, 
Chromsome [1]: (712.033333333)0.569353615225, 37.951399799, 39022.745262, 7.55928056877, 2852.99446011, 
Chromsome [2]: (712.033333333)0.382221559508, -38.5858891994, 39022.745262, 11.30113924, 2762.97398663, 
Chromsome [3]: (708.566666667)0.569353615225, -11.4589557343, 75631.7493263, 12.6657255354, 784.159857947, 
Chromsome [4]: (698.366666667)2.55427933005, -6.66598510469, 474435.296345, 12.6657255354, 784.159857947, 
<------------ GEN 68--------------->
Chromsome [0]: (764.966666667)-16.7191813736, 45.9952791795, 162771.063853, 17.2301302459, 1040.08421618, 
Chromsome [1]: (694.266666667)2.55427933005, -6.66598510469, -114435.296345, 12.6657255354, 784.159857947, 
Chromsome [2]: (687.166666667)0.382221559508, 49.6818872653, 123267.331376, -5.39002829956, 1820.77277079, 
Chromsome [3]: (685.3)0.569353615225, 37.951399799, 39022.745262, 5.70771636208, 2103.1576566, 
Chromsome [4]: (685.3)0.569353615225, 37.951399799, 39022.745262, 7.55928056877, 2852.99446011, 
<------------ GEN 69--------------->
Chromsome [0]: (791.366666667)-16.7191813736, 45.9952791795, 162771.063853, 17.2301302459, 1040.08421618, 
Chromsome [1]: (746.3)1.68679544637, 7.14862659273, -68205.9942687, 27.9307026845, 1912.13818048, 
Chromsome [2]: (730.3)0.382221559508, 49.6818872653, 123267.331376, 5.39002829956, 2415.27536053, 
Chromsome [3]: (727.3)0.569353615225, 37.951399799, 39022.745262, 23.1686474805, 540.499637013, 
Chromsome [4]: (727.3)0.569353615225, 37.951399799, 41476.5939818, 1.15169000329, 2460.15631554, 
<------------ GEN 70--------------->
Chromsome [0]: (791.833333333)-16.7191813736, 45.9952791795, 162771.063853, 17.2301302459, 1040.08421618, 
Chromsome [1]: (712.7)0.382221559508, 49.6818872653, 188702.066998, 7.55928056877, 2852.99446011, 
Chromsome [2]: (709.766666667)0.569353615225, 37.951399799, 39022.745262, 0.2601408732, 540.499637013, 
Chromsome [3]: (709.766666667)0.569353615225, 37.951399799, 39022.745262, 5.39002829956, 2415.27536053, 
Chromsome [4]: (706.366666667)0.569353615225, -11.4589557343, 75631.7493263, -7.09276452007, 784.159857947, 
<------------ GEN 71--------------->
Chromsome [0]: (769.4)-16.7191813736, 45.9952791795, 162771.063853, 17.2301302459, 1040.08421618, 
Chromsome [1]: (692.566666667)0.382221559508, -6.58292627725, 171297.933002, 7.55928056877, 1363.46312515, 
Chromsome [2]: (692.066666667)0.569353615225, -11.4589557343, 68205.9942687, 23.0769342653, 1820.77277079, 
Chromsome [3]: (691.8)0.569353615225, -59.561797361, 75631.7493263, 16.8944459529, 1780.54795513, 
Chromsome [4]: (690.833333333)5.11815561352, 37.951399799, 41476.5939818, 0.2601408732, 540.499637013, 
<------------ GEN 72--------------->
Chromsome [0]: (772.7)-16.7191813736, 45.9952791795, 162771.063853, 17.2301302459, 1040.08421618, 
Chromsome [1]: (699.833333333)0.569353615225, 37.951399799, 39022.745262, 1.15169000329, 2460.15631554, 
Chromsome [2]: (695.7)0.569353615225, -11.4589557343, 68205.9942687, 23.0769342653, 1040.08421618, 
Chromsome [3]: (695.7)0.569353615225, -11.4589557343, 68205.9942687, 23.0769342653, 1820.77277079, 
Chromsome [4]: (691.1)2.55427933005, -4.26248216912, 114435.296345, 18.1953811852, 1040.08421618, 
<------------ GEN 73--------------->
Chromsome [0]: (782.866666667)-16.7191813736, 45.9952791795, 162771.063853, 17.2301302459, 1040.08421618, 
Chromsome [1]: (699.8)0.569353615225, -11.4589557343, 68205.9942687, 23.0769342653, 1820.77277079, 
Chromsome [2]: (699.433333333)0.569353615225, 52.2389533056, 145045.926668, 1.15169000329, 2460.15631554, 
Chromsome [3]: (686.933333333)2.55427933005, -4.26248216912, 114435.296345, 18.1953811852, 1040.08421618, 
Chromsome [4]: (686.933333333)1.68679544637, -6.58292627725, 171297.933002, 12.3098318483, 1363.46312515, 
<------------ GEN 74--------------->
Chromsome [0]: (797.033333333)-21.4647079664, -273.168698669, 145045.926668, 1.15169000329, 2460.15631554, 
Chromsome [1]: (797.033333333)-16.7191813736, 45.9952791795, 162771.063853, 17.2301302459, 1040.08421618, 
Chromsome [2]: (710.533333333)3.74157531656, 22.9327339641, -152786.871808, 22.168334707, 639.372032623, 
Chromsome [3]: (706.433333333)1.68679544637, -6.58292627725, -123396.933063, 12.3098318483, 1363.46312515, 
Chromsome [4]: (679.2)0.569353615225, -11.4589557343, 29538.3482813, 23.0769342653, 1820.77277079, 
<------------ GEN 75--------------->
Chromsome [0]: (785.2)-21.4647079664, -273.168698669, 145045.926668, 1.15169000329, 2460.15631554, 
Chromsome [1]: (657.733333333)0.569353615225, -11.4589557343, 29538.3482813, 23.0769342653, 1695.56146489, 
Chromsome [2]: (657.366666667)0.569353615225, -24.3164562168, 70958.2596686, 21.6592808903, 1285.68451751, 
Chromsome [3]: (635.033333333)12.9739130532, -20.2501623473, 162771.063853, 17.2301302459, 770.149227221, 
Chromsome [4]: (631.533333333)2.05666410721, -89.8267187452, 49043.7648501, 29.8156370772, 1953.47010639, 
<------------ GEN 76--------------->
Chromsome [0]: (794.366666667)-21.4647079664, -273.168698669, 145045.926668, 1.15169000329, 2460.15631554, 
Chromsome [1]: (680.933333333)0.569353615225, -80.5125431184, 133798.982986, 5.58761749365, 639.372032623, 
Chromsome [2]: (659.633333333)2.05666410721, -89.8267187452, 49043.7648501, 29.8156370772, 1953.47010639, 
Chromsome [3]: (654.5)1.68679544637, 45.9952791795, 51629.5948294, 10.5531162079, 1040.08421618, 
Chromsome [4]: (650.466666667)8.82724281635, -39.7182806704, 162771.063853, 1.15169000329, 2730.44170901, 
<------------ GEN 77--------------->
Chromsome [0]: (794.533333333)-21.4647079664, -273.168698669, 145045.926668, 1.15169000329, 2460.15631554, 
Chromsome [1]: (727.2)3.74157531656, 83.9224361872, 90337.4834819, 17.2301302459, 2489.9708285, 
Chromsome [2]: (707.266666667)0.569353615225, 82.4689616111, 145045.926668, 11.8352843074, 1155.37081423, 
Chromsome [3]: (688.833333333)1.68679544637, 60.7717787635, 60443.9162104, 20.093681341, 1245.73572122, 
Chromsome [4]: (683.8)2.05666410721, 50.6720253189, 174597.583769, 15.3411910891, 540.499637013, 
<------------ GEN 78--------------->
Chromsome [0]: (804.766666667)-21.4647079664, -273.168698669, 145045.926668, 1.15169000329, 2460.15631554, 
Chromsome [1]: (734.966666667)0.569353615225, 82.4689616111, 119353.470405, 11.8352843074, 1155.37081423, 
Chromsome [2]: (729.066666667)6.16449961753, 60.7717787635, 60443.9162104, 20.093681341, 716.526044926, 
Chromsome [3]: (700.7)2.05666410721, 50.6720253189, 174597.583769, 15.3411910891, 1018.45863069, 
Chromsome [4]: (647.266666667)12.9739130532, 1.27433121838, 176368.671951, 29.1742544196, 1155.37081423, 
<------------ GEN 79--------------->
Chromsome [0]: (784.666666667)-21.4647079664, -273.168698669, 145045.926668, 1.15169000329, 2460.15631554, 
Chromsome [1]: (722.466666667)0.569353615225, 82.4689616111, 119353.470405, 11.8352843074, 1155.37081423, 
Chromsome [2]: (713.1)6.16449961753, 60.7717787635, 60443.9162104, 24.0027151525, 2230.77010615, 
Chromsome [3]: (713.1)6.16449961753, 60.7717787635, 60443.9162104, 20.093681341, 716.526044926, 
Chromsome [4]: (701.433333333)21.6647079664, 81.7547084234, -159376.330126, 1.15169000329, 1409.58593334, 
<------------ GEN 80--------------->
Chromsome [0]: (771.633333333)-21.4647079664, -273.168698669, 145045.926668, 1.15169000329, 2460.15631554, 
Chromsome [1]: (708.633333333)0.569353615225, 52.1013234001, 72423.0916374, 8.72045761931, 2460.15631554, 
Chromsome [2]: (706.033333333)6.16449961753, 60.7717787635, 60443.9162104, 0.791617568854, 2460.15631554, 
Chromsome [3]: (706.033333333)6.16449961753, 60.7717787635, 60443.9162104, 20.093681341, 716.526044926, 
Chromsome [4]: (703.7)6.16449961753, -260.689641937, 176368.671951, 29.1742544196, 1155.37081423, 
<------------ GEN 81--------------->
Chromsome [0]: (795.633333333)-38.2651147485, 24.0800419857, 10776.9488294, 27.4068738085, 609.990345014, 
Chromsome [1]: (795.633333333)-27.4465216485, 50.6720253189, 174597.583769, 26.8742720128, 2460.15631554, 
Chromsome [2]: (795.633333333)-21.4647079664, -273.168698669, 145045.926668, 1.15169000329, 2460.15631554, 
Chromsome [3]: (765.166666667)0.569353615225, 52.1013234001, -34191.4822114, 8.72045761931, 2460.15631554, 
Chromsome [4]: (726.266666667)6.16449961753, 26.7094520213, 108964.628436, 6.4311696678, 1285.03923344, 
<------------ GEN 82--------------->
Chromsome [0]: (788.6)-38.2651147485, 24.0800419857, 10776.9488294, 27.4068738085, 609.990345014, 
Chromsome [1]: (735.133333333)0.569353615225, 52.1013234001, 55623.9096931, 8.72045761931, 1840.0131499, 
Chromsome [2]: (715.066666667)2.05666410721, 50.6720253189, 158191.482657, 22.7527232966, 2460.15631554, 
Chromsome [3]: (714.766666667)6.16449961753, 50.1397292698, 138386.359981, 23.0769342653, 1231.69141046, 
Chromsome [4]: (714.4)6.16449961753, 60.7717787635, 169336.835378, 20.9335013911, 716.526044926, 
<------------ GEN 83--------------->
Chromsome [0]: (801.0)-38.2651147485, 24.0800419857, 10776.9488294, 27.4068738085, 609.990345014, 
Chromsome [1]: (722.2)0.569353615225, -66.0406341042, 100938.411631, 29.1742544196, 1155.37081423, 
Chromsome [2]: (722.2)0.569353615225, 52.1013234001, 55623.9096931, 28.2824339322, 1840.0131499, 
Chromsome [3]: (707.333333333)6.16449961753, 60.7717787635, 21294.3431409, 21.8077193462, -348.604745982, 
Chromsome [4]: (704.633333333)6.16449961753, 50.1397292698, 138386.359981, 23.0769342653, 1231.69141046, 
<------------ GEN 84--------------->
Chromsome [0]: (814.233333333)-80.4264275739, 37.465260936, 38654.569336, 11.2050739715, 2308.27705878, 
Chromsome [1]: (814.233333333)-38.2651147485, 24.0800419857, 10776.9488294, 27.4068738085, 609.990345014, 
Chromsome [2]: (762.166666667)0.569353615225, 52.1013234001, 42884.4019094, 18.0708422149, 1285.03923344, 
Chromsome [3]: (762.166666667)0.569353615225, -66.0406341042, 100938.411631, 1.15169000329, 1054.9391611, 
Chromsome [4]: (762.166666667)0.569353615225, 52.1013234001, 166943.145341, 20.9335013911, 2639.16424549, 
<------------ GEN 85--------------->
Chromsome [0]: (800.866666667)-66.5342737166, 9.7151138686, 21720.8294483, 0.1693155795, 1617.65907545, 
Chromsome [1]: (800.866666667)-80.4264275739, 37.465260936, 38654.569336, 11.2050739715, 2308.27705878, 
Chromsome [2]: (747.333333333)0.569353615225, -66.0406341042, 100938.411631, 1.15169000329, 1054.9391611, 
Chromsome [3]: (747.333333333)0.569353615225, 52.1013234001, 166943.145341, 20.9335013911, 2884.88947519, 
Chromsome [4]: (740.366666667)1.33391216634, -86.8127742918, 70337.0265372, 24.6550708702, 795.175916337, 
<------------ GEN 86--------------->
Chromsome [0]: (782.7)-66.5342737166, 9.7151138686, 21720.8294483, 0.1693155795, 1617.65907545, 
Chromsome [1]: (736.833333333)6.16449961753, 60.7717787635, 64972.6990011, 5.24900778312, 2787.64463594, 
Chromsome [2]: (736.566666667)6.16449961753, -66.0406341042, 100938.411631, 1.15169000329, 1054.9391611, 
Chromsome [3]: (716.033333333)0.569353615225, 50.928031879, 32220.1095132, 20.9335013911, 2884.88947519, 
Chromsome [4]: (705.0)1.33391216634, -86.8127742918, 70337.0265372, 24.6550708702, 795.175916337, 
<------------ GEN 87--------------->
Chromsome [0]: (797.366666667)-66.5342737166, 9.7151138686, 21720.8294483, 0.1693155795, 1617.65907545, 
Chromsome [1]: (758.966666667)6.16449961753, -327.421664461, 100938.411631, 4.93334556535, 2965.57713922, 
Chromsome [2]: (758.5)6.16449961753, 60.7717787635, 64972.6990011, -1.57364515968, 2837.79095716, 
Chromsome [3]: (757.666666667)6.16449961753, -66.0406341042, -71612.2319097, 1.15169000329, 1054.9391611, 
Chromsome [4]: (755.2)0.569353615225, 105.595082445, 138386.359981, 24.1961892429, 2346.10100222, 
<------------ GEN 88--------------->
Chromsome [0]: (787.066666667)-101.663782958, 37.465260936, 135262.10014, 14.5112452399, 1649.95020731, 
Chromsome [1]: (787.066666667)-66.5342737166, 9.7151138686, 21720.8294483, 0.1693155795, 1617.65907545, 
Chromsome [2]: (761.3)6.16449961753, -45.539111434, 71612.2319097, 1.15169000329, 1285.03923344, 
Chromsome [3]: (761.133333333)6.16449961753, 60.7717787635, 64972.6990011, 1.57364515968, 2837.79095716, 
Chromsome [4]: (760.966666667)6.16449961753, -66.0406341042, 125798.579098, 28.2824339322, 1840.0131499, 
<------------ GEN 89--------------->
Chromsome [0]: (794.233333333)-50.6633476275, -80.3010774234, 125798.579098, 28.2824339322, 1840.0131499, 
Chromsome [1]: (794.233333333)-10.3284606496, 6.69044891057, 131728.674794, 11.0682427468, 2521.54668961, 
Chromsome [2]: (794.233333333)-48.6221136694, -63.6599407708, 138386.359981, 21.2523407503, 2801.74343525, 
Chromsome [3]: (794.233333333)-101.663782958, 37.465260936, 135262.10014, 14.5112452399, 1649.95020731, 
Chromsome [4]: (760.166666667)6.16449961753, 32.5783355389, 88293.8260518, 10.7020668211, 2004.26353615, 
<------------ GEN 90--------------->
Chromsome [0]: (781.333333333)-50.6633476275, -80.3010774234, 125798.579098, 28.2824339322, 1840.0131499, 
Chromsome [1]: (741.3)4.73811918397, -120.241091993, 21720.8294483, 0.1693155795, 826.898177316, 
Chromsome [2]: (736.766666667)0.569353615225, 74.4049175547, 138386.359981, 0.1693155795, 1617.65907545, 
Chromsome [3]: (736.766666667)0.569353615225, -80.3010774234, 161876.075731, 28.2824339322, 1840.0131499, 
Chromsome [4]: (721.1)6.16449961753, -45.539111434, 61127.0226588, 14.9419269537, 2830.50442645, 
<------------ GEN 91--------------->
Chromsome [0]: (781.9)-6.81133272031, 32.5783355389, 101044.106663, 0.1693155795, 1249.35950302, 
Chromsome [1]: (781.9)-50.6633476275, -80.3010774234, 125798.579098, 28.2824339322, 1840.0131499, 
Chromsome [2]: (729.266666667)0.569353615225, 74.4049175547, 138386.359981, 1.15169000329, 1078.12784647, 
Chromsome [3]: (726.433333333)4.73811918397, -59.7589080075, 21720.8294483, 0.1693155795, 4376.34608861, 
Chromsome [4]: (726.433333333)4.73811918397, -59.7589080075, 21720.8294483, 0.1693155795, 692.738207681, 
<------------ GEN 92--------------->
Chromsome [0]: (784.6)-107.475323539, -59.7589080075, 21720.8294483, 0.1693155795, 1761.60579682, 
Chromsome [1]: (784.6)-4.42942850891, 2.26925071896, 64972.6990011, 1.57364515968, 1840.0131499, 
Chromsome [2]: (784.6)-6.81133272031, 32.5783355389, 101044.106663, 0.1693155795, 1249.35950302, 
Chromsome [3]: (732.633333333)0.569353615225, 74.4049175547, 138386.359981, 1.15169000329, 1078.12784647, 
Chromsome [4]: (732.633333333)0.569353615225, 74.4049175547, 138386.359981, 1.15169000329, 878.944365474, 
<------------ GEN 93--------------->
Chromsome [0]: (796.733333333)-107.475323539, -59.7589080075, 21720.8294483, 0.1693155795, 1761.60579682, 
Chromsome [1]: (754.3)4.73811918397, -59.7589080075, 149724.251583, 0.1693155795, 692.738207681, 
Chromsome [2]: (739.733333333)0.569353615225, -190.227649821, 138386.359981, 1.15169000329, 774.82315276, 
Chromsome [3]: (739.033333333)5.3245147129, -66.0406341042, 12547.1801912, 28.2824339322, 1623.65391139, 
Chromsome [4]: (734.833333333)0.569353615225, 50.0644558347, 138386.359981, 1.15169000329, 878.944365474, 
<------------ GEN 94--------------->
Chromsome [0]: (798.533333333)-53.1683792718, 20.6161739667, 62106.2615485, 22.1976122942, 2593.0335976, 
Chromsome [1]: (798.533333333)-6.35907260542, 74.4049175547, 138386.359981, 1.15169000329, 1078.12784647, 
Chromsome [2]: (798.533333333)-107.475323539, -59.7589080075, 21720.8294483, 0.1693155795, 1761.60579682, 
Chromsome [3]: (740.433333333)4.73811918397, 78.2630952702, 105955.53268, 7.97400282906, 875.503107421, 
Chromsome [4]: (722.5)5.3245147129, -66.0406341042, 62147.8393463, 3.76022097797, 1761.60579682, 
<------------ GEN 95--------------->
Chromsome [0]: (811.533333333)-53.1683792718, 20.6161739667, 62106.2615485, 22.1976122942, 2593.0335976, 
Chromsome [1]: (781.933333333)4.73811918397, 78.2630952702, 105955.53268, 7.97400282906, 2593.0335976, 
Chromsome [2]: (781.933333333)4.73811918397, 78.2630952702, 105955.53268, 1.15169000329, 774.82315276, 
Chromsome [3]: (759.533333333)5.3245147129, -83.9354839311, 135936.849242, 3.76022097797, 2871.19540159, 
Chromsome [4]: (759.466666667)0.569353615225, 8.45660139727, 52387.981975, 18.7986964962, 2053.66899864, 
<------------ GEN 96--------------->
Chromsome [0]: (799.266666667)-53.1683792718, 20.6161739667, 62106.2615485, 22.1976122942, 2593.0335976, 
Chromsome [1]: (790.033333333)4.73811918397, 78.2630952702, 128723.941328, 7.97400282906, 2593.0335976, 
Chromsome [2]: (790.033333333)4.73811918397, 78.2630952702, 105955.53268, 1.15169000329, 774.82315276, 
Chromsome [3]: (771.366666667)0.569353615225, 15.765588704, 138386.359981, 0.997024907671, 1960.19290231, 
Chromsome [4]: (771.2)0.569353615225, -66.0406341042, 135262.10014, 15.5569108576, 1054.9391611, 
<------------ GEN 97--------------->
Chromsome [0]: (809.433333333)-25.9762891773, 84.4781857146, 64330.1250575, 24.9193079347, 1960.19290231, 
Chromsome [1]: (809.433333333)-53.1683792718, 20.6161739667, 62106.2615485, 22.1976122942, 2593.0335976, 
Chromsome [2]: (763.3)4.73811918397, 78.2630952702, 10776.9488294, 21.4815522453, 2575.72358711, 
Chromsome [3]: (760.9)0.569353615225, -4.47037007501, 35738.0571728, 0.1693155795, 1761.60579682, 
Chromsome [4]: (760.866666667)0.569353615225, 15.765588704, 138386.359981, 0.997024907671, 875.503107421, 
<------------ GEN 98--------------->
Chromsome [0]: (815.9)-27.221980395, 50.0644558347, 97942.6396863, 27.1505981718, 777.845108956, 
Chromsome [1]: (815.9)-25.9762891773, 84.4781857146, 64330.1250575, 24.9193079347, 1960.19290231, 
Chromsome [2]: (759.366666667)0.377272068026, 74.4049175547, 105955.53268, 7.97400282906, 875.503107421, 
Chromsome [3]: (751.433333333)0.569353615225, -4.47037007501, 35738.0571728, 0.1693155795, 774.82315276, 
Chromsome [4]: (751.433333333)0.569353615225, -4.47037007501, 35738.0571728, 0.1693155795, 1761.60579682, 
<------------ GEN 99--------------->
Chromsome [0]: (807.766666667)-27.221980395, 50.0644558347, 97942.6396863, 27.1505981718, 777.845108956, 
Chromsome [1]: (765.066666667)3.4800319062, 84.4781857146, 64330.1250575, 24.9193079347, 1960.19290231, 
Chromsome [2]: (760.533333333)0.569353615225, -4.47037007501, 39761.4397648, 0.1693155795, 3276.63290901, 
Chromsome [3]: (754.2)0.569353615225, 74.4049175547, 105955.53268, 7.97400282906, 875.503107421, 
Chromsome [4]: (752.333333333)0.377272068026, -66.0406341042, 135262.10014, 6.55465976828, 699.240669493, 
<------------ GEN 100--------------->
Chromsome [0]: (808.4)-27.221980395, 50.0644558347, 97942.6396863, 27.1505981718, 777.845108956, 
Chromsome [1]: (771.6)0.569353615225, 14.6594818867, 154902.691043, 10.7359002573, 1761.60579682, 
Chromsome [2]: (770.966666667)0.569353615225, 68.6468268736, 24227.8527278, 24.1672187358, 986.207030889, 
Chromsome [3]: (768.933333333)0.569353615225, 74.4049175547, 105955.53268, 32.8380065259, 1191.38944116, 
Chromsome [4]: (767.266666667)0.569353615225, -4.47037007501, 167563.906628, 31.6402700003, 889.895590643, 
