<------------ GEN 1--------------->
Chromsome [0]: (775.933333333)0.534761893573, -49.5497833284, 5527.0635292, 10.9093043949, 1516.73408352, 
Chromsome [1]: (753.2)5.3265296729, 53.2672427727, 6385.95357707, 2.81474104522, 507.699526714, 
Chromsome [2]: (749.066666667)10.5882433157, 7.63557041334, 83988.9243457, 19.456829009, 2360.78520184, 
Chromsome [3]: (744.433333333)10.5719299129, 84.0008057205, 47695.8782767, 3.3092079247, 2915.99017498, 
Chromsome [4]: (737.333333333)11.3563487667, 60.6763671462, 168621.067722, 20.981784449, 2361.98696395, 
<------------ GEN 2--------------->
Chromsome [0]: (790.633333333)0.534761893573, -49.5497833284, 5527.0635292, 16.3608305413, 2934.68636018, 
Chromsome [1]: (790.633333333)0.534761893573, -49.5497833284, 5527.0635292, 10.9093043949, 1516.73408352, 
Chromsome [2]: (787.166666667)0.534761893573, -49.5497833284, 81955.3423415, 3.37961000546, 1645.55538858, 
Chromsome [3]: (775.566666667)2.19599460306, -65.2663765629, 76666.9315085, 1.0351103008, 2991.55342973, 
Chromsome [4]: (744.6)10.5882433157, 7.63557041334, 83988.9243457, 19.456829009, 833.849778481, 
<------------ GEN 3--------------->
Chromsome [0]: (803.3)-13.5002995406, -58.4045430466, 49817.921325, 1.19232308227, 1887.50962298, 
Chromsome [1]: (785.933333333)0.534761893573, -49.5497833284, 5527.0635292, 41.1282620494, 2991.55342973, 
Chromsome [2]: (785.933333333)0.534761893573, -49.5497833284, 5527.0635292, 16.3608305413, 2934.68636018, 
Chromsome [3]: (784.166666667)0.534761893573, -65.9921184649, 49371.0499851, 13.7290732629, 1835.66861175, 
Chromsome [4]: (782.466666667)0.534761893573, -49.5497833284, 81955.3423415, 3.37961000546, 1645.55538858, 
<------------ GEN 4--------------->
Chromsome [0]: (808.333333333)-97.5527318072, 28.3602801456, 165062.593801, 19.456829009, 823.560939863, 
Chromsome [1]: (808.333333333)-13.5002995406, -58.4045430466, 49817.921325, 1.19232308227, 1887.50962298, 
Chromsome [2]: (805.466666667)0.534761893573, -49.5497833284, 5527.0635292, 2.81474104522, 2076.0765884, 
Chromsome [3]: (805.466666667)0.534761893573, -49.5497833284, 5527.0635292, 18.8717379506, 1921.47270785, 
Chromsome [4]: (805.433333333)0.534761893573, -49.5497833284, 49371.0499851, 21.996151723, 1835.66861175, 
<------------ GEN 5--------------->
Chromsome [0]: (806.466666667)-33.7699009944, 25.9847918959, 152450.509971, 0.772868332636, 2361.98696395, 
Chromsome [1]: (806.466666667)-97.5527318072, 28.3602801456, 165062.593801, 19.456829009, 823.560939863, 
Chromsome [2]: (801.6)0.534761893573, 115.853796055, 61352.718367, 0.602926319885, 2527.8355056, 
Chromsome [3]: (800.733333333)0.534761893573, 45.218537941, 5527.0635292, 29.6434773353, 962.975695346, 
Chromsome [4]: (800.666666667)0.534761893573, -49.5497833284, 49371.0499851, 21.996151723, 1835.66861175, 
<------------ GEN 6--------------->
Chromsome [0]: (823.933333333)-54.4574297642, -58.4045430466, 49817.921325, 29.6434773353, 962.975695346, 
Chromsome [1]: (823.933333333)-33.7699009944, 25.9847918959, 152450.509971, 0.772868332636, 2361.98696395, 
Chromsome [2]: (821.033333333)0.534761893573, -49.5497833284, 36433.8606194, 1.5365430796, 2209.27342494, 
Chromsome [3]: (821.033333333)0.534761893573, -79.8837674314, 174154.054754, 19.456829009, 823.560939863, 
Chromsome [4]: (821.033333333)0.534761893573, -43.4770841134, 49817.921325, 17.6133820887, 1887.50962298, 
<------------ GEN 7--------------->
Chromsome [0]: (833.6)-54.4574297642, -58.4045430466, 49817.921325, 29.6434773353, 962.975695346, 
Chromsome [1]: (822.133333333)0.534761893573, -49.5497833284, 36433.8606194, 1.5365430796, 5238.92382992, 
Chromsome [2]: (821.0)0.534761893573, 64.1462039453, 49817.921325, 29.6434773353, 962.975695346, 
Chromsome [3]: (820.666666667)0.534761893573, 64.1462039453, 61352.718367, 3.01799471011, 2527.8355056, 
Chromsome [4]: (820.5)0.534761893573, -43.4770841134, 117609.396713, 20.6293266554, 1887.50962298, 
<------------ GEN 8--------------->
Chromsome [0]: (835.266666667)-54.4574297642, -58.4045430466, 49817.921325, 29.6434773353, 962.975695346, 
Chromsome [1]: (832.4)0.534761893573, 64.1462039453, 7589.51521595, 6.20633537081, 1464.15867686, 
Chromsome [2]: (832.4)0.534761893573, -49.5497833284, -102811.440112, 1.5365430796, -168.76828306, 
Chromsome [3]: (832.366666667)0.534761893573, -43.4770841134, 117609.396713, 20.6293266554, 1887.50962298, 
Chromsome [4]: (832.366666667)0.534761893573, -79.8837674314, 160968.099353, 19.456829009, 1775.85995555, 
<------------ GEN 9--------------->
Chromsome [0]: (854.866666667)-54.4574297642, -58.4045430466, 49817.921325, 29.6434773353, 962.975695346, 
Chromsome [1]: (852.0)0.534761893573, 64.1462039453, 7589.51521595, 6.20633537081, 962.975695346, 
Chromsome [2]: (851.966666667)0.534761893573, -58.4045430466, 49817.921325, 29.6434773353, 962.975695346, 
Chromsome [3]: (851.966666667)0.534761893573, -61.6112086482, 160968.099353, 12.0902567407, 1775.85995555, 
Chromsome [4]: (851.966666667)0.534761893573, -49.5497833284, 159670.238155, 19.2554980929, 646.527926426, 
<------------ GEN 10--------------->
Chromsome [0]: (842.033333333)-54.4574297642, -58.4045430466, 49817.921325, 29.6434773353, 962.975695346, 
Chromsome [1]: (818.333333333)2.19599460306, -0.943414545816, 56668.3621751, 11.3658868484, 1775.85995555, 
Chromsome [2]: (818.033333333)0.534761893573, 64.1462039453, 7589.51521595, 21.996151723, 671.425987807, 
Chromsome [3]: (818.0)0.534761893573, 74.9931868492, 80730.7422994, 1.86351141786, 1516.73408352, 
Chromsome [4]: (818.0)0.534761893573, -79.8837674314, 49817.921325, 29.6434773353, 962.975695346, 
<------------ GEN 11--------------->
Chromsome [0]: (857.933333333)-54.4574297642, -58.4045430466, 49817.921325, 29.6434773353, 962.975695346, 
Chromsome [1]: (844.666666667)2.19599460306, -0.943414545816, 56668.3621751, 11.3658868484, 1775.85995555, 
Chromsome [2]: (844.466666667)0.534761893573, 84.1082193338, 56668.3621751, 11.3658868484, 1008.33388146, 
Chromsome [3]: (844.466666667)0.534761893573, -79.8837674314, 26092.379199, 29.6434773353, 962.975695346, 
Chromsome [4]: (844.466666667)0.534761893573, -70.8797900378, 117609.396713, 4.73175338996, 2812.55999256, 
<------------ GEN 12--------------->
Chromsome [0]: (833.0)-54.4574297642, -58.4045430466, 49817.921325, 29.6434773353, 962.975695346, 
Chromsome [1]: (816.9)2.19599460306, -0.943414545816, 146358.324006, 25.826139785, 1694.31420392, 
Chromsome [2]: (816.633333333)0.534761893573, -79.8837674314, 130836.728038, 10.214573575, 1960.73831559, 
Chromsome [3]: (816.633333333)0.534761893573, -70.8797900378, 51059.4394558, 4.73175338996, 962.975695346, 
Chromsome [4]: (816.633333333)0.534761893573, 74.9931868492, 80730.7422994, 1.86351141786, 502.736238562, 
<------------ GEN 13--------------->
Chromsome [0]: (843.5)-54.4574297642, -58.4045430466, 49817.921325, 29.6434773353, 962.975695346, 
Chromsome [1]: (833.1)2.19599460306, 208.338906483, 66236.9108845, 4.09196404584, 2595.56769386, 
Chromsome [2]: (827.133333333)0.534761893573, -79.8837674314, 130836.728038, 10.214573575, 1850.89478187, 
Chromsome [3]: (827.133333333)0.534761893573, -70.8797900378, 59217.0304989, 4.73175338996, 962.975695346, 
Chromsome [4]: (827.133333333)0.534761893573, 66.2373568956, 123800.820551, 29.6434773353, 2629.29941233, 
<------------ GEN 14--------------->
Chromsome [0]: (826.0)-54.4574297642, -58.4045430466, 49817.921325, 29.6434773353, 962.975695346, 
Chromsome [1]: (821.266666667)0.534761893573, -152.629956262, 160968.099353, 19.456829009, 1067.91784381, 
Chromsome [2]: (820.2)0.534761893573, -70.8797900378, 59217.0304989, 4.73175338996, 664.1610936, 
Chromsome [3]: (820.2)0.534761893573, -29.7900441123, 130836.728038, 9.58237932458, 962.975695346, 
Chromsome [4]: (820.2)0.534761893573, 66.2373568956, 123800.820551, 29.6434773353, 1401.80919795, 
<------------ GEN 15--------------->
Chromsome [0]: (824.666666667)-31.6419915138, 82.4407226222, 77713.6086511, 1.2156459887, -335.517657388, 
Chromsome [1]: (824.666666667)-54.4574297642, -58.4045430466, 49817.921325, 29.6434773353, 962.975695346, 
Chromsome [2]: (808.533333333)0.534761893573, -79.8837674314, -47621.416388, 3.95811642841, 962.975695346, 
Chromsome [3]: (800.633333333)0.534761893573, -29.7900441123, 64540.0424026, 9.58237932458, 962.975695346, 
Chromsome [4]: (800.633333333)0.534761893573, -70.8797900378, 59217.0304989, 5.99680134524, 2005.03457653, 
<------------ GEN 16--------------->
Chromsome [0]: (837.866666667)-18.3177604295, 3.28463190559, 130836.728038, 19.6860197461, 2544.13858593, 
Chromsome [1]: (837.866666667)-0.211314041329, -29.0765553099, 113331.335828, 6.27502123135, 2055.46504158, 
Chromsome [2]: (837.866666667)-31.6419915138, 82.4407226222, 77713.6086511, 1.2156459887, -335.517657388, 
Chromsome [3]: (834.966666667)0.534761893573, -70.8797900378, 59217.0304989, 5.99680134524, 2082.4032141, 
Chromsome [4]: (834.966666667)0.534761893573, -79.8837674314, 47621.416388, 3.95811642841, 1335.51765739, 
<------------ GEN 17--------------->
Chromsome [0]: (825.466666667)-18.3177604295, 3.28463190559, 130836.728038, 19.6860197461, 2544.13858593, 
Chromsome [1]: (823.1)0.534761893573, -231.974535283, 123800.820551, 1.03130056229, 2867.09563845, 
Chromsome [2]: (822.566666667)0.534761893573, -52.5119271349, 77025.9567951, 0.14916808337, 887.096851887, 
Chromsome [3]: (822.566666667)0.534761893573, -58.4045430466, 34401.7704485, 7.58479853027, 2974.85646267, 
Chromsome [4]: (822.566666667)0.534761893573, -30.9243357539, 123752.321985, 9.58237932458, 2304.18901451, 
<------------ GEN 18--------------->
Chromsome [0]: (803.166666667)-18.3177604295, 3.28463190559, 130836.728038, 19.6860197461, 2544.13858593, 
Chromsome [1]: (794.566666667)0.534761893573, -93.9553634035, 153883.098401, 21.4250717649, 859.094917499, 
Chromsome [2]: (794.466666667)0.534761893573, 22.2603002905, 153883.098401, 21.4250717649, 859.094917499, 
Chromsome [3]: (794.466666667)0.534761893573, 62.2306396881, 30598.0930723, 7.58479853027, 1335.51765739, 
Chromsome [4]: (794.466666667)0.534761893573, -70.8797900378, 59217.0304989, 5.99680134524, 533.476910527, 
<------------ GEN 19--------------->
Chromsome [0]: (834.833333333)-162.519691231, -1.2814224617, 119276.631537, 19.6860197461, 1568.41892818, 
Chromsome [1]: (834.833333333)-2.38977864926, 59.0584295803, 59217.0304989, 9.16953511073, 3919.03765201, 
Chromsome [2]: (834.833333333)-18.3177604295, 3.28463190559, 130836.728038, 19.6860197461, 2544.13858593, 
Chromsome [3]: (831.966666667)0.534761893573, -3.53233923337, 153883.098401, 11.9260771815, 859.094917499, 
Chromsome [4]: (831.933333333)0.534761893573, 22.2603002905, 98754.6356099, 14.4353216525, 2867.09563845, 
<------------ GEN 20--------------->
Chromsome [0]: (816.366666667)-162.519691231, -1.2814224617, 119276.631537, 19.6860197461, 1568.41892818, 
Chromsome [1]: (810.566666667)0.534761893573, -44.3430698835, 67028.5856125, 21.2435870126, 2118.0369655, 
Chromsome [2]: (810.566666667)0.534761893573, 22.2603002905, 101087.896405, 2.93026199024, 806.128867709, 
Chromsome [3]: (810.566666667)0.534761893573, 22.2603002905, 98754.6356099, 61.7789652377, 2867.09563845, 
Chromsome [4]: (810.566666667)0.534761893573, 51.9745352831, 81039.0083103, 1.03130056229, 2867.09563845, 
<------------ GEN 21--------------->
Chromsome [0]: (807.0)-162.519691231, -1.2814224617, 119276.631537, 19.6860197461, 1568.41892818, 
Chromsome [1]: (790.7)0.534761893573, 64.1462039453, 11253.1601875, 28.2834622165, 2362.14643151, 
Chromsome [2]: (790.633333333)0.534761893573, -44.3430698835, 67028.5856125, 21.2435870126, 2118.0369655, 
Chromsome [3]: (790.633333333)0.534761893573, 47.3452856678, 153883.098401, -12.7651636834, 979.021483725, 
Chromsome [4]: (790.633333333)0.534761893573, -86.0446365965, 30121.4684006, 2.63803672198, 2023.82118153, 
<------------ GEN 22--------------->
Chromsome [0]: (803.566666667)-60.4366672782, -28.4927996876, 842.017732066, 21.2435870126, 2118.0369655, 
Chromsome [1]: (803.566666667)-162.519691231, -1.2814224617, 119276.631537, 19.6860197461, 1568.41892818, 
Chromsome [2]: (776.5)0.534761893573, 7.65762468652, 51406.6815999, 9.44118296853, 2544.13858593, 
Chromsome [3]: (776.4)0.534761893573, 22.2603002905, 98754.6356099, 55.2128862275, 2646.17575722, 
Chromsome [4]: (776.4)0.534761893573, -44.3430698835, 67028.5856125, 9.58237932458, 1450.06274339, 
<------------ GEN 23--------------->
Chromsome [0]: (831.033333333)-60.4366672782, -28.4927996876, 842.017732066, 21.2435870126, 2118.0369655, 
Chromsome [1]: (825.3)0.534761893573, -15.9563122369, -48197.4464898, 14.1806018837, 729.663119364, 
Chromsome [2]: (825.233333333)0.534761893573, 22.2603002905, 67106.8995572, 4.7871137725, 2646.17575722, 
Chromsome [3]: (825.233333333)0.534761893573, 62.2306396881, 135608.801435, 26.9405450449, 1694.56712494, 
Chromsome [4]: (825.233333333)0.376906150065, -44.3430698835, 67028.5856125, 27.9229859623, 1450.06274339, 
<------------ GEN 24--------------->
Chromsome [0]: (848.766666667)-74.5212559525, -81.5910610448, 114230.175499, 9.01064180436, 667.361590126, 
Chromsome [1]: (848.766666667)-60.4366672782, -28.4927996876, 842.017732066, 21.2435870126, 2118.0369655, 
Chromsome [2]: (845.866666667)0.534761893573, 22.2603002905, 67106.8995572, 23.3699623348, 2646.17575722, 
Chromsome [3]: (845.866666667)0.534761893573, -44.3430698835, 36415.3975134, 9.92760979823, 2867.09563845, 
Chromsome [4]: (845.866666667)0.534761893573, -15.9563122369, 186287.272423, 14.1806018837, 729.663119364, 
<------------ GEN 25--------------->
Chromsome [0]: (821.466666667)-74.5212559525, -81.5910610448, 114230.175499, 9.01064180436, 667.361590126, 
Chromsome [1]: (802.233333333)0.376906150065, -44.3430698835, 67028.5856125, 6.9324544775, 2672.79404905, 
Chromsome [2]: (802.2)0.534761893573, 22.2603002905, 67106.8995572, 23.3699623348, 1568.41892818, 
Chromsome [3]: (802.2)0.534761893573, -44.3430698835, 36415.3975134, 9.92760979823, 2867.09563845, 
Chromsome [4]: (802.2)0.534761893573, -44.3430698835, 36415.3975134, 14.1806018837, 729.663119364, 
<------------ GEN 26--------------->
Chromsome [0]: (831.933333333)-74.5212559525, -81.5910610448, 114230.175499, 9.01064180436, 667.361590126, 
Chromsome [1]: (829.033333333)0.534761893573, -24.5902985314, 116873.181639, 2.63803672198, 1186.70685089, 
Chromsome [2]: (829.033333333)0.534761893573, -44.3430698835, 36415.3975134, 14.1806018837, 729.663119364, 
Chromsome [3]: (829.033333333)0.534761893573, 60.7625350796, 116873.181639, 2.63803672198, 1186.70685089, 
Chromsome [4]: (829.033333333)0.534761893573, 22.2603002905, 67106.8995572, 9.92760979823, -180.263296468, 
<------------ GEN 27--------------->
Chromsome [0]: (835.433333333)-74.5212559525, -81.5910610448, 114230.175499, 9.01064180436, 667.361590126, 
Chromsome [1]: (832.566666667)0.534761893573, -24.5902985314, -42865.9701623, 2.63803672198, 2867.09563845, 
Chromsome [2]: (832.533333333)0.534761893573, -15.9563122369, 173712.727577, 9.92760979823, 1186.70685089, 
Chromsome [3]: (832.533333333)0.534761893573, -15.0853234901, 42803.0849197, 18.0005370396, 2646.17575722, 
Chromsome [4]: (832.533333333)0.534761893573, -44.3430698835, 36415.3975134, 14.1806018837, 1186.70685089, 
<------------ GEN 28--------------->
Chromsome [0]: (831.366666667)-74.5212559525, -81.5910610448, 114230.175499, 9.01064180436, 667.361590126, 
Chromsome [1]: (818.966666667)0.534761893573, 93.5910778802, 36415.3975134, 14.1806018837, 1607.89915949, 
Chromsome [2]: (815.0)0.534761893573, -15.9563122369, 173712.727577, 9.01064180436, 667.361590126, 
Chromsome [3]: (815.0)0.534761893573, 38.1284360466, 67106.8995572, 0.629298476566, 2867.09563845, 
Chromsome [4]: (815.0)0.534761893573, -24.5902985314, 42865.9701623, 12.2175489355, 2646.17575722, 
<------------ GEN 29--------------->
Chromsome [0]: (827.033333333)-74.5212559525, -81.5910610448, 114230.175499, 9.01064180436, 667.361590126, 
Chromsome [1]: (813.566666667)0.534761893573, 66.6963561661, 82819.3096068, 25.061016865, 2511.89677082, 
Chromsome [2]: (813.566666667)0.534761893573, 86.4089221198, 46279.4256087, 14.1806018837, 1611.36109438, 
Chromsome [3]: (813.566666667)0.534761893573, -33.512680729, 42865.9701623, 12.2175489355, 1607.89915949, 
Chromsome [4]: (813.566666667)0.534761893573, 60.7625350796, 78488.9489738, 12.2175489355, 1007.35275857, 
<------------ GEN 30--------------->
Chromsome [0]: (840.333333333)-74.5212559525, -81.5910610448, 114230.175499, 9.01064180436, 667.361590126, 
Chromsome [1]: (837.966666667)0.534761893573, 220.651341961, 42803.0849197, 1.72467364104, 1611.36109438, 
Chromsome [2]: (837.433333333)0.534761893573, -44.3430698835, 114230.175499, 11.9260771815, 729.663119364, 
Chromsome [3]: (837.433333333)0.534761893573, 32.7092977388, 107020.299438, 17.7281038691, 2687.21374197, 
Chromsome [4]: (837.433333333)0.534761893573, 60.7625350796, 78488.9489738, 12.2175489355, 2383.05946021, 
<------------ GEN 31--------------->
Chromsome [0]: (841.866666667)-1.42362834567, -55.5926334509, 2742.05393171, 5.09008899237, 2664.04952727, 
Chromsome [1]: (841.866666667)-74.5212559525, -81.5910610448, 114230.175499, 9.01064180436, 667.361590126, 
Chromsome [2]: (832.5)0.534761893573, -27.1396485629, 172060.953818, 15.5550185519, 2185.69059526, 
Chromsome [3]: (832.5)0.534761893573, -17.4512020586, 173712.727577, 9.01064180436, 1244.5874566, 
Chromsome [4]: (832.5)0.534761893573, -24.5902985314, 114230.175499, 11.9260771815, 729.663119364, 
<------------ GEN 32--------------->
Chromsome [0]: (847.2)-1.42362834567, -55.5926334509, 2742.05393171, 5.09008899237, 2664.04952727, 
Chromsome [1]: (831.2)0.534761893573, 60.7625350796, -27474.1679922, 5.9648444576, 2687.21374197, 
Chromsome [2]: (827.266666667)0.534761893573, -96.3206427813, 114230.175499, 9.88094994903, 729.663119364, 
Chromsome [3]: (827.266666667)0.534761893573, -24.5902985314, 8638.20007926, 26.5987646283, 1607.89915949, 
Chromsome [4]: (826.666666667)1.62362834567, -55.5926334509, 2742.05393171, 5.09008899237, 2664.04952727, 
<------------ GEN 33--------------->
Chromsome [0]: (817.8)-1.42362834567, -55.5926334509, 2742.05393171, 5.09008899237, 2664.04952727, 
Chromsome [1]: (799.666666667)0.534761893573, -24.5902985314, 8638.20007926, 2.63803672198, 1432.86721605, 
Chromsome [2]: (790.766666667)0.534761893573, 60.7625350796, 27474.1679922, 5.9648444576, 2687.21374197, 
Chromsome [3]: (787.533333333)0.534761893573, -40.6513419608, 42803.0849197, 6.86576878711, 710.413984629, 
Chromsome [4]: (785.233333333)0.534761893573, 38.1284360466, 45469.9881456, 1.31755974787, 1186.70685089, 
<------------ GEN 34--------------->
Chromsome [0]: (815.6)-1.42362834567, -55.5926334509, 2742.05393171, 5.09008899237, 2664.04952727, 
Chromsome [1]: (811.3)0.534761893573, -24.5902985314, 8638.20007926, 2.63803672198, 2907.39143601, 
Chromsome [2]: (806.233333333)0.534761893573, 5.78412447468, 176367.222508, 13.241574843, 2664.04952727, 
Chromsome [3]: (806.233333333)0.534761893573, 60.7625350796, 27474.1679922, 5.9648444576, 2687.21374197, 
Chromsome [4]: (803.2)0.534761893573, -40.6513419608, 42803.0849197, 6.86576878711, 710.413984629, 
<------------ GEN 35--------------->
Chromsome [0]: (823.533333333)-1.42362834567, -55.5926334509, 2742.05393171, 5.09008899237, 2664.04952727, 
Chromsome [1]: (810.1)0.534761893573, 5.78412447468, 176367.222508, 13.241574843, 2664.04952727, 
Chromsome [2]: (810.066666667)0.534761893573, -81.5910610448, 86629.6941192, 8.23936754656, 1999.40673182, 
Chromsome [3]: (810.066666667)0.534761893573, 84.9789952263, 60086.7172794, 7.16430604772, 2786.56616597, 
Chromsome [4]: (810.066666667)0.534761893573, 74.5581265925, 80951.1642691, 5.09008899237, 2664.04952727, 
<------------ GEN 36--------------->
Chromsome [0]: (827.133333333)-1.42362834567, -55.5926334509, 2742.05393171, 5.09008899237, 2664.04952727, 
Chromsome [1]: (825.433333333)0.534761893573, 182.286610447, 80951.1642691, 5.09008899237, 2664.04952727, 
Chromsome [2]: (824.766666667)0.534761893573, 204.728136222, 126577.201213, 13.256019936, 667.361590126, 
Chromsome [3]: (824.266666667)0.534761893573, 107.670610303, 42803.0849197, 6.86576878711, 2291.71697528, 
Chromsome [4]: (824.266666667)0.534761893573, 5.78412447468, -20936.44926, 2.63803672198, 2488.33296566, 
<------------ GEN 37--------------->
Chromsome [0]: (797.733333333)-150.714972797, 84.9789952263, 60086.7172794, 28.9983608099, 1709.0021695, 
Chromsome [1]: (797.733333333)-1.42362834567, -55.5926334509, 2742.05393171, 5.09008899237, 2664.04952727, 
Chromsome [2]: (777.633333333)0.534761893573, -111.692875481, 80951.1642691, 8.23936754656, 607.993961798, 
Chromsome [3]: (775.7)0.534761893573, -57.8105855259, 137140.821893, 7.14364653796, 1368.17504398, 
Chromsome [4]: (775.666666667)0.534761893573, -57.0212735055, 34789.0822512, 26.5987646283, 2933.64394788, 
<------------ GEN 38--------------->
Chromsome [0]: (809.166666667)-150.714972797, 84.9789952263, 60086.7172794, 28.9983608099, 1709.0021695, 
Chromsome [1]: (797.733333333)0.534761893573, -55.5926334509, 8638.20007926, 27.4015380046, 2664.04952727, 
Chromsome [2]: (797.7)0.534761893573, -57.8105855259, 83425.0407906, 11.1325658869, 1368.17504398, 
Chromsome [3]: (797.7)0.534761893573, -57.8105855259, 137140.821893, 18.5873251817, 1368.17504398, 
Chromsome [4]: (797.533333333)0.534761893573, -39.314892907, 45469.9881456, 5.09946376833, 1186.70685089, 
<------------ GEN 39--------------->
Chromsome [0]: (804.833333333)-69.3202583269, -8.50460679769, 2742.05393171, 5.09008899237, 1988.73320847, 
Chromsome [1]: (804.833333333)-150.714972797, 84.9789952263, 60086.7172794, 28.9983608099, 1709.0021695, 
Chromsome [2]: (769.933333333)1.62362834567, -55.5926334509, 2742.05393171, 1.19530921929, 2554.10248171, 
Chromsome [3]: (769.0)0.534761893573, -107.933487689, 117697.072408, 9.51827444554, 1923.47803389, 
Chromsome [4]: (757.433333333)0.534761893573, -1.43775432843, 43287.9167268, 5.09008899237, 2687.21374197, 
<------------ GEN 40--------------->
Chromsome [0]: (814.233333333)-69.3202583269, -8.50460679769, 2742.05393171, 5.09008899237, 1988.73320847, 
Chromsome [1]: (793.766666667)1.62362834567, -55.5926334509, 2742.05393171, 1.19530921929, 2554.10248171, 
Chromsome [2]: (780.966666667)0.534761893573, -1.43775432843, 43287.9167268, 9.39751620651, 1042.39044552, 
Chromsome [3]: (780.966666667)0.534761893573, 40.0301432706, 2742.05393171, 18.9268750026, 2664.04952727, 
Chromsome [4]: (780.833333333)0.534761893573, 31.6906489707, 51845.961677, 5.09008899237, 1988.73320847, 
<------------ GEN 41--------------->
Chromsome [0]: (803.1)-69.3202583269, -8.50460679769, 2742.05393171, 5.09008899237, 1988.73320847, 
Chromsome [1]: (755.033333333)1.62362834567, -55.5926334509, 2742.05393171, 1.19530921929, 2664.04952727, 
Chromsome [2]: (746.366666667)1.62362834567, 144.755229889, 101922.365405, 1.49376401606, 2664.04952727, 
Chromsome [3]: (736.166666667)0.534761893573, -1.43775432843, 43287.9167268, 9.39751620651, 2020.47622852, 
Chromsome [4]: (736.1)0.534761893573, 40.0301432706, 2742.05393171, 18.9268750026, 2554.10248171, 
<------------ GEN 42--------------->
Chromsome [0]: (837.166666667)-28.5067877564, 18.20326076, 40361.7389148, 5.09008899237, 1988.73320847, 
Chromsome [1]: (837.166666667)-49.4968198304, 31.6906489707, 93380.164487, 11.8735769992, 2664.04952727, 
Chromsome [2]: (837.166666667)-69.3202583269, -8.50460679769, 2742.05393171, 5.09008899237, 1988.73320847, 
Chromsome [3]: (810.066666667)1.62362834567, -55.5926334509, 2742.05393171, 1.19530921929, 2664.04952727, 
Chromsome [4]: (794.066666667)0.534761893573, -1.43775432843, 54046.5143781, 11.2970507169, 2664.04952727, 
<------------ GEN 43--------------->
Chromsome [0]: (869.5)-28.5067877564, 18.20326076, 40361.7389148, 5.09008899237, 1988.73320847, 
Chromsome [1]: (857.3)1.62362834567, -75.1518206758, 2742.05393171, 1.19530921929, 2664.04952727, 
Chromsome [2]: (851.1)1.62362834567, 8.43202323328, 2742.05393171, 1.19530921929, 2664.04952727, 
Chromsome [3]: (847.7)0.534761893573, -1.43775432843, 157793.810982, 10.7664576522, 634.122501538, 
Chromsome [4]: (847.6)0.534761893573, -8.50460679769, 2742.05393171, 21.5219021985, 1988.73320847, 
<------------ GEN 44--------------->
Chromsome [0]: (848.9)-28.5067877564, 18.20326076, 40361.7389148, 5.09008899237, 1988.73320847, 
Chromsome [1]: (827.1)0.534761893573, -1.43775432843, 157793.810982, 0.0841920880478, 708.228945711, 
Chromsome [2]: (827.0)0.534761893573, -70.3950025, 44815.1012074, 28.9983608099, 1709.0021695, 
Chromsome [3]: (827.0)0.534761893573, -72.0665123111, 57097.8532159, 5.09946376833, 1186.70685089, 
Chromsome [4]: (827.0)0.534761893573, -57.8105855259, 83425.0407906, 0.0841920880478, 1361.6140243, 
<------------ GEN 45--------------->
Chromsome [0]: (827.533333333)-28.5067877564, 18.20326076, 40361.7389148, 5.09008899237, 1988.73320847, 
Chromsome [1]: (796.2)0.534761893573, -1.43775432843, 157793.810982, 11.4700318857, 1709.0021695, 
Chromsome [2]: (796.066666667)0.534761893573, 28.3990138495, 83425.0407906, 10.7664576522, 2554.10248171, 
Chromsome [3]: (796.066666667)0.534761893573, -70.3950025, 44815.1012074, 0.0841920880478, 1076.8077607, 
Chromsome [4]: (796.066666667)0.534761893573, -57.8105855259, 83425.0407906, 12.8914846128, 1361.6140243, 
<------------ GEN 46--------------->
Chromsome [0]: (801.933333333)-28.5067877564, 18.20326076, 40361.7389148, 5.09008899237, 1988.73320847, 
Chromsome [1]: (744.566666667)0.534761893573, -57.8105855259, 83425.0407906, 12.8914846128, 1361.6140243, 
Chromsome [2]: (744.566666667)0.534761893573, 28.3990138495, 58599.0325685, 11.7217137575, 1644.56571237, 
Chromsome [3]: (744.566666667)0.534761893573, 55.0279100854, 38032.0560026, 9.77673671935, 2420.4306005, 
Chromsome [4]: (744.566666667)0.534761893573, -70.3950025, 34552.6045449, 32.2907733322, 874.120268496, 
<------------ GEN 47--------------->
Chromsome [0]: (825.766666667)-28.5067877564, 18.20326076, 40361.7389148, 5.09008899237, 1988.73320847, 
Chromsome [1]: (769.266666667)0.534761893573, -189.80179358, 38032.0560026, 9.77673671935, 2555.66487734, 
Chromsome [2]: (764.366666667)0.534761893573, 28.3990138495, 58599.0325685, 11.7217137575, 1100.12987956, 
Chromsome [3]: (764.366666667)0.534761893573, -23.6927206412, 83425.0407906, 12.8914846128, 1361.6140243, 
Chromsome [4]: (764.366666667)0.534761893573, 87.7021610441, 31258.2743357, 2.33651249488, 1988.73320847, 
<------------ GEN 48--------------->
Chromsome [0]: (815.0)-28.5067877564, 18.20326076, 40361.7389148, 5.09008899237, 1988.73320847, 
Chromsome [1]: (717.433333333)0.534761893573, 28.3990138495, 68751.9179482, 25.9204104492, 1361.6140243, 
Chromsome [2]: (717.433333333)0.534761893573, -23.6927206412, 83425.0407906, 12.8914846128, 1100.12987956, 
Chromsome [3]: (717.433333333)0.534761893573, 9.80179358001, 38032.0560026, 9.77673671935, 2555.66487734, 
Chromsome [4]: (716.866666667)0.534761893573, -70.3950025, 34552.6045449, 2.33651249488, 1988.73320847, 
<------------ GEN 49--------------->
Chromsome [0]: (808.233333333)-28.5067877564, 18.20326076, 40361.7389148, 5.09008899237, 1988.73320847, 
Chromsome [1]: (727.866666667)0.534761893573, -23.6927206412, 83425.0407906, 12.8914846128, 1100.12987956, 
Chromsome [2]: (727.866666667)0.534761893573, 87.7021610441, 123863.920372, 22.7761222563, 1186.70685089, 
Chromsome [3]: (727.866666667)0.534761893573, -23.6927206412, 83425.0407906, 12.8914846128, 1100.12987956, 
Chromsome [4]: (727.866666667)0.534761893573, -70.3950025, 34552.6045449, 0.309777869302, 1988.73320847, 
<------------ GEN 50--------------->
Chromsome [0]: (795.433333333)-28.5067877564, 18.20326076, 40361.7389148, 5.09008899237, 1988.73320847, 
Chromsome [1]: (700.466666667)0.534761893573, -23.6927206412, 83425.0407906, 12.8914846128, 1988.73320847, 
Chromsome [2]: (700.133333333)0.534761893573, 82.9850302132, 34552.6045449, 0.309777869302, 1988.73320847, 
Chromsome [3]: (698.9)5.03938091319, -54.3537133424, 76095.3332675, 0.47543700208, 2939.58146042, 
Chromsome [4]: (698.9)5.03938091319, -54.3537133424, 76095.3332675, 38.1086398483, 2939.58146042, 
<------------ GEN 51--------------->
Chromsome [0]: (803.766666667)-28.5067877564, 18.20326076, 40361.7389148, 5.09008899237, 1988.73320847, 
Chromsome [1]: (735.233333333)0.534761893573, -3.5964377285, 83425.0407906, 5.09008899237, 1100.12987956, 
Chromsome [2]: (735.233333333)0.534761893573, -2.47069043658, 40361.7389148, 12.8914846128, 1988.73320847, 
Chromsome [3]: (733.533333333)1.49552415555, 18.20326076, 40361.7389148, 5.09008899237, 2083.97514011, 
Chromsome [4]: (733.533333333)1.49552415555, -23.6927206412, 52426.7343826, 12.8914846128, 2983.20705532, 
<------------ GEN 52--------------->
Chromsome [0]: (823.433333333)-28.5067877564, 18.20326076, 40361.7389148, 5.09008899237, 1988.73320847, 
Chromsome [1]: (734.233333333)0.534761893573, -2.47069043658, 40361.7389148, 12.8914846128, 2083.97514011, 
Chromsome [2]: (734.233333333)0.534761893573, -3.5964377285, 83425.0407906, 5.09008899237, 1100.12987956, 
Chromsome [3]: (732.166666667)1.49552415555, 18.20326076, 40361.7389148, 5.09008899237, 1988.73320847, 
Chromsome [4]: (732.166666667)1.49552415555, -23.6927206412, 112261.332247, 18.5618307302, 2983.20705532, 
<------------ GEN 53--------------->
Chromsome [0]: (807.066666667)-28.5067877564, 18.20326076, 40361.7389148, 5.09008899237, 1988.73320847, 
Chromsome [1]: (747.666666667)0.125492345657, -61.9130872159, 37957.162439, 0.47543700208, 1100.70448718, 
Chromsome [2]: (734.466666667)0.534761893573, -2.47069043658, 68751.9179482, 25.9204104492, 1394.39793096, 
Chromsome [3]: (734.2)0.534761893573, -87.3504534913, 83425.0407906, 5.09008899237, 1100.12987956, 
Chromsome [4]: (732.6)1.49552415555, 18.20326076, 40361.7389148, 5.09008899237, 1988.73320847, 
<------------ GEN 54--------------->
Chromsome [0]: (813.466666667)-14.940697943, 75.1865303848, 176698.329104, 3.31301984934, 874.120268496, 
Chromsome [1]: (813.466666667)-17.2609117367, -204.61055954, 76095.3332675, 0.47543700208, 2939.58146042, 
Chromsome [2]: (813.466666667)-28.5067877564, 18.20326076, 40361.7389148, 5.09008899237, 1988.73320847, 
Chromsome [3]: (759.6)0.125492345657, -61.9130872159, 6553.63285736, 26.352625144, 2807.00604355, 
Chromsome [4]: (740.633333333)0.534761893573, -2.47069043658, 68751.9179482, 25.9204104492, 1768.30199253, 
<------------ GEN 55--------------->
Chromsome [0]: (804.633333333)-14.940697943, 75.1865303848, 176698.329104, 3.31301984934, 874.120268496, 
Chromsome [1]: (748.433333333)1.49552415555, 0.275304599366, 129286.254036, 0.47543700208, -811.335870827, 
Chromsome [2]: (748.433333333)0.534761893573, -2.47069043658, 123863.920372, 1.70802219463, 2554.04360029, 
Chromsome [3]: (748.433333333)0.534761893573, -2.47069043658, 143989.499413, 28.9834857256, 1988.73320847, 
Chromsome [4]: (748.2)0.534761893573, -87.3504534913, 83425.0407906, 12.5757829113, 2999.34402263, 
<------------ GEN 56--------------->
Chromsome [0]: (815.533333333)-7.67934208465, -2.47069043658, 123863.920372, 17.4236114456, 2554.04360029, 
Chromsome [1]: (815.533333333)-14.940697943, 75.1865303848, 176698.329104, 3.31301984934, 874.120268496, 
Chromsome [2]: (760.2)0.534761893573, -2.47069043658, 143989.499413, -38.6182448414, 3615.02837418, 
Chromsome [3]: (759.966666667)0.534761893573, 43.69152878, 83425.0407906, 45.9619063792, 2999.34402263, 
Chromsome [4]: (759.966666667)0.534761893573, -80.5636563083, 176410.782387, 11.3357294254, 678.569721452, 
<------------ GEN 57--------------->
Chromsome [0]: (817.3)-7.67934208465, -2.47069043658, 123863.920372, 17.4236114456, 2554.04360029, 
Chromsome [1]: (765.633333333)0.534761893573, -2.47069043658, 143989.499413, 62.5983449041, 2384.97162582, 
Chromsome [2]: (765.433333333)0.534761893573, -80.5636563083, 176410.782387, 11.3357294254, 2091.88731361, 
Chromsome [3]: (765.433333333)0.534761893573, -80.5636563083, 166345.836329, 8.25856402637, 1357.42362445, 
Chromsome [4]: (765.433333333)0.534761893573, 43.69152878, 83425.0407906, 14.0380936208, 2999.34402263, 
<------------ GEN 58--------------->
Chromsome [0]: (819.366666667)-7.67934208465, -2.47069043658, 123863.920372, 17.4236114456, 2554.04360029, 
Chromsome [1]: (748.5)0.534761893573, -2.47069043658, 143989.499413, -2.59834490406, 2384.97162582, 
Chromsome [2]: (748.233333333)0.534761893573, 18.20326076, 55375.7946216, 4.05784121927, 1988.73320847, 
Chromsome [3]: (748.233333333)0.534761893573, -80.5636563083, 166345.836329, 8.25856402637, 1357.42362445, 
Chromsome [4]: (748.233333333)0.534761893573, 43.69152878, 176698.329104, 3.31301984934, 1316.86755738, 
<------------ GEN 59--------------->
Chromsome [0]: (802.3)-7.67934208465, -2.47069043658, 123863.920372, 17.4236114456, 2554.04360029, 
Chromsome [1]: (756.633333333)2.96781310827, -136.454107277, -117962.311988, 5.09008899237, 865.647383985, 
Chromsome [2]: (740.566666667)0.534761893573, 18.20326076, 123863.920372, 24.3877080656, 2554.04360029, 
Chromsome [3]: (740.566666667)0.534761893573, -80.5636563083, 166345.836329, 8.25856402637, 2344.06881657, 
Chromsome [4]: (740.566666667)0.534761893573, 43.69152878, 176698.329104, 3.31301984934, 1316.86755738, 
<------------ GEN 60--------------->
Chromsome [0]: (790.333333333)-16.7097681311, 40.5719841309, 123863.920372, 23.0983266901, 1988.73320847, 
Chromsome [1]: (790.333333333)-7.67934208465, -2.47069043658, 123863.920372, 17.4236114456, 2554.04360029, 
Chromsome [2]: (706.5)0.534761893573, -24.4236761072, 55375.7946216, 4.05784121927, 951.030280751, 
Chromsome [3]: (706.5)0.534761893573, -78.4655781552, 123863.920372, 11.3384169564, 2554.04360029, 
Chromsome [4]: (706.5)0.534761893573, 18.20326076, 123863.920372, 24.3877080656, 716.016943824, 
<------------ GEN 61--------------->
Chromsome [0]: (791.166666667)-16.7097681311, 40.5719841309, 123863.920372, 23.0983266901, 1988.73320847, 
Chromsome [1]: (720.333333333)4.30441227213, -75.4816321989, 10217.7026321, 0.47543700208, 2659.97827376, 
Chromsome [2]: (707.2)0.534761893573, -51.6317402517, 176698.329104, 3.31301984934, 1316.86755738, 
Chromsome [3]: (707.2)0.534761893573, -24.4236761072, 14726.5945311, 27.7343911997, 1064.26574314, 
Chromsome [4]: (707.2)0.534761893573, -78.4655781552, 123863.920372, 11.3384169564, 951.455218298, 
<------------ GEN 62--------------->
Chromsome [0]: (778.466666667)-16.7097681311, 40.5719841309, 123863.920372, 23.0983266901, 1988.73320847, 
Chromsome [1]: (720.633333333)0.534761893573, -24.4236761072, -50032.3123632, 4.05784121927, 951.030280751, 
Chromsome [2]: (708.866666667)4.30441227213, -75.4816321989, 10217.7026321, 11.0531391451, 2659.97827376, 
Chromsome [3]: (689.9)0.534761893573, 9.71850152421, 166345.836329, 8.25856402637, 2384.97162582, 
Chromsome [4]: (688.266666667)0.534761893573, -24.4236761072, 14726.5945311, 27.7343911997, 2311.03716598, 
<------------ GEN 63--------------->
Chromsome [0]: (804.066666667)-145.201794179, -24.2460235374, 59163.691481, 22.5716699026, 1690.68550586, 
Chromsome [1]: (804.066666667)-16.7097681311, 40.5719841309, 123863.920372, 23.0983266901, 1988.73320847, 
Chromsome [2]: (739.133333333)4.30441227213, -77.9690130575, 75662.9252291, 23.6484120904, 1743.76734055, 
Chromsome [3]: (739.133333333)4.30441227213, -75.4816321989, 160374.349331, 11.0531391451, 2659.97827376, 
Chromsome [4]: (739.133333333)4.30441227213, -75.4816321989, 20362.6746363, 11.0531391451, 2659.97827376, 
<------------ GEN 64--------------->
Chromsome [0]: (797.966666667)-145.201794179, -24.2460235374, 59163.691481, 22.5716699026, 1690.68550586, 
Chromsome [1]: (716.633333333)4.30441227213, -75.4816321989, 20362.6746363, 11.0531391451, 2659.97827376, 
Chromsome [2]: (711.233333333)4.30441227213, -77.9690130575, 75662.9252291, 3.79660152746, 2311.03716598, 
Chromsome [3]: (703.533333333)0.534761893573, -2.47069043658, 61646.536691, 2.59834490406, 2554.04360029, 
Chromsome [4]: (702.4)0.534761893573, -24.4236761072, 5483.05108527, 3.79660152746, 1988.73320847, 
<------------ GEN 65--------------->
Chromsome [0]: (804.2)-38.8808340524, 11.3560377241, 176698.329104, -36.4312440215, 1316.86755738, 
Chromsome [1]: (804.2)-81.4958820716, 18.20326076, 40361.7389148, 5.07604501887, 1855.64284087, 
Chromsome [2]: (804.2)-145.201794179, -24.2460235374, 59163.691481, 22.5716699026, 1690.68550586, 
Chromsome [3]: (747.8)4.30441227213, -77.9690130575, 133250.079196, 2.59834490406, 2554.04360029, 
Chromsome [4]: (747.8)4.30441227213, 78.5621117118, 111632.359968, 26.3078313934, 2955.30274882, 
<------------ GEN 66--------------->
Chromsome [0]: (778.966666667)-38.8808340524, 11.3560377241, 176698.329104, -36.4312440215, 1316.86755738, 
Chromsome [1]: (697.466666667)4.30441227213, -77.9690130575, 133250.079196, 22.5716699026, 1438.90892222, 
Chromsome [2]: (695.6)4.30441227213, 78.5621117118, -292748.390192, 18.4877095575, 2955.30274882, 
Chromsome [3]: (693.3)0.534761893573, -24.4236761072, 10810.9454414, 4.05784121927, 1690.68550586, 
Chromsome [4]: (689.366666667)0.534761893573, 18.20326076, 5483.05108527, 23.6701922539, 657.376969287, 
<------------ GEN 67--------------->
Chromsome [0]: (790.7)-65.7040464519, 84.6216270943, 69959.1605419, 22.7839340783, 2807.00604355, 
Chromsome [1]: (790.7)-38.8808340524, 11.3560377241, 176698.329104, -36.4312440215, 1316.86755738, 
Chromsome [2]: (708.366666667)4.30441227213, -77.9690130575, 347384.252923, 14.0810411708, 2311.03716598, 
Chromsome [3]: (708.266666667)4.30441227213, 78.5621117118, 292748.390192, 18.4877095575, 2955.30274882, 
Chromsome [4]: (705.966666667)0.534761893573, 9.71850152421, 8446.72765937, 18.0168054431, 2268.41355036, 
<------------ GEN 68--------------->
Chromsome [0]: (782.4)-65.7040464519, 84.6216270943, 69959.1605419, 22.7839340783, 2807.00604355, 
Chromsome [1]: (693.0)4.30441227213, 78.5621117118, 176698.329104, 23.5687559785, 1316.86755738, 
Chromsome [2]: (693.0)4.30441227213, -77.9690130575, 12615.747077, 14.0810411708, 2311.03716598, 
Chromsome [3]: (675.533333333)6.58552045322, -74.1941592678, 59163.691481, 17.2873201916, 2155.91129616, 
Chromsome [4]: (675.266666667)7.87934208465, -31.5002902249, 103818.390498, 14.2425337048, 2464.68458323, 
<------------ GEN 69--------------->
Chromsome [0]: (793.333333333)-71.1598444897, 28.5369857721, 45235.1206162, 22.5716699026, 2268.41355036, 
Chromsome [1]: (793.333333333)-65.7040464519, 84.6216270943, 69959.1605419, 22.7839340783, 2807.00604355, 
Chromsome [2]: (682.1)0.534761893573, 25.6962873055, 82308.6403772, 18.0168054431, 1438.90892222, 
Chromsome [3]: (678.133333333)0.534761893573, 9.71850152421, 8446.72765937, 18.0168054431, 2268.41355036, 
Chromsome [4]: (678.066666667)0.534761893573, 8.78456617045, 96507.8177123, 9.82922914009, 2419.97406574, 
<------------ GEN 70--------------->
Chromsome [0]: (767.6)-0.33407884638, -77.9690130575, 96364.585936, 23.5687559785, 1316.86755738, 
Chromsome [1]: (767.6)-71.1598444897, 28.5369857721, 45235.1206162, 22.5716699026, 2268.41355036, 
Chromsome [2]: (652.533333333)0.534761893573, 8.78456617045, 96507.8177123, 6.09893305183, 951.030280751, 
Chromsome [3]: (647.866666667)0.534761893573, 85.3798548801, 44722.1889454, 9.9431641268, 2182.17790584, 
Chromsome [4]: (644.9)0.534761893573, 84.6216270943, 69959.1605419, 22.7839340783, 2215.47736555, 
<------------ GEN 71--------------->
Chromsome [0]: (792.666666667)-0.33407884638, -77.9690130575, 96364.585936, 23.5687559785, 1316.86755738, 
Chromsome [1]: (704.5)0.534761893573, 8.78456617045, 96507.8177123, 6.09893305183, 951.030280751, 
Chromsome [2]: (700.7)0.534761893573, 84.6216270943, 69959.1605419, 22.7839340783, 1504.58750659, 
Chromsome [3]: (700.533333333)0.53407884638, -77.9690130575, 96364.585936, 23.5687559785, 1316.86755738, 
Chromsome [4]: (671.833333333)2.72776230359, 78.5621117118, 111472.997513, 22.5716699026, 4851.36338348, 
<------------ GEN 72--------------->
Chromsome [0]: (771.0)-210.739336523, -31.5002902249, 80596.9511893, 5.92443514152, 814.493845556, 
Chromsome [1]: (771.0)-0.33407884638, -77.9690130575, 96364.585936, 23.5687559785, 1316.86755738, 
Chromsome [2]: (707.966666667)0.53407884638, 126.534273334, 69959.1605419, 22.7839340783, 2807.00604355, 
Chromsome [3]: (700.1)0.534761893573, 8.78456617045, 96507.8177123, 6.09893305183, 3030.98962218, 
Chromsome [4]: (700.1)0.534761893573, 8.78456617045, 87124.8554713, 20.9033776048, 951.030280751, 
<------------ GEN 73--------------->
Chromsome [0]: (779.566666667)-210.739336523, -31.5002902249, 80596.9511893, 5.92443514152, 814.493845556, 
Chromsome [1]: (716.8)0.534761893573, 8.78456617045, 96507.8177123, 6.09893305183, 2174.76954382, 
Chromsome [2]: (716.8)0.53407884638, 53.4657266659, 69959.1605419, 22.7839340783, 2807.00604355, 
Chromsome [3]: (716.8)0.53407884638, 53.4657266659, 69959.1605419, 22.7839340783, 2807.00604355, 
Chromsome [4]: (712.4)0.534761893573, -73.3626840229, 87124.8554713, 20.9033776048, 2178.10844617, 
<------------ GEN 74--------------->
Chromsome [0]: (791.833333333)-23.2688006635, 4.08165461166, 90200.3413792, 21.3948897164, 2807.00604355, 
Chromsome [1]: (791.833333333)-210.739336523, -31.5002902249, 80596.9511893, 5.92443514152, 814.493845556, 
Chromsome [2]: (722.433333333)0.534761893573, 8.78456617045, 96507.8177123, 6.09893305183, 2174.76954382, 
Chromsome [3]: (718.4)0.53407884638, 53.4657266659, 69959.1605419, 6.89440480602, 2807.00604355, 
Chromsome [4]: (718.4)0.53407884638, 53.4657266659, 69959.1605419, 22.7839340783, -3226.80667189, 
<------------ GEN 75--------------->
Chromsome [0]: (800.633333333)-73.4638107998, 53.4657266659, 69959.1605419, 6.89440480602, 3562.34236329, 
Chromsome [1]: (800.633333333)-23.2688006635, 4.08165461166, 90200.3413792, 21.3948897164, 2807.00604355, 
Chromsome [2]: (722.0)5.73051274148, 91.2727243666, 1101.78958998, 22.7839340783, 1875.68102286, 
Chromsome [3]: (716.566666667)0.53407884638, 53.4657266659, 69959.1605419, 22.7839340783, 816.650861698, 
Chromsome [4]: (716.533333333)0.53407884638, -75.4718700228, 34320.0930646, 23.5687559785, 2482.67997114, 
<------------ GEN 76--------------->
Chromsome [0]: (779.633333333)-10.9393365234, -31.5002902249, 165368.632825, 13.0869365557, 830.027172995, 
Chromsome [1]: (779.633333333)-16.0145657014, -36.4150827148, 174812.090105, 25.4234879216, 4960.65741825, 
Chromsome [2]: (779.633333333)-73.4638107998, 53.4657266659, 69959.1605419, 6.89440480602, 3562.34236329, 
Chromsome [3]: (699.766666667)0.546727326311, 19.3786105817, 34320.0930646, 23.5687559785, 2482.67997114, 
Chromsome [4]: (695.733333333)0.53407884638, 53.4657266659, 69959.1605419, 22.7839340783, 646.185918647, 
<------------ GEN 77--------------->
Chromsome [0]: (791.433333333)-10.9393365234, -31.5002902249, 165368.632825, 13.0869365557, 830.027172995, 
Chromsome [1]: (703.1)0.546727326311, 19.3786105817, 34320.0930646, 23.5687559785, 2577.57677012, 
Chromsome [2]: (695.5)0.53407884638, -80.7878540061, 69959.1605419, 18.0168054431, 1316.86755738, 
Chromsome [3]: (695.5)0.534761893573, -102.372370923, 87124.8554713, 6.08694720609, 2717.22756686, 
Chromsome [4]: (695.333333333)0.534761893573, 78.5621117118, 97402.8855911, 13.7518219496, -218.356338223, 
<------------ GEN 78--------------->
Chromsome [0]: (779.533333333)-10.9393365234, -31.5002902249, 165368.632825, 13.0869365557, 830.027172995, 
Chromsome [1]: (710.1)2.72776230359, -81.8451527902, 9155.26076077, 25.4234879216, 1036.50090223, 
Chromsome [2]: (695.733333333)5.73051274148, 89.9399623485, 1101.78958998, 20.2040795041, 1648.36089827, 
Chromsome [3]: (691.433333333)0.546727326311, 36.5960167484, 34320.0930646, 23.5687559785, 2577.57677012, 
Chromsome [4]: (687.666666667)0.53407884638, -80.7878540061, 69959.1605419, 18.0168054431, 595.201455208, 
<------------ GEN 79--------------->
Chromsome [0]: (769.133333333)-10.9393365234, -31.5002902249, 165368.632825, 13.0869365557, 830.027172995, 
Chromsome [1]: (680.2)2.72776230359, -81.8451527902, 9155.26076077, 25.4234879216, 1036.50090223, 
Chromsome [2]: (673.633333333)5.73051274148, 89.9399623485, 1101.78958998, 20.2040795041, 1960.82761152, 
Chromsome [3]: (648.466666667)0.53407884638, -80.7878540061, 69959.1605419, 18.0168054431, 595.201455208, 
Chromsome [4]: (648.333333333)0.534761893573, 78.5621117118, 151524.301458, 10.2493673947, 1039.34258175, 
<------------ GEN 80--------------->
Chromsome [0]: (793.366666667)-10.9393365234, -31.5002902249, 165368.632825, 13.0869365557, 830.027172995, 
Chromsome [1]: (698.1)2.72776230359, -81.8451527902, 9155.26076077, 4.97738174303, 1036.50090223, 
Chromsome [2]: (677.633333333)5.73051274148, 89.9399623485, 1101.78958998, 20.2040795041, 1960.82761152, 
Chromsome [3]: (675.666666667)0.534761893573, -42.0766558333, 151524.301458, 2.52111624887, 1039.34258175, 
Chromsome [4]: (675.566666667)0.53407884638, -80.7878540061, 69959.1605419, 18.0168054431, 595.201455208, 
<------------ GEN 81--------------->
Chromsome [0]: (808.9)-10.2926093512, -46.5503607108, 99031.3842093, 8.3851663782, 830.027172995, 
Chromsome [1]: (808.9)-31.4342518324, -81.8451527902, 9155.26076077, 4.97738174303, 1036.50090223, 
Chromsome [2]: (808.9)-10.9393365234, -31.5002902249, 165368.632825, 13.0869365557, 830.027172995, 
Chromsome [3]: (721.0)0.53407884638, 89.9399623485, 1101.78958998, 26.3557739598, 1960.82761152, 
Chromsome [4]: (712.733333333)0.534761893573, -42.0766558333, 151524.301458, 2.52111624887, 1039.34258175, 
<------------ GEN 82--------------->
Chromsome [0]: (802.033333333)-10.2926093512, -46.5503607108, 99031.3842093, 8.3851663782, 830.027172995, 
Chromsome [1]: (706.733333333)0.53407884638, 89.9399623485, 258565.488778, 2.54574816645, 1960.82761152, 
Chromsome [2]: (706.3)0.534761893573, -42.0766558333, 151524.301458, 2.52111624887, 1039.34258175, 
Chromsome [3]: (699.066666667)2.72776230359, -82.5422285895, 18794.26633, 19.942966517, 1347.20998388, 
Chromsome [4]: (677.033333333)5.73051274148, 84.0858902846, 1101.78958998, 20.2040795041, 1218.51691814, 
<------------ GEN 83--------------->
Chromsome [0]: (803.8)-48.2479632266, 72.782363541, 1788.6042663, 10.2493673947, 1928.1307228, 
Chromsome [1]: (803.8)-10.2926093512, -46.5503607108, 99031.3842093, 8.3851663782, 830.027172995, 
Chromsome [2]: (720.0)2.72776230359, 145.528827753, 18794.26633, 19.942966517, 1347.20998388, 
Chromsome [3]: (717.066666667)0.534761893573, -10.4685500544, 141846.976509, 14.0810411708, 2324.72086358, 
Chromsome [4]: (709.533333333)0.53407884638, 89.9399623485, 101434.511222, 42.086508974, 2292.2539863, 
<------------ GEN 84--------------->
Chromsome [0]: (822.5)-48.2479632266, 72.782363541, 1788.6042663, 10.2493673947, 1928.1307228, 
Chromsome [1]: (749.3)0.53407884638, 89.9399623485, 101434.511222, 17.913491026, 2292.2539863, 
Chromsome [2]: (749.133333333)0.534761893573, -24.760992444, 44722.1889454, 18.0168054431, 1567.8042189, 
Chromsome [3]: (734.6)2.72776230359, 34.4711722473, 18794.26633, 19.942966517, 1347.20998388, 
Chromsome [4]: (712.633333333)3.73166432315, -10.4685500544, 141846.976509, 14.0810411708, 2324.72086358, 
<------------ GEN 85--------------->
Chromsome [0]: (817.633333333)-48.2479632266, 72.782363541, 1788.6042663, 10.2493673947, 1928.1307228, 
Chromsome [1]: (745.666666667)0.53407884638, 33.1415679847, 114490.2206, 22.4429132652, 1405.610404, 
Chromsome [2]: (740.066666667)0.53407884638, 89.9399623485, 101434.511222, 13.0869365557, 1902.1139742, 
Chromsome [3]: (667.166666667)11.1393365234, -18.8673776214, 141846.976509, 14.0810411708, 2324.72086358, 
Chromsome [4]: (667.166666667)11.1393365234, -18.8673776214, 169787.211372, 4.97738174303, 2953.10302869, 
<------------ GEN 86--------------->
Chromsome [0]: (814.3)-127.309461431, 31.3821403956, 38758.6559572, 22.0563259589, 701.160538386, 
Chromsome [1]: (814.3)-48.2479632266, 72.782363541, 1788.6042663, 10.2493673947, 1928.1307228, 
Chromsome [2]: (753.066666667)0.53407884638, 89.9399623485, 101434.511222, 13.0869365557, 1902.1139742, 
Chromsome [3]: (752.533333333)0.53407884638, 83.497565077, 101434.511222, 13.0869365557, 2227.10150621, 
Chromsome [4]: (748.633333333)0.53407884638, 35.0250097743, 141068.903009, 22.4429132652, 1405.610404, 
<------------ GEN 87--------------->
Chromsome [0]: (818.066666667)-127.309461431, 31.3821403956, 38758.6559572, 22.0563259589, 701.160538386, 
Chromsome [1]: (750.8)0.53407884638, -6.1898927871, 91924.870909, 14.0810411708, 1354.48532116, 
Chromsome [2]: (745.933333333)0.53407884638, 83.497565077, 101434.511222, 4.97738174303, 2953.10302869, 
Chromsome [3]: (743.033333333)0.53407884638, -58.0604261548, 97374.9957734, 4.97738174303, 2953.10302869, 
Chromsome [4]: (680.766666667)9.96694753917, -18.8673776214, 169787.211372, 24.6450217789, 2227.10150621, 
<------------ GEN 88--------------->
Chromsome [0]: (814.066666667)-34.2204099845, 87.1338919242, 75255.760556, 27.1286040674, 1928.1307228, 
Chromsome [1]: (814.066666667)-127.309461431, 31.3821403956, 38758.6559572, 22.0563259589, 701.160538386, 
Chromsome [2]: (753.4)0.53407884638, 3.40676802727, 91924.870909, 14.0810411708, 1354.48532116, 
Chromsome [3]: (752.166666667)0.53407884638, 83.497565077, 205293.864548, 4.97738174303, 2953.10302869, 
Chromsome [4]: (749.5)0.53407884638, -58.0604261548, 97374.9957734, 4.97738174303, 1954.47681295, 
<------------ GEN 89--------------->
Chromsome [0]: (793.366666667)-34.2204099845, 87.1338919242, 75255.760556, 27.1286040674, 1928.1307228, 
Chromsome [1]: (756.766666667)0.53407884638, 217.105068796, 140286.388995, 4.97738174303, 1626.79775876, 
Chromsome [2]: (753.566666667)0.53407884638, 83.497565077, 5771.46156861, 3.73777263467, 1799.03241376, 
Chromsome [3]: (633.966666667)15.5976033776, 29.1932738818, -31123.7729223, 10.2493673947, -4664.13649113, 
Chromsome [4]: (631.7)9.96694753917, 64.8875112622, -37750.5389627, 38.0286716935, 1902.1139742, 
<------------ GEN 90--------------->
Chromsome [0]: (810.033333333)-34.2204099845, 87.1338919242, 75255.760556, 27.1286040674, 1928.1307228, 
Chromsome [1]: (778.9)0.53407884638, -37.1050687965, 22723.0470237, 1.05158590999, 2939.89646416, 
Chromsome [2]: (757.866666667)0.53407884638, 83.497565077, 5771.46156861, 3.73777263467, 2292.2539863, 
Chromsome [3]: (757.7)0.53407884638, -37.1050687965, 140286.388995, 4.97738174303, 194.216973362, 
Chromsome [4]: (656.8)6.17766356717, 46.602018948, 55290.8213283, 4.27451318537, 2245.96163389, 
<------------ GEN 91--------------->
Chromsome [0]: (776.2)-34.2204099845, 87.1338919242, 75255.760556, 27.1286040674, 1928.1307228, 
Chromsome [1]: (753.666666667)0.53407884638, -37.1050687965, 22723.0470237, 1.05158590999, 2939.89646416, 
Chromsome [2]: (745.333333333)0.53407884638, 83.497565077, 5771.46156861, 13.792864286, 2292.2539863, 
Chromsome [3]: (745.133333333)0.53407884638, -68.7720111945, 141068.903009, 24.5586795462, 1150.52333895, 
Chromsome [4]: (675.733333333)3.18092233955, 80.0124160062, 101434.511222, 22.4429132652, 1902.1139742, 
<------------ GEN 92--------------->
Chromsome [0]: (812.4)-6.50390294788, 83.497565077, 140578.98934, 3.73777263467, 2292.2539863, 
Chromsome [1]: (812.4)-34.2204099845, 87.1338919242, 75255.760556, 27.1286040674, 1928.1307228, 
Chromsome [2]: (780.566666667)0.53407884638, 31.1872121823, 5771.46156861, 13.792864286, 2292.2539863, 
Chromsome [3]: (780.433333333)0.53407884638, -37.1050687965, 69168.5334858, 8.93792132887, 1928.1307228, 
Chromsome [4]: (780.433333333)0.53407884638, -68.7720111945, 141068.903009, 26.4305640278, 2216.09670445, 
<------------ GEN 93--------------->
Chromsome [0]: (788.833333333)-0.792108804885, -4.92081008189, 158769.658928, 12.6392681316, 2213.50232211, 
Chromsome [1]: (788.833333333)-3.44058100877, 3.40676802727, 177578.444879, 14.0160201501, 1787.38377638, 
Chromsome [2]: (788.833333333)-6.50390294788, 83.497565077, 140578.98934, 3.73777263467, 2292.2539863, 
Chromsome [3]: (751.033333333)0.53407884638, 31.1872121823, 5771.46156861, 4.27451318537, 2245.96163389, 
Chromsome [4]: (750.833333333)0.53407884638, 83.497565077, 140578.98934, 3.73777263467, 278.684211531, 
<------------ GEN 94--------------->
Chromsome [0]: (821.2)-0.792108804885, -4.92081008189, 158769.658928, 12.6392681316, 2213.50232211, 
Chromsome [1]: (797.933333333)0.53407884638, -28.2274516908, 72251.5052293, 3.73777263467, 2184.77680797, 
Chromsome [2]: (797.933333333)0.53407884638, -80.7750525723, 141068.903009, 26.4305640278, 1084.53028699, 
Chromsome [3]: (797.933333333)0.53407884638, 83.497565077, 140578.98934, 3.73777263467, 967.120772031, 
Chromsome [4]: (797.933333333)0.53407884638, 31.1872121823, 133478.323089, 4.27451318537, 2245.96163389, 
<------------ GEN 95--------------->
Chromsome [0]: (818.5)-1.07672043628, 35.0772485593, 81781.4494018, 2.93928268611, 2227.10150621, 
Chromsome [1]: (818.5)-0.792108804885, -4.92081008189, 158769.658928, 12.6392681316, 2213.50232211, 
Chromsome [2]: (785.9)0.53407884638, -80.7750525723, 121946.267926, 26.4305640278, 1526.78216004, 
Chromsome [3]: (785.9)0.53407884638, 83.497565077, 140578.98934, 3.73777263467, 967.120772031, 
Chromsome [4]: (779.433333333)0.992108804885, -4.92081008189, 158769.658928, 87.6800337671, 2213.50232211, 
<------------ GEN 96--------------->
Chromsome [0]: (795.6)-39.6475033452, -0.735319394564, 19339.2433007, 23.9062361602, 1787.38377638, 
Chromsome [1]: (795.6)-1.07672043628, 35.0772485593, 81781.4494018, 2.93928268611, 2227.10150621, 
Chromsome [2]: (738.8)0.53407884638, 83.497565077, 140578.98934, 3.73777263467, 967.120772031, 
Chromsome [3]: (738.7)0.53407884638, -68.7720111945, 141068.903009, 7.83525259492, 2216.09670445, 
Chromsome [4]: (736.133333333)0.992108804885, -4.92081008189, 109115.510375, 12.6392681316, 2213.50232211, 
<------------ GEN 97--------------->
Chromsome [0]: (810.733333333)-39.6475033452, -0.735319394564, 19339.2433007, 23.9062361602, 1787.38377638, 
Chromsome [1]: (776.766666667)0.53407884638, -68.7720111945, 141068.903009, 21.4742194499, 1930.24417043, 
Chromsome [2]: (776.766666667)0.53407884638, -16.2831686314, 12620.0253623, 28.508300214, 1150.52333895, 
Chromsome [3]: (776.633333333)0.992108804885, -4.92081008189, 31123.7729223, 3.27356805487, 701.160538386, 
Chromsome [4]: (776.633333333)0.992108804885, -4.92081008189, 109115.510375, 12.6392681316, 2184.77680797, 
<------------ GEN 98--------------->
Chromsome [0]: (787.633333333)-39.6475033452, -0.735319394564, 19339.2433007, 23.9062361602, 1787.38377638, 
Chromsome [1]: (737.5)0.53407884638, -16.2831686314, 52992.1316537, 15.4779025464, 1782.70623093, 
Chromsome [2]: (737.266666667)0.992108804885, -4.92081008189, 59924.6667641, 3.73777263467, 1310.06636808, 
Chromsome [3]: (737.033333333)0.992108804885, -33.5011404289, 109115.510375, 21.4742194499, 1930.24417043, 
Chromsome [4]: (737.033333333)0.992108804885, 85.5585621708, 158769.658928, 11.2029620355, 2887.49754373, 
<------------ GEN 99--------------->
Chromsome [0]: (811.766666667)-39.6475033452, -0.735319394564, 19339.2433007, 23.9062361602, 1787.38377638, 
Chromsome [1]: (770.466666667)0.561962323438, -0.735319394564, 12620.0253623, 28.508300214, 1150.52333895, 
Chromsome [2]: (762.2)0.53407884638, -16.2831686314, 111341.308362, 15.4779025464, 1782.70623093, 
Chromsome [3]: (761.866666667)0.992108804885, -22.0936802385, 81781.4494018, 2.93928268611, 1787.38377638, 
Chromsome [4]: (760.1)0.992108804885, -33.5011404289, 109115.510375, 2.93928268611, 1557.74146927, 
<------------ GEN 100--------------->
Chromsome [0]: (778.766666667)-39.6475033452, -0.735319394564, 19339.2433007, 23.9062361602, 1787.38377638, 
Chromsome [1]: (745.866666667)0.561962323438, 6.85531023594, 12620.0253623, 2.93928268611, 1557.74146927, 
Chromsome [2]: (727.966666667)0.53407884638, -16.2831686314, 111341.308362, 15.4779025464, 1782.70623093, 
Chromsome [3]: (721.766666667)0.383697860285, -78.7551524257, 41853.3452406, 23.1907644258, 1526.78216004, 
Chromsome [4]: (721.6)0.561962323438, 58.5246604686, 174130.438161, 27.1286040674, 1215.39376617, 
