<------------ GEN 1--------------->
Chromsome [0]: (832.866666667)1.76719369523, 85.7744804212, 90582.2371959, 9.37752711136, 710.219432013, 
Chromsome [1]: (821.266666667)4.04046723257, 33.4721051112, 102808.816561, 22.396378924, 1835.91448871, 
Chromsome [2]: (816.266666667)9.08044977038, 18.8561751338, 73462.4252724, 18.7344473899, 2178.10500163, 
Chromsome [3]: (766.1)13.5921132354, 84.0462342375, 72848.1121869, 9.07726589563, 1758.15648201, 
Chromsome [4]: (740.2)16.2479747486, -41.7849975869, 4963.68498494, 23.382405698, 2859.0760598, 
<------------ GEN 2--------------->
Chromsome [0]: (855.566666667)1.76719369523, 8.45088528469, 69992.6317197, 27.4068722158, 1986.40170513, 
Chromsome [1]: (855.566666667)1.76719369523, 85.7744804212, 90582.2371959, 9.37752711136, 1794.20257256, 
Chromsome [2]: (855.566666667)1.76719369523, 85.7744804212, 90582.2371959, 9.37752711136, 710.219432013, 
Chromsome [3]: (837.633333333)9.08044977038, 18.8561751338, 30559.7339056, 18.7344473899, 2178.10500163, 
Chromsome [4]: (775.666666667)13.5921132354, 84.0462342375, 21101.047757, 9.07726589563, 1758.15648201, 
<------------ GEN 3--------------->
Chromsome [0]: (815.066666667)5.59231253124, 33.4721051112, 102808.816561, 22.396378924, 696.367498801, 
Chromsome [1]: (808.733333333)1.76719369523, 8.45088528469, 69992.6317197, 27.4068722158, 1986.40170513, 
Chromsome [2]: (808.733333333)1.76719369523, 8.45088528469, 69992.6317197, 23.1757349237, 2779.07201727, 
Chromsome [3]: (808.733333333)1.76719369523, 8.45088528469, 69992.6317197, 27.4068722158, 1986.40170513, 
Chromsome [4]: (808.266666667)1.76719369523, 85.7744804212, 90582.2371959, 9.37752711136, 1794.20257256, 
<------------ GEN 4--------------->
Chromsome [0]: (821.566666667)1.76719369523, 85.7744804212, 90582.2371959, 9.37752711136, 696.367498801, 
Chromsome [1]: (820.266666667)1.76719369523, -29.0752823941, 47563.9054256, 4.69143368732, 1988.83169688, 
Chromsome [2]: (817.666666667)1.76719369523, -0.47050026657, 52001.5060741, 14.2255027364, 2416.78212307, 
Chromsome [3]: (817.5)1.76719369523, -76.4176435564, 29043.4337908, 7.41659093592, 2395.26654955, 
Chromsome [4]: (817.5)5.59231253124, 33.4721051112, 102808.816561, 22.396378924, 1794.20257256, 
<------------ GEN 5--------------->
Chromsome [0]: (790.733333333)1.76719369523, -82.3919895585, 29043.4337908, 27.0423647685, 1988.83169688, 
Chromsome [1]: (790.7)1.76719369523, -0.47050026657, 113341.806673, 20.2484707347, 666.369889349, 
Chromsome [2]: (790.066666667)1.76719369523, 85.7744804212, 90582.2371959, 9.37752711136, 696.367498801, 
Chromsome [3]: (790.066666667)1.76719369523, 85.7744804212, 90582.2371959, 9.37752711136, 696.367498801, 
Chromsome [4]: (787.4)1.76719369523, -29.0752823941, 47563.9054256, 40.8308357907, 1034.28996072, 
<------------ GEN 6--------------->
Chromsome [0]: (838.233333333)-39.667210701, -45.2092941492, 89561.6281855, 18.7344473899, 696.367498801, 
Chromsome [1]: (802.0)1.76719369523, -197.362162704, 113341.806673, 20.2484707347, 666.369889349, 
Chromsome [2]: (801.533333333)1.76719369523, -82.3919895585, 29043.4337908, -4.20054806999, 1988.83169688, 
Chromsome [3]: (797.2)1.76719369523, -10.7997719676, 70530.318872, 1.79551140015, 696.367498801, 
Chromsome [4]: (793.8)1.76719369523, -82.3919895585, 29043.4337908, 27.0423647685, 1988.83169688, 
<------------ GEN 7--------------->
Chromsome [0]: (818.9)-39.667210701, -45.2092941492, 89561.6281855, 18.7344473899, 696.367498801, 
Chromsome [1]: (777.233333333)1.76719369523, -82.3919895585, 29043.4337908, 4.20054806999, 1988.83169688, 
Chromsome [2]: (769.1)1.76719369523, -10.7997719676, 132783.240891, 24.6114944646, 1988.83169688, 
Chromsome [3]: (765.5)1.76719369523, -68.5396853408, 47563.9054256, 2.12973434234, 1146.35700266, 
Chromsome [4]: (764.166666667)1.76719369523, 428.163118949, 19849.234172, 20.2484707347, 1794.20257256, 
<------------ GEN 8--------------->
Chromsome [0]: (821.3)-39.667210701, -45.2092941492, 89561.6281855, 18.7344473899, 696.367498801, 
Chromsome [1]: (781.3)1.76719369523, -82.3919895585, -76178.4683416, 13.3728167713, 649.461677705, 
Chromsome [2]: (777.233333333)1.76719369523, -82.3919895585, 29043.4337908, 4.20054806999, 768.954566095, 
Chromsome [3]: (774.7)1.76719369523, -248.163118949, 19849.234172, 20.2484707347, 1794.20257256, 
Chromsome [4]: (774.7)1.76719369523, -248.163118949, 19849.234172, 20.2484707347, 1794.20257256, 
<------------ GEN 9--------------->
Chromsome [0]: (816.8)-16.3074358776, 33.4721051112, 136680.322355, 14.6970772268, 2354.691808, 
Chromsome [1]: (816.8)-39.667210701, -45.2092941492, 89561.6281855, 18.7344473899, 696.367498801, 
Chromsome [2]: (764.633333333)1.76719369523, 68.1631189485, 19849.234172, 8.90116956286, 1794.20257256, 
Chromsome [3]: (762.8)1.76719369523, 29.0562382709, 47563.9054256, 4.20054806999, 768.954566095, 
Chromsome [4]: (761.366666667)1.76719369523, -82.3919895585, 34815.7413268, 2.12973434234, 2152.30939073, 
<------------ GEN 10--------------->
Chromsome [0]: (792.166666667)-16.3074358776, 33.4721051112, 136680.322355, 14.6970772268, 2354.691808, 
Chromsome [1]: (777.366666667)0.909771664746, 9.71389308916, 19450.9104103, 8.6111379522, 404.93852465, 
Chromsome [2]: (751.933333333)1.76719369523, -82.3919895585, 34815.7413268, 2.12973434234, 2152.30939073, 
Chromsome [3]: (749.666666667)1.76719369523, 29.0562382709, 47563.9054256, 22.023196982, 2018.19747176, 
Chromsome [4]: (748.5)1.76719369523, 68.1631189485, 19849.234172, 20.2484707347, 1794.20257256, 
<------------ GEN 11--------------->
Chromsome [0]: (774.5)-16.3074358776, 33.4721051112, 136680.322355, 14.6970772268, 2354.691808, 
Chromsome [1]: (729.766666667)6.84861152107, -50.1372027774, 161489.830567, 14.2255027364, 684.030806145, 
Chromsome [2]: (705.533333333)1.76719369523, -82.3919895585, 34815.7413268, 2.12973434234, 2152.30939073, 
Chromsome [3]: (705.266666667)1.76719369523, 7.84163873087, 138115.297002, 14.6970772268, 762.136964452, 
Chromsome [4]: (703.3)1.76719369523, -72.5515091921, 19849.234172, 24.6114944646, 2416.78212307, 
<------------ GEN 12--------------->
Chromsome [0]: (804.766666667)-16.3074358776, 33.4721051112, 136680.322355, 14.6970772268, 2354.691808, 
Chromsome [1]: (763.9)6.84861152107, -50.4597998989, 161489.830567, 14.2255027364, 4175.73146095, 
Chromsome [2]: (756.966666667)1.76719369523, -122.464315159, 175716.593891, 8.90116956286, 1794.20257256, 
Chromsome [3]: (744.5)1.76719369523, 68.1631189485, 136680.322355, 24.1628846165, 696.367498801, 
Chromsome [4]: (744.466666667)1.76719369523, 101.560417698, 66225.9998054, 2.12973434234, 2152.30939073, 
<------------ GEN 13--------------->
Chromsome [0]: (802.0)-44.1430071563, 73.0769309828, 116193.608569, 27.0997037254, 1383.38712906, 
Chromsome [1]: (802.0)-16.3074358776, 33.4721051112, 136680.322355, 14.6970772268, 2354.691808, 
Chromsome [2]: (755.366666667)6.84861152107, 29.0562382709, 47563.9054256, 11.634396509, 762.136964452, 
Chromsome [3]: (732.533333333)1.76719369523, 33.4721051112, 136680.322355, 4.13141794971, 2084.43322744, 
Chromsome [4]: (730.666666667)1.76719369523, -0.397076909128, 164385.529437, 19.6370789357, 1054.95836682, 
<------------ GEN 14--------------->
Chromsome [0]: (809.966666667)-44.1430071563, 73.0769309828, 116193.608569, 27.0997037254, 1383.38712906, 
Chromsome [1]: (744.333333333)6.84861152107, 29.0562382709, 74546.9632114, 19.6370789357, 2755.10482616, 
Chromsome [2]: (742.433333333)5.2380233572, 61.9226053382, 111694.168819, 14.7427330846, 1158.97140977, 
Chromsome [3]: (729.0)1.76719369523, -0.397076909128, 164385.529437, 19.6370789357, 2008.45451973, 
Chromsome [4]: (723.7)1.76719369523, 33.4721051112, 136680.322355, 5.99003949911, 2084.43322744, 
<------------ GEN 15--------------->
Chromsome [0]: (810.8)-44.1430071563, 73.0769309828, 116193.608569, 27.0997037254, 1383.38712906, 
Chromsome [1]: (744.5)5.2380233572, 61.9226053382, 78285.2400434, 5.99003949911, 2084.43322744, 
Chromsome [2]: (731.633333333)6.84861152107, 29.0562382709, 74546.9632114, 19.6370789357, 2008.45451973, 
Chromsome [3]: (715.233333333)6.84861152107, -74.5566543701, 74188.0842992, 1.0419549947, -4147.87266746, 
Chromsome [4]: (714.466666667)1.76719369523, -57.5356848415, 15099.3678689, 8.90116956286, 1902.55852976, 
<------------ GEN 16--------------->
Chromsome [0]: (802.3)-44.1430071563, 73.0769309828, 116193.608569, 27.0997037254, 1383.38712906, 
Chromsome [1]: (728.933333333)5.2380233572, 61.9226053382, 78285.2400434, 5.99003949911, 2084.43322744, 
Chromsome [2]: (714.233333333)1.76719369523, 44.7776039006, 15099.3678689, 33.3996398905, 656.653764512, 
Chromsome [3]: (710.0)1.76719369523, -0.397076909128, 164385.529437, 5.54349194458, 429.572308247, 
Chromsome [4]: (710.0)1.76719369523, -0.397076909128, 164385.529437, 5.54349194458, 1158.97140977, 
<------------ GEN 17--------------->
Chromsome [0]: (801.3)-65.9354876349, -54.5558180119, 136680.322355, 11.0111087616, 556.92893939, 
Chromsome [1]: (801.3)-44.1430071563, 73.0769309828, 116193.608569, 27.0997037254, 1383.38712906, 
Chromsome [2]: (754.366666667)5.2380233572, 61.9226053382, 78285.2400434, 5.99003949911, 2084.43322744, 
Chromsome [3]: (748.966666667)6.84861152107, -71.9564249213, 47563.9054256, 21.8763022566, 1383.38712906, 
Chromsome [4]: (732.966666667)1.76719369523, 44.7776039006, 15099.3678689, 26.6003601095, 656.653764512, 
<------------ GEN 18--------------->
Chromsome [0]: (796.866666667)-65.9354876349, -54.5558180119, 136680.322355, 11.0111087616, 556.92893939, 
Chromsome [1]: (750.133333333)11.3130397271, 0.441113140355, 19849.234172, 3.4432630965, 2468.60444641, 
Chromsome [2]: (727.666666667)6.84861152107, -71.9564249213, 47563.9054256, 21.8763022566, 4601.05607218, 
Chromsome [3]: (723.566666667)1.76719369523, 44.7776039006, 15099.3678689, 3.70319939486, 762.498471256, 
Chromsome [4]: (715.266666667)1.76719369523, -163.126238005, 66225.9998054, 19.5506264391, 1785.69679479, 
<------------ GEN 19--------------->
Chromsome [0]: (797.9)-0.0503461210401, 73.0769309828, 116193.608569, 23.713126931, 1785.69679479, 
Chromsome [1]: (797.9)-53.5933415137, -35.5638957251, 138372.106092, 24.6114944646, 1071.31480242, 
Chromsome [2]: (797.9)-65.9354876349, -54.5558180119, 136680.322355, 11.0111087616, 556.92893939, 
Chromsome [3]: (765.133333333)11.3130397271, 0.441113140355, 19849.234172, 3.4432630965, 2786.63157226, 
Chromsome [4]: (743.966666667)6.84861152107, -54.5558180119, 136680.322355, 11.0111087616, 556.92893939, 
<------------ GEN 20--------------->
Chromsome [0]: (794.466666667)-0.0503461210401, 73.0769309828, 116193.608569, 23.713126931, 1785.69679479, 
Chromsome [1]: (739.666666667)6.84861152107, -54.5558180119, 136680.322355, 11.0111087616, 913.999127097, 
Chromsome [2]: (737.866666667)6.84861152107, -71.9564249213, 131121.774484, 4.13141794971, 2124.72964513, 
Chromsome [3]: (737.866666667)6.84861152107, -71.9564249213, 47563.9054256, 21.8763022566, 556.92893939, 
Chromsome [4]: (736.066666667)11.3130397271, -19.006969081, 19849.234172, 3.4432630965, 2786.63157226, 
<------------ GEN 21--------------->
Chromsome [0]: (805.7)-0.0503461210401, 73.0769309828, 116193.608569, 23.713126931, 1785.69679479, 
Chromsome [1]: (772.266666667)0.25034612104, 73.0769309828, 116193.608569, 23.713126931, 1785.69679479, 
Chromsome [2]: (739.133333333)1.76719369523, 61.7755374382, 166283.384809, 3.4432630965, 2786.63157226, 
Chromsome [3]: (738.566666667)1.76719369523, 81.2919619855, 47563.9054256, 21.8763022566, 1929.66381233, 
Chromsome [4]: (738.566666667)1.76719369523, 85.7744804212, 161489.830567, 41.5002742808, 1686.77524751, 
<------------ GEN 22--------------->
Chromsome [0]: (803.366666667)-0.0503461210401, 73.0769309828, 116193.608569, 23.713126931, 1785.69679479, 
Chromsome [1]: (761.5)0.25034612104, 25.1445394655, 77806.4066841, 13.4964897264, 1697.60850939, 
Chromsome [2]: (757.333333333)0.25034612104, 73.0769309828, 116193.608569, 23.713126931, 1785.69679479, 
Chromsome [3]: (741.8)1.76719369523, -71.9564249213, -178760.78566, 3.4432630965, 183.310302045, 
Chromsome [4]: (723.433333333)1.76719369523, 81.2919619855, 164385.529437, -13.24211057, 1563.69073826, 
<------------ GEN 23--------------->
Chromsome [0]: (808.766666667)-0.0503461210401, 73.0769309828, 116193.608569, 23.713126931, 1785.69679479, 
Chromsome [1]: (774.766666667)0.25034612104, 25.1445394655, 164385.529437, 53.7654733404, 1148.00630282, 
Chromsome [2]: (767.433333333)0.25034612104, 73.0769309828, 174561.794049, 18.0076517813, 1686.77524751, 
Chromsome [3]: (765.433333333)0.25034612104, -30.587177123, 77806.4066841, 17.8780469427, 852.127332536, 
Chromsome [4]: (763.233333333)0.25034612104, -71.423925742, 69190.9319718, 19.5537710082, 2893.70678514, 
<------------ GEN 24--------------->
Chromsome [0]: (814.333333333)-0.0503461210401, 73.0769309828, 116193.608569, 23.713126931, 1785.69679479, 
Chromsome [1]: (763.6)0.25034612104, 73.0769309828, 30751.777054, 22.2259543786, 1240.28491516, 
Chromsome [2]: (763.366666667)0.25034612104, 46.1111754866, 164385.529437, 17.7455706472, 1782.67814661, 
Chromsome [3]: (763.166666667)0.25034612104, 25.1445394655, 164385.529437, 6.23452665964, 1148.00630282, 
Chromsome [4]: (754.9)0.25034612104, -30.587177123, 89942.0314954, 3.55415807944, 2001.23402847, 
<------------ GEN 25--------------->
Chromsome [0]: (811.266666667)-0.0503461210401, 73.0769309828, 116193.608569, 23.713126931, 1785.69679479, 
Chromsome [1]: (764.3)0.25034612104, 73.0769309828, 210140.521965, 23.713126931, 1686.77524751, 
Chromsome [2]: (757.6)0.25034612104, 25.1445394655, 164385.529437, 12.188705507, 1148.00630282, 
Chromsome [3]: (756.866666667)0.25034612104, -27.8887190689, 73566.4871166, 5.46067879908, 2755.01901045, 
Chromsome [4]: (751.9)0.25034612104, -30.587177123, 89942.0314954, 7.7107449905, 2001.23402847, 
<------------ GEN 26--------------->
Chromsome [0]: (799.3)-0.0503461210401, 73.0769309828, 116193.608569, 23.713126931, 1785.69679479, 
Chromsome [1]: (756.933333333)0.25034612104, 73.0769309828, 149859.478035, 23.713126931, 1686.77524751, 
Chromsome [2]: (755.7)0.25034612104, -209.396164678, 116193.608569, 19.5793904106, 1785.69679479, 
Chromsome [3]: (749.3)0.25034612104, 25.1445394655, 112740.873637, 12.188705507, 760.904853589, 
Chromsome [4]: (745.233333333)0.25034612104, -30.587177123, 89942.0314954, 7.7107449905, 1991.37862701, 
<------------ GEN 27--------------->
Chromsome [0]: (799.566666667)-0.0503461210401, 73.0769309828, 116193.608569, 23.713126931, 1785.69679479, 
Chromsome [1]: (766.5)0.25034612104, 29.3961646781, 116193.608569, 19.5793904106, 1785.69679479, 
Chromsome [2]: (761.6)0.25034612104, -20.5800653002, 116193.608569, 23.713126931, 1785.69679479, 
Chromsome [3]: (760.666666667)0.25034612104, -99.4922321916, 116193.608569, 6.72510903351, 1539.15026246, 
Chromsome [4]: (758.8)0.25034612104, -30.587177123, 89942.0314954, 7.7107449905, 1991.37862701, 
<------------ GEN 28--------------->
Chromsome [0]: (780.866666667)-0.0503461210401, 73.0769309828, 116193.608569, 23.713126931, 1785.69679479, 
Chromsome [1]: (744.433333333)0.25034612104, 29.3961646781, 116193.608569, 19.5793904106, 1568.63604607, 
Chromsome [2]: (743.766666667)0.25034612104, 73.0769309828, 116193.608569, 23.713126931, 2366.63667782, 
Chromsome [3]: (738.133333333)0.25034612104, -20.5800653002, 73566.4871166, 5.46067879908, 2755.01901045, 
Chromsome [4]: (737.8)0.25034612104, -30.587177123, 89942.0314954, 7.7107449905, 1991.37862701, 
<------------ GEN 29--------------->
Chromsome [0]: (800.766666667)-0.0503461210401, 73.0769309828, 116193.608569, 23.713126931, 1785.69679479, 
Chromsome [1]: (785.333333333)0.25034612104, 81.2919619855, 3848.37505791, 5.53255374274, 1837.95711682, 
Chromsome [2]: (783.033333333)0.25034612104, 73.0769309828, 44884.4466985, 14.6329944506, 734.563431758, 
Chromsome [3]: (781.933333333)0.25034612104, -20.5800653002, 182266.72304, 17.33583422, 2643.16093563, 
Chromsome [4]: (781.9)0.25034612104, 73.0769309828, 116193.608569, 6.08570776764, 2366.63667782, 
<------------ GEN 30--------------->
Chromsome [0]: (807.233333333)-0.0503461210401, 73.0769309828, 116193.608569, 23.713126931, 1785.69679479, 
Chromsome [1]: (786.333333333)0.25034612104, 81.2919619855, 3848.37505791, 6.87189100465, 196.689444221, 
Chromsome [2]: (786.133333333)0.25034612104, -49.0649907473, 13379.0821203, 7.7107449905, 1991.37862701, 
Chromsome [3]: (784.033333333)0.25034612104, 73.0769309828, 116193.608569, 23.713126931, 1785.69679479, 
Chromsome [4]: (782.0)0.25034612104, 29.6342175879, 116193.608569, 23.713126931, 895.865144125, 
<------------ GEN 31--------------->
Chromsome [0]: (795.966666667)-0.0503461210401, 73.0769309828, 116193.608569, 23.713126931, 1785.69679479, 
Chromsome [1]: (775.4)0.25034612104, 57.3621674508, 107251.01543, 23.713126931, 948.573303611, 
Chromsome [2]: (775.4)0.25034612104, -30.4195501148, 3848.37505791, 27.5317133517, 803.310555779, 
Chromsome [3]: (774.866666667)0.25034612104, -49.0649907473, 13379.0821203, 7.7107449905, 1991.37862701, 
Chromsome [4]: (773.7)0.25034612104, -80.5077678084, 22275.2221316, 6.72510903351, 1218.68429684, 
<------------ GEN 32--------------->
Chromsome [0]: (793.666666667)-0.0503461210401, 73.0769309828, 116193.608569, 23.713126931, 1785.69679479, 
Chromsome [1]: (770.733333333)0.25034612104, 57.3621674508, 107251.01543, 23.713126931, 948.573303611, 
Chromsome [2]: (770.7)0.25034612104, 54.1487314708, 56224.6510698, 16.1760900884, 2622.33693693, 
Chromsome [3]: (769.933333333)0.25034612104, -30.4195501148, 3848.37505791, 10.9554734566, 1782.79164769, 
Chromsome [4]: (768.0)0.25034612104, 19.998770513, 41366.3202501, 14.3165708638, 1490.75165275, 
<------------ GEN 33--------------->
Chromsome [0]: (792.533333333)-13.0117522618, -71.423925742, 22306.8909814, 6.72510903351, 1539.15026246, 
Chromsome [1]: (792.533333333)-0.0503461210401, 73.0769309828, 116193.608569, 23.713126931, 1785.69679479, 
Chromsome [2]: (766.066666667)0.25034612104, 57.3621674508, 119059.491576, 23.713126931, 948.573303611, 
Chromsome [3]: (765.966666667)0.25034612104, 54.1487314708, 56224.6510698, 5.53255374274, 1837.95711682, 
Chromsome [4]: (763.666666667)0.25034612104, -80.5077678084, 22539.3247259, 7.84256217987, 895.865144125, 
<------------ GEN 34--------------->
Chromsome [0]: (786.433333333)-13.0117522618, -71.423925742, 22306.8909814, 6.72510903351, 1539.15026246, 
Chromsome [1]: (760.5)0.25034612104, 50.0008502461, 19064.5038188, 18.893329965, 2171.56388962, 
Chromsome [2]: (759.266666667)0.25034612104, -80.5077678084, -103196.225387, 7.84256217987, 2166.9903135, 
Chromsome [3]: (758.8)0.25034612104, 54.1487314708, 56224.6510698, 5.53255374274, 1837.95711682, 
Chromsome [4]: (753.266666667)0.25034612104, 73.0769309828, 116193.608569, 23.713126931, 1785.69679479, 
<------------ GEN 35--------------->
Chromsome [0]: (783.766666667)-13.0117522618, -71.423925742, 22306.8909814, 6.72510903351, 1539.15026246, 
Chromsome [1]: (753.833333333)0.25034612104, 0.253007269639, 77329.7148625, 7.11144928557, -783.595792113, 
Chromsome [2]: (750.833333333)0.25034612104, 73.0769309828, 44884.4466985, 12.8458561071, 1782.79164769, 
Chromsome [3]: (747.866666667)0.25034612104, 82.7067974665, 123734.769125, 23.713126931, 1785.69679479, 
Chromsome [4]: (747.433333333)0.25034612104, -15.2755827438, 56224.6510698, 6.06973456838, 1837.95711682, 
<------------ GEN 36--------------->
Chromsome [0]: (790.133333333)-108.354323161, -49.0649907473, 27.9585706717, 7.7107449905, 1539.15026246, 
Chromsome [1]: (790.133333333)-24.0748612879, 54.1950010139, 116193.608569, 14.3165708638, 1490.75165275, 
Chromsome [2]: (790.133333333)-13.0117522618, -71.423925742, 22306.8909814, 6.72510903351, 1539.15026246, 
Chromsome [3]: (759.233333333)0.25034612104, 73.0769309828, 44884.4466985, 22.9187953439, 1782.79164769, 
Chromsome [4]: (758.6)0.25034612104, -15.2755827438, 56224.6510698, 6.06973456838, 1837.95711682, 
<------------ GEN 37--------------->
Chromsome [0]: (780.8)-108.354323161, -49.0649907473, 27.9585706717, 7.7107449905, 1539.15026246, 
Chromsome [1]: (747.633333333)0.25034612104, 210.689313408, 116193.608569, 11.1595238181, 1987.9096322, 
Chromsome [2]: (747.233333333)0.25034612104, -49.0649907473, -243045.407381, 12.2614441259, 1539.15026246, 
Chromsome [3]: (746.866666667)0.25034612104, 73.0769309828, 27.9585706717, 7.7107449905, 739.606555823, 
Chromsome [4]: (743.333333333)0.25034612104, 82.7067974665, 17700.3560531, 11.6977687772, 1916.35390805, 
<------------ GEN 38--------------->
Chromsome [0]: (785.566666667)-108.354323161, -49.0649907473, 27.9585706717, 7.7107449905, 1539.15026246, 
Chromsome [1]: (736.966666667)0.25034612104, -16.7075577573, -30687.7451024, 11.1595238181, 1987.9096322, 
Chromsome [2]: (730.4)0.25034612104, -88.448508221, 116193.608569, 25.9176319853, 1785.69679479, 
Chromsome [3]: (729.266666667)0.25034612104, -15.2755827438, 56224.6510698, 13.3208954707, 1313.96100866, 
Chromsome [4]: (728.133333333)0.25034612104, 78.6628966229, 243045.407381, 22.2026274283, 4589.19778165, 
<------------ GEN 39--------------->
Chromsome [0]: (780.633333333)-108.354323161, -49.0649907473, 27.9585706717, 7.7107449905, 1539.15026246, 
Chromsome [1]: (727.866666667)0.25034612104, 78.6628966229, 116954.592619, 22.2026274283, 1410.80221835, 
Chromsome [2]: (726.433333333)0.25034612104, -88.448508221, 116193.608569, 25.9176319853, 1785.69679479, 
Chromsome [3]: (723.7)4.77997075597, 191.696615499, 56224.6510698, 9.12959431176, 1555.30607943, 
Chromsome [4]: (717.466666667)0.25034612104, -38.823953701, 123103.818027, 20.1120929239, 948.573303611, 
<------------ GEN 40--------------->
Chromsome [0]: (780.566666667)-108.354323161, -49.0649907473, 27.9585706717, 7.7107449905, 1539.15026246, 
Chromsome [1]: (728.266666667)3.54432489935, -97.2929777403, 89442.7261375, 7.7107449905, 1726.70685338, 
Chromsome [2]: (718.266666667)7.37170389538, 58.6452217466, 114146.36615, 4.6407679821, 1030.87949231, 
Chromsome [3]: (712.4)0.25034612104, 78.6628966229, 116954.592619, 25.9176319853, 1785.69679479, 
Chromsome [4]: (712.266666667)10.3063127143, -41.4173098507, 103196.225387, 14.779312953, 2857.71135965, 
<------------ GEN 41--------------->
Chromsome [0]: (805.566666667)-34.2594450814, 44.6805050757, 87444.8948022, 20.5272566419, 2108.6868438, 
Chromsome [1]: (805.566666667)-108.354323161, -49.0649907473, 27.9585706717, 7.7107449905, 1539.15026246, 
Chromsome [2]: (768.6)0.25034612104, 205.767759352, 103196.225387, 1.53524345585, 1706.64351168, 
Chromsome [3]: (722.533333333)0.25034612104, 78.6628966229, 116954.592619, 25.9176319853, 1785.69679479, 
Chromsome [4]: (715.166666667)0.25034612104, 25.9233430808, 119059.491576, 24.8252970676, 2567.73274852, 
<------------ GEN 42--------------->
Chromsome [0]: (799.166666667)-34.2594450814, 44.6805050757, 87444.8948022, 20.5272566419, 2108.6868438, 
Chromsome [1]: (740.9)0.25034612104, -25.7677593521, -88959.1045553, 1.53524345585, 1499.45546743, 
Chromsome [2]: (727.9)0.25034612104, 15.6683472725, 35981.5273938, 13.3001701081, 1785.69679479, 
Chromsome [3]: (727.5)0.25034612104, 78.6628966229, 116954.592619, 25.9176319853, 1785.69679479, 
Chromsome [4]: (726.366666667)0.25034612104, 25.9233430808, 119059.491576, 0.606732330733, 2567.73274852, 
<------------ GEN 43--------------->
Chromsome [0]: (810.933333333)-19.6989760569, -25.7677593521, 27.9585706717, 17.0566167296, 515.18346943, 
Chromsome [1]: (810.933333333)-64.3035684337, -55.2914321621, 130958.223442, 4.51654295211, 826.577384594, 
Chromsome [2]: (810.933333333)-34.2594450814, 44.6805050757, 87444.8948022, 20.5272566419, 2108.6868438, 
Chromsome [3]: (765.9)0.25034612104, -49.0649907473, 27.9585706717, 7.7107449905, 1539.15026246, 
Chromsome [4]: (761.633333333)0.25034612104, 15.6683472725, 35981.5273938, 13.3001701081, 1785.69679479, 
<------------ GEN 44--------------->
Chromsome [0]: (796.033333333)-19.6989760569, -25.7677593521, 27.9585706717, 17.0566167296, 515.18346943, 
Chromsome [1]: (753.2)0.25034612104, 73.9922772751, 35663.5683934, 6.72510903351, 1410.80221835, 
Chromsome [2]: (750.7)0.25034612104, 15.6683472725, 35981.5273938, 13.3001701081, 1785.69679479, 
Chromsome [3]: (741.4)0.25034612104, 73.9922772751, 112548.137672, 6.72510903351, 1410.80221835, 
Chromsome [4]: (732.033333333)0.25034612104, -64.9886999146, 88959.1045553, 1.53524345585, 1499.45546743, 
<------------ GEN 45--------------->
Chromsome [0]: (792.933333333)-19.6989760569, -25.7677593521, 27.9585706717, 17.0566167296, 515.18346943, 
Chromsome [1]: (728.666666667)0.25034612104, 15.6683472725, 165787.031391, 13.3001701081, 2765.96329523, 
Chromsome [2]: (727.066666667)0.25034612104, 73.9922772751, 35663.5683934, 6.72510903351, 515.18346943, 
Chromsome [3]: (727.066666667)0.25034612104, 73.9922772751, 35663.5683934, 6.72510903351, 1205.46155991, 
Chromsome [4]: (706.1)0.25034612104, -64.9886999146, 88959.1045553, 16.9272848025, 1499.45546743, 
<------------ GEN 46--------------->
Chromsome [0]: (770.2)-19.6989760569, -25.7677593521, 27.9585706717, 17.0566167296, 515.18346943, 
Chromsome [1]: (719.866666667)0.25034612104, 15.6683472725, 165787.031391, 6.95680241712, 1714.86702454, 
Chromsome [2]: (716.2)0.25034612104, 73.9922772751, 35663.5683934, 17.0566167296, 515.18346943, 
Chromsome [3]: (713.033333333)0.25034612104, 73.9922772751, 130958.223442, 4.51654295211, 826.577384594, 
Chromsome [4]: (706.666666667)95.8184813291, 78.6628966229, 27.9585706717, -4.21548853273, 1539.15026246, 
<------------ GEN 47--------------->
Chromsome [0]: (786.333333333)-104.938184951, -25.7677593521, 123634.95315, 17.0566167296, 1998.9388051, 
Chromsome [1]: (786.333333333)-19.6989760569, -25.7677593521, 27.9585706717, 17.0566167296, 515.18346943, 
Chromsome [2]: (756.566666667)19.8989760569, -25.7677593521, 27.9585706717, -11.2040217258, 1904.04482915, 
Chromsome [3]: (742.533333333)0.25034612104, 15.6683472725, 10004.5640867, 6.72510903351, 1205.46155991, 
Chromsome [4]: (739.866666667)0.25034612104, -64.9886999146, -87385.5817171, 6.32507727056, 1663.55578461, 
<------------ GEN 48--------------->
Chromsome [0]: (814.266666667)-104.938184951, -25.7677593521, 123634.95315, 17.0566167296, 1998.9388051, 
Chromsome [1]: (767.566666667)0.25034612104, 15.6683472725, 10004.5640867, 6.72510903351, 1205.46155991, 
Chromsome [2]: (765.366666667)0.25034612104, 15.6683472725, -33272.8094752, 16.8454445051, 1663.55578461, 
Chromsome [3]: (751.0)0.25034612104, 2.60347617058, 97599.4900254, 1.32104764028, 1998.9388051, 
Chromsome [4]: (742.5)0.25034612104, -64.9886999146, 87385.5817171, 6.32507727056, 515.18346943, 
<------------ GEN 49--------------->
Chromsome [0]: (812.666666667)-104.938184951, -25.7677593521, 123634.95315, 17.0566167296, 1998.9388051, 
Chromsome [1]: (763.833333333)0.25034612104, 15.6683472725, 10004.5640867, 6.72510903351, 1499.45546743, 
Chromsome [2]: (763.833333333)0.25034612104, 15.6683472725, 10004.5640867, 6.72510903351, 1205.46155991, 
Chromsome [3]: (762.6)0.25034612104, -19.5383313853, 6117.7012994, 24.0223234362, 1527.92642533, 
Chromsome [4]: (760.7)0.25034612104, 15.6683472725, 33272.8094752, 16.8454445051, 2037.42853842, 
<------------ GEN 50--------------->
Chromsome [0]: (813.466666667)-104.938184951, -25.7677593521, 123634.95315, 17.0566167296, 1998.9388051, 
Chromsome [1]: (773.3)0.25034612104, 15.6683472725, 10004.5640867, 6.72510903351, 1714.86702454, 
Chromsome [2]: (773.3)0.25034612104, 15.6683472725, 10004.5640867, 6.72510903351, 2781.64794884, 
Chromsome [3]: (769.6)0.25034612104, -19.5383313853, 6117.7012994, 24.0223234362, 1527.92642533, 
Chromsome [4]: (757.933333333)0.25034612104, -4.39070625938, 87385.5817171, 25.093060996, 1198.01556434, 
<------------ GEN 51--------------->
Chromsome [0]: (819.2)-104.938184951, -25.7677593521, 123634.95315, 17.0566167296, 1998.9388051, 
Chromsome [1]: (787.933333333)0.25034612104, 15.6683472725, 37463.7567114, 6.72510903351, 1714.86702454, 
Chromsome [2]: (786.633333333)0.25034612104, -64.9886999146, 5382.66643645, 26.7260244638, 1148.43011937, 
Chromsome [3]: (772.0)0.25034612104, 15.6683472725, 142549.132744, 17.0566167296, 1998.9388051, 
Chromsome [4]: (770.9)0.25034612104, -4.39070625938, 87385.5817171, 25.093060996, 1198.01556434, 
<------------ GEN 52--------------->
Chromsome [0]: (834.333333333)-104.938184951, -25.7677593521, 123634.95315, 17.0566167296, 1998.9388051, 
Chromsome [1]: (799.633333333)0.25034612104, 4.75154951223, 84344.2205015, 4.52008717644, 1965.79315518, 
Chromsome [2]: (799.4)0.25034612104, 15.6683472725, 142549.132744, 14.8258097512, 1328.16221271, 
Chromsome [3]: (799.4)0.25034612104, 15.6683472725, 189878.972713, 5.00183840723, 2403.26085563, 
Chromsome [4]: (798.433333333)0.25034612104, -4.39070625938, 87385.5817171, 25.093060996, 1198.01556434, 
<------------ GEN 53--------------->
Chromsome [0]: (837.3)-104.938184951, -25.7677593521, 123634.95315, 17.0566167296, 1998.9388051, 
Chromsome [1]: (800.466666667)3.99410901243, 73.9922772751, 170121.027287, 18.7229272749, 2403.26085563, 
Chromsome [2]: (797.533333333)0.25034612104, 43.534099913, 89442.7261375, 29.0978930861, 955.568658893, 
Chromsome [3]: (790.866666667)0.25034612104, -4.39070625938, 68611.0242128, 25.093060996, 2169.54503176, 
Chromsome [4]: (790.433333333)0.25034612104, 4.75154951223, 84344.2205015, 4.52008717644, 1965.79315518, 
<------------ GEN 54--------------->
Chromsome [0]: (824.333333333)-104.938184951, -25.7677593521, 123634.95315, 17.0566167296, 1998.9388051, 
Chromsome [1]: (763.566666667)3.99410901243, 73.9922772751, 44481.4657015, 0.433543543886, 2403.26085563, 
Chromsome [2]: (763.566666667)3.99410901243, 73.9922772751, 170121.027287, 18.7229272749, 2403.26085563, 
Chromsome [3]: (751.066666667)0.25034612104, 33.7360533555, 84344.2205015, 17.0566167296, 1998.9388051, 
Chromsome [4]: (749.666666667)0.25034612104, 43.534099913, 136869.56463, 7.48076892666, 1831.73998868, 
<------------ GEN 55--------------->
Chromsome [0]: (841.366666667)-104.938184951, -25.7677593521, 123634.95315, 17.0566167296, 1998.9388051, 
Chromsome [1]: (796.866666667)3.99410901243, 73.9922772751, 10616.6663873, 6.95680241712, 2320.86021549, 
Chromsome [2]: (796.866666667)3.99410901243, 73.9922772751, 151260.124341, 1.36836710055, 2458.59498673, 
Chromsome [3]: (783.533333333)0.25034612104, 33.7360533555, 84344.2205015, 17.0566167296, 1998.9388051, 
Chromsome [4]: (779.866666667)0.25034612104, -13.177906475, 61574.2166061, 26.7260244638, 1285.27329859, 
<------------ GEN 56--------------->
Chromsome [0]: (825.1)-104.938184951, -25.7677593521, 123634.95315, 17.0566167296, 1998.9388051, 
Chromsome [1]: (794.6)3.99410901243, 73.9922772751, 24957.6640606, 6.95680241712, 2691.76643093, 
Chromsome [2]: (786.1)4.8146740133, -73.7776848511, -37513.5258893, 27.7312443245, 1225.29967895, 
Chromsome [3]: (784.966666667)0.25034612104, -112.464625371, 87385.5817171, 26.7260244638, 579.765343635, 
Chromsome [4]: (778.0)0.25034612104, 19.0649314675, 57338.7965848, 0.433543543886, 2403.26085563, 
<------------ GEN 57--------------->
Chromsome [0]: (843.766666667)-104.938184951, -25.7677593521, 123634.95315, 17.0566167296, 1998.9388051, 
Chromsome [1]: (792.633333333)4.8146740133, -73.7776848511, 140371.341352, 27.7312443245, 1225.29967895, 
Chromsome [2]: (792.633333333)4.8146740133, -73.7776848511, 37513.5258893, 27.7312443245, 1998.9388051, 
Chromsome [3]: (784.533333333)3.99410901243, -87.8568937325, 151260.124341, 1.36836710055, 1563.89176441, 
Chromsome [4]: (783.1)0.25034612104, 19.0649314675, 57338.7965848, 6.72510903351, 1203.72686432, 
<------------ GEN 58--------------->
Chromsome [0]: (842.466666667)-26.281509348, 73.9922772751, 40997.7554496, 27.1143822136, 1301.36791271, 
Chromsome [1]: (842.466666667)-104.938184951, -25.7677593521, 123634.95315, 17.0566167296, 1998.9388051, 
Chromsome [2]: (799.966666667)0.25034612104, 43.534099913, 24957.6640606, 6.95680241712, 992.992394878, 
Chromsome [3]: (794.066666667)3.99410901243, -87.8568937325, 151260.124341, 10.1017967104, 1563.89176441, 
Chromsome [4]: (793.166666667)4.8146740133, -73.7776848511, 37513.5258893, 27.7312443245, 1998.9388051, 
<------------ GEN 59--------------->
Chromsome [0]: (822.633333333)-30.389609821, 43.534099913, 40997.7554496, 27.1143822136, 1301.36791271, 
Chromsome [1]: (822.633333333)-26.281509348, 73.9922772751, 40997.7554496, 27.1143822136, 1301.36791271, 
Chromsome [2]: (789.566666667)0.25034612104, 43.534099913, 24957.6640606, 6.95680241712, 992.992394878, 
Chromsome [3]: (786.7)0.25034612104, 43.534099913, 108110.825872, 6.95680241712, 2549.80194576, 
Chromsome [4]: (783.2)0.25034612104, 25.9764919374, 159908.52368, 31.4367359446, 992.992394878, 
<------------ GEN 60--------------->
Chromsome [0]: (840.266666667)-30.389609821, 43.534099913, 40997.7554496, 27.1143822136, 1301.36791271, 
Chromsome [1]: (800.466666667)0.25034612104, -221.715715295, 108110.825872, 6.95680241712, 2606.77239899, 
Chromsome [2]: (798.533333333)0.25034612104, 84.8952443224, 87385.5817171, 26.7260244638, 1831.73998868, 
Chromsome [3]: (793.033333333)0.25034612104, -8.86659370751, 101658.293914, 0.202947597942, 1872.44650213, 
Chromsome [4]: (792.6)3.99410901243, 83.0320684829, 57338.7965848, 6.72510903351, -369.39515384, 
<------------ GEN 61--------------->
Chromsome [0]: (822.7)-30.389609821, 43.534099913, 40997.7554496, 27.1143822136, 1301.36791271, 
Chromsome [1]: (754.133333333)4.8146740133, 73.9922772751, 40997.7554496, 3.82939345549, 992.992394878, 
Chromsome [2]: (748.333333333)0.25034612104, 41.7157152952, 84245.5975154, 6.95680241712, 2606.77239899, 
Chromsome [3]: (748.333333333)0.25034612104, 41.4180361295, 162392.52896, 3.53408024328, 1998.9388051, 
Chromsome [4]: (746.8)0.25034612104, 29.7462746279, 113550.761336, 0.202947597942, 1872.44650213, 
<------------ GEN 62--------------->
Chromsome [0]: (822.5)-30.389609821, 43.534099913, 40997.7554496, 27.1143822136, 1301.36791271, 
Chromsome [1]: (789.6)0.25034612104, 41.7157152952, -124783.129703, 21.3010095306, 681.147652816, 
Chromsome [2]: (785.8)0.25034612104, 43.534099913, 40997.7554496, 6.04753145148, 901.387924474, 
Chromsome [3]: (784.533333333)0.25034612104, 62.2795450591, 40997.7554496, 3.82939345549, 992.992394878, 
Chromsome [4]: (780.533333333)0.25034612104, 40.6982702376, 162392.52896, 3.53408024328, 1998.9388051, 
<------------ GEN 63--------------->
Chromsome [0]: (798.466666667)-30.389609821, 43.534099913, 40997.7554496, 27.1143822136, 1301.36791271, 
Chromsome [1]: (761.833333333)0.25034612104, 43.534099913, 40997.7554496, 6.04753145148, 901.387924474, 
Chromsome [2]: (761.6)0.25034612104, 44.3884063635, 40997.7554496, 6.04753145148, 1377.6681073, 
Chromsome [3]: (758.966666667)0.25034612104, 40.6982702376, 162392.52896, 3.53408024328, 2435.4381827, 
Chromsome [4]: (756.666666667)0.25034612104, 75.0064865799, 27645.8673916, 17.0401826343, 2557.25959186, 
<------------ GEN 64--------------->
Chromsome [0]: (792.866666667)-30.389609821, 43.534099913, 40997.7554496, 27.1143822136, 1301.36791271, 
Chromsome [1]: (768.266666667)0.25034612104, 75.0064865799, 27645.8673916, 6.04753145148, 1377.6681073, 
Chromsome [2]: (767.166666667)0.25034612104, 11.375155909, 67492.0911888, 5.43589170434, 1130.42394488, 
Chromsome [3]: (758.2)0.25034612104, 44.3884063635, 73340.6227114, 17.0401826343, 2557.25959186, 
Chromsome [4]: (756.966666667)0.25034612104, 44.3884063635, 40997.7554496, 23.1813355966, 2025.28931619, 
<------------ GEN 65--------------->
Chromsome [0]: (811.3)-30.389609821, 43.534099913, 40997.7554496, 27.1143822136, 1301.36791271, 
Chromsome [1]: (779.766666667)0.25034612104, 44.3884063635, 40997.7554496, 0.53307139469, 1203.72686432, 
Chromsome [2]: (779.066666667)0.25034612104, 44.3884063635, 57158.7318448, 6.04753145148, 2737.7894364, 
Chromsome [3]: (774.366666667)0.25034612104, 11.375155909, 67492.0911888, 27.1143822136, 1232.3204995, 
Chromsome [4]: (767.7)0.25034612104, 75.0064865799, 27645.8673916, 13.4770828451, 1308.29849964, 
<------------ GEN 66--------------->
Chromsome [0]: (822.833333333)-30.389609821, 43.534099913, 40997.7554496, 27.1143822136, 1301.36791271, 
Chromsome [1]: (795.233333333)0.25034612104, 11.375155909, 83280.5935171, 17.6809631254, 1800.89819064, 
Chromsome [2]: (791.933333333)0.25034612104, 44.3884063635, 57158.7318448, 6.04753145148, 1877.36106743, 
Chromsome [3]: (791.933333333)0.25034612104, 44.3884063635, 57158.7318448, 6.04753145148, 2737.7894364, 
Chromsome [4]: (789.5)0.25034612104, 43.534099913, 40997.7554496, 29.931454863, 1965.42935199, 
<------------ GEN 67--------------->
Chromsome [0]: (819.766666667)-30.389609821, 43.534099913, 40997.7554496, 27.1143822136, 1301.36791271, 
Chromsome [1]: (785.066666667)0.25034612104, -140.268573784, 57158.7318448, 6.04753145148, 2737.7894364, 
Chromsome [2]: (781.933333333)0.25034612104, 11.375155909, 83280.5935171, 4.57637874159, 2269.10923096, 
Chromsome [3]: (778.766666667)0.25034612104, 43.534099913, 40997.7554496, 10.9864645176, 2557.25959186, 
Chromsome [4]: (778.433333333)0.25034612104, 44.3884063635, 64962.8242858, 6.04753145148, 1877.36106743, 
<------------ GEN 68--------------->
Chromsome [0]: (841.566666667)-5.84013413852, -64.2878376207, 67492.0911888, -58.4205533512, 1829.05097437, 
Chromsome [1]: (841.566666667)-30.389609821, 43.534099913, 40997.7554496, 27.1143822136, 1301.36791271, 
Chromsome [2]: (810.666666667)0.25034612104, 43.534099913, 40997.7554496, 6.54255995378, 1965.42935199, 
Chromsome [3]: (810.366666667)0.25034612104, 44.3884063635, 64962.8242858, 6.04753145148, 2737.7894364, 
Chromsome [4]: (810.2)0.25034612104, 44.3884063635, 74448.887891, 10.9000046541, 532.309571025, 
<------------ GEN 69--------------->
Chromsome [0]: (835.833333333)-5.84013413852, -64.2878376207, 67492.0911888, -58.4205533512, 1829.05097437, 
Chromsome [1]: (797.333333333)0.25034612104, 73.9301397234, 40997.7554496, 6.54255995378, 1965.42935199, 
Chromsome [2]: (795.966666667)0.25034612104, 43.534099913, 40997.7554496, 14.0587789361, 1965.42935199, 
Chromsome [3]: (794.433333333)0.25034612104, 44.3884063635, 64962.8242858, 27.1143822136, 369.966362346, 
Chromsome [4]: (788.4)4.30788543829, -64.4056233927, 40997.7554496, 4.44034477248, 1233.63018932, 
<------------ GEN 70--------------->
Chromsome [0]: (819.266666667)-5.84013413852, -64.2878376207, 67492.0911888, -58.4205533512, 1829.05097437, 
Chromsome [1]: (791.366666667)6.04013413852, 43.534099913, 70492.2075538, 14.0587789361, 1635.45510355, 
Chromsome [2]: (788.933333333)4.30788543829, 79.0822823639, 87832.1454202, 71.8268262705, 1837.41393512, 
Chromsome [3]: (788.933333333)4.30788543829, 73.9301397234, 40997.7554496, 6.54255995378, 1008.25885073, 
Chromsome [4]: (786.966666667)4.30788543829, -64.4056233927, 40997.7554496, 18.0742130675, 2960.03689961, 
<------------ GEN 71--------------->
Chromsome [0]: (824.1)-5.84013413852, -64.2878376207, 67492.0911888, -58.4205533512, 1829.05097437, 
Chromsome [1]: (808.4)0.25034612104, -23.7503555693, 40997.7554496, 6.54255995378, 1008.25885073, 
Chromsome [2]: (808.366666667)0.25034612104, 71.0177211496, 67492.0911888, 1.57944664879, 1262.55157674, 
Chromsome [3]: (806.766666667)0.25034612104, 44.3884063635, 74448.887891, 10.9000046541, 532.309571025, 
Chromsome [4]: (806.166666667)4.30788543829, 73.9301397234, 132014.363484, 6.54255995378, 2737.7894364, 
<------------ GEN 72--------------->
Chromsome [0]: (820.366666667)-39.2435831311, -64.4056233927, 124877.856681, 1.52056487308, 1837.41393512, 
Chromsome [1]: (820.366666667)-5.84013413852, -64.2878376207, 67492.0911888, -58.4205533512, 1829.05097437, 
Chromsome [2]: (806.0)0.25034612104, 79.0822823639, 87832.1454202, 16.9444686722, 1829.05097437, 
Chromsome [3]: (805.133333333)0.25034612104, -23.7503555693, 40997.7554496, 6.54255995378, 1486.26426423, 
Chromsome [4]: (804.6)0.25034612104, 26.4142720916, 64962.8242858, 27.1143822136, 1232.3204995, 
<------------ GEN 73--------------->
Chromsome [0]: (792.9)-39.2435831311, -64.4056233927, 124877.856681, 1.52056487308, 1837.41393512, 
Chromsome [1]: (781.766666667)6.04013413852, -49.0639874205, 83706.0801925, 20.4192451938, 1829.05097437, 
Chromsome [2]: (781.766666667)6.04013413852, 43.534099913, 40861.5490813, 7.71430856903, 1266.25008572, 
Chromsome [3]: (781.766666667)6.04013413852, -49.0639874205, 83706.0801925, 20.4192451938, 2189.64692883, 
Chromsome [4]: (781.766666667)6.04013413852, 49.6408063588, 57158.7318448, 24.8733658496, 2695.90297133, 
<------------ GEN 74--------------->
Chromsome [0]: (795.633333333)-39.2435831311, -64.4056233927, 124877.856681, 1.52056487308, 1837.41393512, 
Chromsome [1]: (783.9)6.04013413852, 43.534099913, 40861.5490813, 3.14206144003, 1829.05097437, 
Chromsome [2]: (783.766666667)6.04013413852, -66.8143548658, 57158.7318448, 24.8733658496, 1837.41393512, 
Chromsome [3]: (783.766666667)6.04013413852, -64.2878376207, 67492.0911888, 27.3654311755, 2755.49175486, 
Chromsome [4]: (783.766666667)6.04013413852, -60.3066064238, 67736.8879764, 24.6364831573, 1829.05097437, 
<------------ GEN 75--------------->
Chromsome [0]: (809.1)-39.2435831311, -64.4056233927, 124877.856681, 1.52056487308, 1837.41393512, 
Chromsome [1]: (768.3)6.04013413852, -60.3066064238, 125356.564983, 24.6364831573, 1829.05097437, 
Chromsome [2]: (768.0)0.25034612104, 88.6099782783, 87832.1454202, 2.77950685485, 1675.08867681, 
Chromsome [3]: (768.0)0.25034612104, 88.1740288656, 162147.072541, 27.3654311755, 2312.30692762, 
Chromsome [4]: (767.9)6.04013413852, -88.4217231271, 97447.5885442, 11.3451689738, 3245.65598126, 
<------------ GEN 76--------------->
Chromsome [0]: (784.766666667)-39.2435831311, -64.4056233927, 124877.856681, 1.52056487308, 1837.41393512, 
Chromsome [1]: (752.5)0.25034612104, 85.8632596168, -136129.751613, 27.3654311755, 2312.30692762, 
Chromsome [2]: (744.5)0.25034612104, 88.6099782783, 60916.0149397, 16.3715544915, 1178.57935951, 
Chromsome [3]: (741.8)0.25034612104, 63.158732079, 67492.0911888, 27.3654311755, 2755.49175486, 
Chromsome [4]: (741.0)0.25034612104, 16.6898419024, 162147.072541, 27.3654311755, 1251.37380271, 
<------------ GEN 77--------------->
Chromsome [0]: (801.833333333)-39.2435831311, -64.4056233927, 124877.856681, 1.52056487308, 1837.41393512, 
Chromsome [1]: (773.766666667)0.25034612104, 76.1942437769, 10319.2915552, 6.8596391014, 1903.22485624, 
Chromsome [2]: (764.766666667)0.25034612104, 37.0995676396, 157394.930068, 16.4517104689, 2116.37505125, 
Chromsome [3]: (762.5)0.25034612104, 48.0772140216, 82600.0893166, 1.85171735176, 1503.83547368, 
Chromsome [4]: (762.5)0.25034612104, 48.0772140216, 82600.0893166, 6.54255995378, 2919.66536462, 
<------------ GEN 78--------------->
Chromsome [0]: (803.166666667)-39.2435831311, -64.4056233927, 124877.856681, 1.52056487308, 1837.41393512, 
Chromsome [1]: (757.333333333)0.25034612104, 76.1942437769, 10319.2915552, 16.3715544915, 2224.83303875, 
Chromsome [2]: (757.0)0.25034612104, 57.3677090189, 14360.6874073, 14.0587789361, 1060.05167768, 
Chromsome [3]: (746.4)0.25034612104, 48.0772140216, 163167.922276, 1.93983161676, 2755.49175486, 
Chromsome [4]: (746.4)0.25034612104, 48.0772140216, 82600.0893166, 1.57944664879, 1251.37380271, 
<------------ GEN 79--------------->
Chromsome [0]: (790.566666667)-39.2435831311, -64.4056233927, 124877.856681, 1.52056487308, 1837.41393512, 
Chromsome [1]: (768.433333333)0.25034612104, 76.1942437769, 10319.2915552, 16.3715544915, 2224.83303875, 
Chromsome [2]: (764.066666667)0.25034612104, 63.158732079, 130220.822169, 4.82978263349, 2424.22000779, 
Chromsome [3]: (762.266666667)0.25034612104, 48.0772140216, 82600.0893166, 1.52056487308, 1837.41393512, 
Chromsome [4]: (762.266666667)0.25034612104, 48.0772140216, 82600.0893166, 1.57944664879, 1251.37380271, 
<------------ GEN 80--------------->
Chromsome [0]: (786.633333333)-39.2435831311, -64.4056233927, 124877.856681, 1.52056487308, 1837.41393512, 
Chromsome [1]: (769.166666667)0.25034612104, 63.158732079, -78084.2851621, 15.7653803898, 1503.83547368, 
Chromsome [2]: (768.266666667)0.25034612104, 76.1942437769, 10319.2915552, 19.3659977729, 2224.83303875, 
Chromsome [3]: (767.066666667)0.25034612104, 63.158732079, 131848.009037, 21.9773883394, 1503.83547368, 
Chromsome [4]: (765.266666667)0.25034612104, 48.0772140216, 82600.0893166, 5.852653513, 2312.30692762, 
<------------ GEN 81--------------->
Chromsome [0]: (789.066666667)-127.003106709, 53.1952405073, 16297.2702939, 14.0587789361, 1060.05167768, 
Chromsome [1]: (789.066666667)-39.2435831311, -64.4056233927, 124877.856681, 1.52056487308, 1837.41393512, 
Chromsome [2]: (771.266666667)0.25034612104, 82.4412080672, 91305.1136947, 26.1638784409, 2076.04108946, 
Chromsome [3]: (771.2)0.25034612104, 88.6099782783, 116038.369493, 6.8596391014, 1569.40531929, 
Chromsome [4]: (770.566666667)0.25034612104, 63.158732079, 78084.2851621, 15.7653803898, 3103.48200682, 
<------------ GEN 82--------------->
Chromsome [0]: (812.7)-7.03718325012, -64.8993403422, 103861.968687, 1.52056487308, 2424.22000779, 
Chromsome [1]: (812.7)-127.003106709, 53.1952405073, 16297.2702939, 14.0587789361, 1060.05167768, 
Chromsome [2]: (787.5)0.25034612104, 88.6099782783, 116038.369493, 6.8596391014, 1569.40531929, 
Chromsome [3]: (787.233333333)0.25034612104, 82.4412080672, 91305.1136947, 26.1638784409, 2769.40001117, 
Chromsome [4]: (784.6)0.25034612104, 27.8249186307, 84164.5490907, 7.69005894904, 2540.46524658, 
<------------ GEN 83--------------->
Chromsome [0]: (830.966666667)-72.0306919558, -2.22750190845, 130220.822169, 10.3189509726, 2266.16220639, 
Chromsome [1]: (830.966666667)-4.66338329807, 53.1952405073, 16297.2702939, 14.0587789361, 2439.17082387, 
Chromsome [2]: (830.966666667)-7.03718325012, -64.8993403422, 103861.968687, 1.52056487308, 2424.22000779, 
Chromsome [3]: (821.2)0.25034612104, 27.8249186307, 15038.531945, 1.52056487308, 1837.41393512, 
Chromsome [4]: (799.3)0.25034612104, 43.534099913, 49674.6607389, 7.69005894904, 1027.61607434, 
<------------ GEN 84--------------->
Chromsome [0]: (836.366666667)-72.0306919558, -2.22750190845, 130220.822169, 10.3189509726, 2266.16220639, 
Chromsome [1]: (829.266666667)0.25034612104, 27.8249186307, 15038.531945, 1.52056487308, 1837.41393512, 
Chromsome [2]: (822.366666667)0.25034612104, -123.257284706, 86488.9856644, 17.5406313669, 2540.46524658, 
Chromsome [3]: (821.733333333)0.25034612104, 43.534099913, 49674.6607389, 7.69005894904, 533.68169739, 
Chromsome [4]: (821.733333333)0.25034612104, 70.1127816071, 84164.5490907, 0.313655773604, 2132.84489688, 
<------------ GEN 85--------------->
Chromsome [0]: (836.033333333)-72.0306919558, -2.22750190845, 130220.822169, 10.3189509726, 2266.16220639, 
Chromsome [1]: (821.133333333)0.25034612104, -60.771251653, 16297.2702939, 17.0352303177, 713.408931442, 
Chromsome [2]: (818.666666667)0.25034612104, 20.8065655, 130220.822169, 10.3189509726, 2266.16220639, 
Chromsome [3]: (805.6)4.86338329807, 53.1952405073, -160146.396117, 19.109442664, 1503.83547368, 
Chromsome [4]: (799.633333333)1.18974295408, 28.3969683289, 10319.2915552, 19.3659977729, 1190.06009712, 
<------------ GEN 86--------------->
Chromsome [0]: (833.766666667)-72.0306919558, -2.22750190845, 130220.822169, 10.3189509726, 2266.16220639, 
Chromsome [1]: (824.866666667)0.25034612104, -60.771251653, 16297.2702939, 14.18331191, 713.408931442, 
Chromsome [2]: (823.633333333)0.25034612104, 20.8065655, 130220.822169, 10.3189509726, 2051.95304335, 
Chromsome [3]: (805.2)1.18974295408, 28.3969683289, 41115.9246026, 26.6139998314, 1190.06009712, 
Chromsome [4]: (803.266666667)1.18974295408, 27.8249186307, 70837.0582021, 1.52056487308, 1837.41393512, 
<------------ GEN 87--------------->
Chromsome [0]: (836.6)-34.5835822439, 30.042291235, 175748.667522, 23.9288376872, 2266.16220639, 
Chromsome [1]: (836.6)-72.0306919558, -2.22750190845, 130220.822169, 10.3189509726, 2266.16220639, 
Chromsome [2]: (817.266666667)0.25034612104, 20.8065655, 130220.822169, 10.3189509726, 2440.32577841, 
Chromsome [3]: (813.133333333)0.25034612104, -60.771251653, 163167.922276, 21.6102712535, 1503.83547368, 
Chromsome [4]: (805.133333333)1.18974295408, 27.8249186307, 408395.645083, 1.52056487308, 2430.03335306, 
<------------ GEN 88--------------->
Chromsome [0]: (831.6)-34.5835822439, 30.042291235, 175748.667522, 23.9288376872, 2266.16220639, 
Chromsome [1]: (815.833333333)0.25034612104, 79.4833818317, -37711.1417649, 21.6102712535, 1503.83547368, 
Chromsome [2]: (809.466666667)1.18974295408, 27.8249186307, -48395.6450831, 23.9288376872, 2266.16220639, 
Chromsome [3]: (808.133333333)0.25034612104, -60.771251653, 163167.922276, 21.6102712535, 2040.11966677, 
Chromsome [4]: (790.666666667)1.64548229473, 53.8042790712, 79397.9074574, 0.650884194311, 2328.31519682, 
<------------ GEN 89--------------->
Chromsome [0]: (834.966666667)-34.5835822439, 30.042291235, 175748.667522, 23.9288376872, 2266.16220639, 
Chromsome [1]: (824.066666667)0.25034612104, 79.4833818317, 37711.1417649, 21.6102712535, 1518.17517037, 
Chromsome [2]: (807.333333333)1.64548229473, 53.8042790712, 12441.7610652, 9.68221504149, 2858.99617324, 
Chromsome [3]: (763.966666667)4.86338329807, -50.0291681709, 16297.2702939, 1.73875060456, 539.088588674, 
Chromsome [4]: (752.5)6.04013413852, -30.0800082942, 11867.465275, 28.6949213815, 1482.51017535, 
<------------ GEN 90--------------->
Chromsome [0]: (830.133333333)-34.5835822439, 30.042291235, 175748.667522, 23.9288376872, 2266.16220639, 
Chromsome [1]: (801.9)0.25034612104, 79.4833818317, 37711.1417649, 21.6102712535, 2040.11966677, 
Chromsome [2]: (778.2)1.64548229473, 53.8042790712, 12441.7610652, 9.68221504149, 2858.99617324, 
Chromsome [3]: (771.9)1.64548229473, 53.8042790712, 154720.274634, 14.0587789361, 1881.86931588, 
Chromsome [4]: (765.166666667)6.04013413852, -30.0800082942, 11867.465275, 28.6949213815, 1482.51017535, 
<------------ GEN 91--------------->
Chromsome [0]: (822.666666667)-47.089906003, -11.1345472182, 12441.7610652, 0.650884194311, 2328.31519682, 
Chromsome [1]: (822.666666667)-38.9922778176, 67.9201214184, 88621.8865069, 16.5788921059, 1503.83547368, 
Chromsome [2]: (822.666666667)-34.5835822439, 30.042291235, 175748.667522, 23.9288376872, 2266.16220639, 
Chromsome [3]: (774.466666667)0.25034612104, 53.8042790712, 154720.274634, 14.0587789361, 1881.86931588, 
Chromsome [4]: (756.0)1.64548229473, 53.8042790712, 12441.7610652, 9.68221504149, 2825.6480638, 
<------------ GEN 92--------------->
Chromsome [0]: (836.166666667)-47.089906003, -11.1345472182, 12441.7610652, 0.650884194311, 2328.31519682, 
Chromsome [1]: (798.433333333)0.25034612104, 53.8042790712, 154720.274634, 14.0587789361, 1881.86931588, 
Chromsome [2]: (789.433333333)1.64548229473, 53.8042790712, -67504.149972, 9.68221504149, 2825.6480638, 
Chromsome [3]: (767.566666667)6.04013413852, 30.042291235, 19083.1314181, 18.8784813822, 1869.06285906, 
Chromsome [4]: (765.833333333)5.69106471283, 27.8249186307, 157476.414282, 3.61155147126, 2266.16220639, 
<------------ GEN 93--------------->
Chromsome [0]: (823.033333333)-31.2760203674, -43.1315454811, 146049.040915, 44.9135356825, 539.088588674, 
Chromsome [1]: (823.033333333)-47.089906003, -11.1345472182, 12441.7610652, 0.650884194311, 2328.31519682, 
Chromsome [2]: (797.0)0.25034612104, 53.8042790712, 154720.274634, 5.80018291038, 525.643736575, 
Chromsome [3]: (797.0)0.25034612104, 53.8042790712, 119932.547868, 14.0587789361, 1275.05236983, 
Chromsome [4]: (783.366666667)2.17936898297, 30.042291235, -43396.8247405, 14.6017362977, 1434.63762305, 
<------------ GEN 94--------------->
Chromsome [0]: (814.0)-31.2760203674, -43.1315454811, 146049.040915, 44.9135356825, 539.088588674, 
Chromsome [1]: (773.966666667)0.25034612104, -12.2883998626, 137742.026443, 14.0587789361, 1275.05236983, 
Chromsome [2]: (773.333333333)0.25034612104, 70.1028767155, 154720.274634, 5.80018291038, 525.643736575, 
Chromsome [3]: (747.6)6.04013413852, -39.3172261566, 11867.465275, 28.6949213815, 1482.51017535, 
Chromsome [4]: (746.666666667)1.64548229473, -9.53437129127, 92040.6043593, 21.6102712535, 2825.6480638, 
<------------ GEN 95--------------->
Chromsome [0]: (809.433333333)-31.2760203674, -43.1315454811, 146049.040915, 44.9135356825, 539.088588674, 
Chromsome [1]: (789.333333333)0.182486107204, 63.9579102377, 27721.8849186, 21.6102712535, 6288.38209382, 
Chromsome [2]: (787.9)0.25034612104, 70.1028767155, 154720.274634, 5.80018291038, 525.643736575, 
Chromsome [3]: (783.333333333)0.25034612104, -10.5901798666, 61654.4122541, 14.0587789361, 1275.05236983, 
Chromsome [4]: (755.8)1.64548229473, 30.042291235, 130428.024755, 14.6017362977, 1449.34092938, 
<------------ GEN 96--------------->
Chromsome [0]: (817.033333333)-68.4939268423, -87.574256612, 24615.8114703, 0.650884194311, 2328.31519682, 
Chromsome [1]: (817.033333333)-31.2760203674, -43.1315454811, 146049.040915, 44.9135356825, 539.088588674, 
Chromsome [2]: (779.733333333)0.25034612104, -10.5901798666, 61654.4122541, 14.0587789361, 1275.05236983, 
Chromsome [3]: (779.733333333)0.25034612104, -10.5901798666, 61654.4122541, 14.0587789361, 1275.05236983, 
Chromsome [4]: (779.666666667)0.182486107204, 63.9579102377, 27721.8849186, 22.4105732188, -288.382093825, 
<------------ GEN 97--------------->
Chromsome [0]: (816.6)-68.4939268423, -87.574256612, 24615.8114703, 0.650884194311, 2328.31519682, 
Chromsome [1]: (769.533333333)0.25034612104, 69.8106225282, 154720.274634, 5.80018291038, 539.088588674, 
Chromsome [2]: (769.5)0.182486107204, 36.2326876404, 14992.3429199, 22.4105732188, 2529.78055916, 
Chromsome [3]: (769.133333333)0.182486107204, 63.9579102377, 92040.6043593, 21.6102712535, 2825.6480638, 
Chromsome [4]: (767.633333333)0.25034612104, -10.5901798666, 61654.4122541, 14.0587789361, 1275.05236983, 
<------------ GEN 98--------------->
Chromsome [0]: (823.566666667)-68.4939268423, -87.574256612, 24615.8114703, 0.650884194311, 2328.31519682, 
Chromsome [1]: (798.333333333)0.182486107204, 36.2326876404, 14992.3429199, 9.04821829935, 525.643736575, 
Chromsome [2]: (792.733333333)0.25034612104, -10.5901798666, 61654.4122541, 14.0587789361, 2227.08491269, 
Chromsome [3]: (789.3)0.25034612104, 69.8106225282, 154720.274634, 5.80018291038, 539.088588674, 
Chromsome [4]: (781.3)0.182486107204, -43.1315454811, 146049.040915, 11.4156604896, 1633.06835776, 
<------------ GEN 99--------------->
Chromsome [0]: (820.266666667)-68.4939268423, -87.574256612, 24615.8114703, 0.650884194311, 2328.31519682, 
Chromsome [1]: (781.7)0.25034612104, -10.5901798666, 61654.4122541, 14.0587789361, 2693.85823209, 
Chromsome [2]: (777.466666667)0.25034612104, -60.0575960223, 60821.5284169, 2.23180831172, 1093.31778289, 
Chromsome [3]: (772.9)0.182486107204, -43.1315454811, 146049.040915, 11.4156604896, 2825.6480638, 
Chromsome [4]: (752.566666667)1.9562562648, -178.541329948, 136516.971729, 22.320067573, 1022.67049017, 
<------------ GEN 100--------------->
Chromsome [0]: (823.333333333)-68.4939268423, -87.574256612, 24615.8114703, 0.650884194311, 2328.31519682, 
Chromsome [1]: (791.033333333)0.25034612104, -10.5901798666, -161310.965506, 14.0587789361, 2693.85823209, 
Chromsome [2]: (771.633333333)0.25034612104, -60.0575960223, 140088.752138, 27.9519536324, 2764.28715356, 
Chromsome [3]: (740.066666667)1.9562562648, 466.12146619, 57045.3489972, 18.6299744493, 608.554767313, 
Chromsome [4]: (733.5)2.38762397284, 79.5239973757, 33629.196399, 23.9288376872, 1393.88748291, 
