<------------ GEN 1--------------->
Chromsome [0]: (806.566666667)6.8110566232, -31.60046276, 13765.6291728, 4.85843948039, 1895.12970139, 
Chromsome [1]: (806.5)11.8034569768, 44.3487355835, 168181.390267, 15.7484225002, 1973.84057458, 
Chromsome [2]: (804.233333333)3.58078547969, -85.4354977446, 119798.858443, 6.46007248268, 1471.36686705, 
Chromsome [3]: (803.2)6.07896807915, 61.1736129456, 125629.91051, 4.13690902103, 1210.53458148, 
Chromsome [4]: (800.333333333)2.4615755823, 81.8690162635, 172412.807248, 8.06774968574, 1466.89649275, 
<------------ GEN 2--------------->
Chromsome [0]: (809.233333333)-10.6963639479, 14.2570962475, 6279.99829019, 3.12949725896, 1560.98522364, 
Chromsome [1]: (776.433333333)3.58078547969, -85.4354977446, 5024.90250409, 6.46007248268, 2496.70972664, 
Chromsome [2]: (772.933333333)6.8110566232, -31.60046276, 13765.6291728, 4.85843948039, 1895.12970139, 
Chromsome [3]: (763.633333333)6.07896807915, -201.782947776, 125629.91051, 9.08541874592, 2963.44290748, 
Chromsome [4]: (763.533333333)6.8110566232, 7.90068538709, 13765.6291728, 4.85843948039, 2211.78919992, 
<------------ GEN 3--------------->
Chromsome [0]: (820.266666667)-10.6963639479, 14.2570962475, 6279.99829019, 3.12949725896, 1560.98522364, 
Chromsome [1]: (768.4)3.58078547969, -85.4354977446, 5024.90250409, 6.46007248268, 2496.70972664, 
Chromsome [2]: (762.2)4.47644701279, -198.85588178, 132884.721376, 8.90959113394, 2356.06822782, 
Chromsome [3]: (744.466666667)6.8110566232, -31.60046276, 13765.6291728, 19.4525220834, 1895.12970139, 
Chromsome [4]: (741.7)6.8110566232, -31.60046276, 43966.4119217, 1.55764353235, 1475.33902844, 
<------------ GEN 4--------------->
Chromsome [0]: (829.733333333)-10.6963639479, 14.2570962475, 6279.99829019, 3.12949725896, 1560.98522364, 
Chromsome [1]: (763.8)3.58078547969, -85.4354977446, 5024.90250409, 6.46007248268, 2496.70972664, 
Chromsome [2]: (753.733333333)2.4615755823, -149.428368503, 117126.628874, 12.9073850661, 525.297993473, 
Chromsome [3]: (733.6)10.8963639479, -31.60046276, 13765.6291728, 4.85843948039, 1895.12970139, 
Chromsome [4]: (731.4)2.4615755823, 81.8690162635, 40951.6270028, 1.55764353235, 782.705007027, 
<------------ GEN 5--------------->
Chromsome [0]: (818.966666667)-10.6963639479, 14.2570962475, 6279.99829019, 3.12949725896, 1560.98522364, 
Chromsome [1]: (754.0)3.58078547969, -85.4354977446, 5024.90250409, 17.1731272015, 2526.83310722, 
Chromsome [2]: (753.866666667)4.47644701279, 35.3223497754, 3347.14197336, 25.6545399506, 2291.35887927, 
Chromsome [3]: (720.533333333)6.8110566232, -31.60046276, 173902.390069, 8.06774968574, 2572.35831199, 
Chromsome [4]: (720.5)6.8110566232, -31.60046276, 7238.48118876, 8.06774968574, 2750.89968847, 
<------------ GEN 6--------------->
Chromsome [0]: (796.566666667)-10.6963639479, 14.2570962475, 6279.99829019, 3.12949725896, 1560.98522364, 
Chromsome [1]: (742.566666667)4.47644701279, 18.8558817797, -296522.81658, 4.13690902103, 1502.29870505, 
Chromsome [2]: (741.533333333)4.47644701279, 35.3223497754, 3347.14197336, 25.6545399506, 1951.57629969, 
Chromsome [3]: (713.033333333)6.8110566232, -31.60046276, 7238.48118876, 8.06774968574, 2356.06822782, 
Chromsome [4]: (713.033333333)6.8110566232, -31.60046276, 13765.6291728, 12.0506157884, 1216.81260589, 
<------------ GEN 7--------------->
Chromsome [0]: (787.233333333)-59.689967156, 14.2570962475, 7238.48118876, 26.500338778, 2750.89968847, 
Chromsome [1]: (787.233333333)-10.6963639479, 14.2570962475, 6279.99829019, 3.12949725896, 1560.98522364, 
Chromsome [2]: (727.266666667)6.8110566232, -31.60046276, 6659.03767094, 3.12949725896, 1560.98522364, 
Chromsome [3]: (723.833333333)13.9095319877, -17.2776001606, 173902.390069, 8.06774968574, 2572.35831199, 
Chromsome [4]: (722.766666667)4.47644701279, 35.3223497754, 3347.14197336, 25.6545399506, 2750.89968847, 
<------------ GEN 8--------------->
Chromsome [0]: (808.066666667)-7.94504629322, 14.2570962475, 3958.90965297, 26.500338778, 2750.89968847, 
Chromsome [1]: (808.066666667)-59.689967156, 14.2570962475, 7238.48118876, 26.500338778, 2750.89968847, 
Chromsome [2]: (744.966666667)6.8110566232, -31.60046276, 6659.03767094, 5.71700096683, 1304.69941283, 
Chromsome [3]: (730.0)13.9095319877, -17.2776001606, 36420.2302369, 8.06774968574, 2572.35831199, 
Chromsome [4]: (727.8)12.6020333473, -31.60046276, 13765.6291728, 12.0506157884, 1216.81260589, 
<------------ GEN 9--------------->
Chromsome [0]: (797.866666667)-7.94504629322, 14.2570962475, 3958.90965297, 26.500338778, 2750.89968847, 
Chromsome [1]: (714.133333333)6.8110566232, -31.60046276, 6659.03767094, 5.71700096683, 1304.69941283, 
Chromsome [2]: (697.566666667)13.9095319877, -17.2776001606, 36420.2302369, 8.06774968574, 1216.81260589, 
Chromsome [3]: (694.766666667)12.6020333473, -31.60046276, 13765.6291728, 12.0506157884, 2572.35831199, 
Chromsome [4]: (691.966666667)10.8963639479, -43.2397639043, 88874.3840908, 22.5958704962, 1304.90228382, 
<------------ GEN 10--------------->
Chromsome [0]: (790.4)-7.94504629322, 14.2570962475, 3958.90965297, 26.500338778, 2750.89968847, 
Chromsome [1]: (702.033333333)13.9095319877, -17.2776001606, 36420.2302369, 8.06774968574, 844.447289609, 
Chromsome [2]: (686.066666667)6.8110566232, -31.60046276, 109158.313637, 8.2313497933, 1304.69941283, 
Chromsome [3]: (674.2)10.8963639479, 43.9268340944, 172271.355467, 2.95711208281, 1543.33348117, 
Chromsome [4]: (671.733333333)12.6020333473, -31.60046276, 13765.6291728, 26.500338778, 2750.89968847, 
<------------ GEN 11--------------->
Chromsome [0]: (770.3)-7.94504629322, 14.2570962475, 3958.90965297, 26.500338778, 2750.89968847, 
Chromsome [1]: (681.366666667)6.8110566232, -31.60046276, 109158.313637, 8.2313497933, 5263.20299677, 
Chromsome [2]: (677.1)8.14504629322, 35.5889684648, 103620.022202, 10.0705236311, 1113.56375939, 
Chromsome [3]: (659.633333333)12.6020333473, -31.60046276, 6279.99829019, 2.46721595796, 574.012830636, 
Chromsome [4]: (657.966666667)16.5432554188, -8.47017939007, -115860.825309, 9.08541874592, 2171.01886298, 
<------------ GEN 12--------------->
Chromsome [0]: (778.566666667)-7.94504629322, 14.2570962475, 3958.90965297, 26.500338778, 2750.89968847, 
Chromsome [1]: (702.533333333)6.8110566232, -31.60046276, 6279.99829019, 25.6810837252, 1560.98522364, 
Chromsome [2]: (699.333333333)8.14504629322, 35.5889684648, 103620.022202, 10.0705236311, 1113.56375939, 
Chromsome [3]: (696.133333333)8.14504629322, 56.2786924078, 6279.99829019, 25.6810837252, 1560.98522364, 
Chromsome [4]: (691.8)12.6020333473, -31.60046276, 6279.99829019, 2.46721595796, 574.012830636, 
<------------ GEN 13--------------->
Chromsome [0]: (770.866666667)-7.94504629322, 14.2570962475, 3958.90965297, 26.500338778, 2750.89968847, 
Chromsome [1]: (686.9)6.8110566232, -31.60046276, 116455.800533, 6.09938361236, 1186.19143528, 
Chromsome [2]: (683.866666667)8.14504629322, -31.60046276, 6279.99829019, 13.3923922238, 574.012830636, 
Chromsome [3]: (683.433333333)8.14504629322, 35.5889684648, 103620.022202, 10.0705236311, 1113.56375939, 
Chromsome [4]: (679.966666667)8.14504629322, 56.2786924078, 6279.99829019, 26.1346816225, 1560.98522364, 
<------------ GEN 14--------------->
Chromsome [0]: (780.333333333)-7.94504629322, 14.2570962475, 3958.90965297, 26.500338778, 2750.89968847, 
Chromsome [1]: (666.733333333)8.14504629322, 14.2570962475, -75094.6399519, 22.5958704962, 1543.33348117, 
Chromsome [2]: (664.133333333)6.8110566232, -31.60046276, 116455.800533, 6.09938361236, 2687.79115367, 
Chromsome [3]: (664.133333333)6.8110566232, -31.60046276, 116455.800533, 1.55764353235, 1876.41782328, 
Chromsome [4]: (651.533333333)10.8963639479, -45.4161018044, 65045.2821536, 26.500338778, 2750.89968847, 
<------------ GEN 15--------------->
Chromsome [0]: (792.366666667)-7.94504629322, 14.2570962475, 3958.90965297, 26.500338778, 2750.89968847, 
Chromsome [1]: (665.633333333)6.8110566232, -31.60046276, 116455.800533, 1.55764353235, 1876.41782328, 
Chromsome [2]: (658.033333333)15.7067663, -31.60046276, 46910.0403161, 11.8410545436, 1766.87369997, 
Chromsome [3]: (651.1)4.47644701279, -2.35405572081, 145149.601191, 26.500338778, 1644.78144995, 
Chromsome [4]: (651.1)17.3063245799, 35.5889684648, 103620.022202, 27.9462001587, 1871.37786856, 
<------------ GEN 16--------------->
Chromsome [0]: (808.266666667)-7.94504629322, 14.2570962475, 3958.90965297, 26.500338778, 2750.89968847, 
Chromsome [1]: (689.433333333)4.47644701279, -2.35405572081, 145149.601191, 1.76948968097, 895.059196079, 
Chromsome [2]: (685.033333333)4.47644701279, -31.60046276, 116455.800533, 20.1642083609, 2286.78029219, 
Chromsome [3]: (671.066666667)8.14504629322, -45.4023780443, 6279.99829019, 10.0705236311, 1876.41782328, 
Chromsome [4]: (666.433333333)6.8110566232, -31.60046276, 116455.800533, 1.55764353235, 724.298225769, 
<------------ GEN 17--------------->
Chromsome [0]: (802.633333333)-7.94504629322, 14.2570962475, 3958.90965297, 26.500338778, 2750.89968847, 
Chromsome [1]: (723.7)4.47644701279, -88.0237957471, 116455.800533, 20.1642083609, 2286.78029219, 
Chromsome [2]: (672.9)4.47644701279, -31.60046276, 109158.313637, 13.2243779126, 2494.66748628, 
Chromsome [3]: (671.566666667)8.14504629322, -45.4023780443, 6279.99829019, 10.0705236311, 1876.41782328, 
Chromsome [4]: (670.366666667)6.8110566232, -31.60046276, 116455.800533, 25.7523579867, 1543.33348117, 
<------------ GEN 18--------------->
Chromsome [0]: (782.133333333)-7.94504629322, 14.2570962475, 3958.90965297, 26.500338778, 2750.89968847, 
Chromsome [1]: (761.333333333)6.8110566232, 14.2570962475, 3958.90965297, -1.53284949417, 2205.31575625, 
Chromsome [2]: (702.5)4.47644701279, -137.641724441, 118383.940808, 23.4976607594, 712.460151418, 
Chromsome [3]: (680.2)8.14504629322, -31.60046276, 116455.800533, 25.7523579867, 1543.33348117, 
Chromsome [4]: (680.066666667)6.8110566232, -31.60046276, 116455.800533, 3.12949725896, 1521.85504573, 
<------------ GEN 19--------------->
Chromsome [0]: (800.0)-7.94504629322, 14.2570962475, 3958.90965297, 26.500338778, 2750.89968847, 
Chromsome [1]: (713.533333333)4.47644701279, -42.3582755593, 2763.1850677, 16.9048948586, 712.460151418, 
Chromsome [2]: (688.5)6.75502844304, 14.2570962475, -28232.6116005, 6.19575035596, 2750.89968847, 
Chromsome [3]: (684.233333333)8.14504629322, -45.4023780443, 96669.5954357, 25.5268751459, 948.001581327, 
Chromsome [4]: (662.433333333)18.2597836815, -31.60046276, 116455.800533, 1.76948968097, 895.059196079, 
<------------ GEN 20--------------->
Chromsome [0]: (797.066666667)-161.077831653, -31.60046276, 59836.2648914, 4.96418866275, 2701.52525984, 
Chromsome [1]: (797.066666667)-7.94504629322, 14.2570962475, 3958.90965297, 26.500338778, 2750.89968847, 
Chromsome [2]: (704.433333333)4.47644701279, -42.3582755593, 2763.1850677, 13.3923922238, 2750.89968847, 
Chromsome [3]: (687.1)18.2597836815, -31.60046276, -108326.903777, 3.50186838874, 895.059196079, 
Chromsome [4]: (669.8)8.14504629322, 46.5513902354, 20690.0242046, 26.7596746772, 1829.21293355, 
<------------ GEN 21--------------->
Chromsome [0]: (800.666666667)-161.077831653, -31.60046276, 59836.2648914, 4.96418866275, 2701.52525984, 
Chromsome [1]: (729.766666667)4.47644701279, -39.4816880152, 2763.1850677, 13.3923922238, 2750.89968847, 
Chromsome [2]: (694.1)8.14504629322, -45.4023780443, 96669.5954357, 10.0705236311, 1876.41782328, 
Chromsome [3]: (693.6)8.14504629322, 46.5513902354, 141207.755051, 26.7596746772, 3863.66168819, 
Chromsome [4]: (688.033333333)8.14504629322, 63.6238725081, 3958.90965297, 13.9815763205, 900.025695022, 
<------------ GEN 22--------------->
Chromsome [0]: (767.433333333)-161.077831653, -31.60046276, 59836.2648914, 4.96418866275, 2701.52525984, 
Chromsome [1]: (675.933333333)4.47644701279, -64.5433976892, 2763.1850677, 13.3923922238, 2750.89968847, 
Chromsome [2]: (654.033333333)8.14504629322, -45.4023780443, 96669.5954357, 23.8132421334, 1461.97903945, 
Chromsome [3]: (654.033333333)8.14504629322, -45.4023780443, 96669.5954357, 20.1784652, 1876.41782328, 
Chromsome [4]: (652.4)8.14504629322, 52.294524793, 141207.755051, 4.96418866275, 2701.52525984, 
<------------ GEN 23--------------->
Chromsome [0]: (759.9)-161.077831653, -31.60046276, 59836.2648914, 4.96418866275, 2701.52525984, 
Chromsome [1]: (659.9)8.14504629322, 60.727706468, -66977.9368435, 4.20220629943, 2005.38324288, 
Chromsome [2]: (657.566666667)8.14504629322, -45.4023780443, 96669.5954357, 23.8132421334, 1461.97903945, 
Chromsome [3]: (657.033333333)8.14504629322, 48.1950040424, 3958.90965297, 8.97370377847, 1659.96785092, 
Chromsome [4]: (655.966666667)8.14504629322, 50.8606016967, 74732.9962303, 31.5041089404, 824.471025796, 
<------------ GEN 24--------------->
Chromsome [0]: (769.8)-161.077831653, -31.60046276, 59836.2648914, 4.96418866275, 2701.52525984, 
Chromsome [1]: (691.333333333)8.14504629322, -31.60046276, 59836.2648914, 4.96418866275, 2096.10866235, 
Chromsome [2]: (691.333333333)8.14504629322, -31.60046276, 59836.2648914, 4.96418866275, 2701.52525984, 
Chromsome [3]: (688.733333333)8.14504629322, 50.8606016967, 74732.9962303, 26.639046015, 799.914517471, 
Chromsome [4]: (688.733333333)8.14504629322, 52.294524793, 141207.755051, 4.96418866275, 2701.52525984, 
<------------ GEN 25--------------->
Chromsome [0]: (776.466666667)-51.2057335779, -72.7503074353, 59836.2648914, 4.96418866275, 2096.10866235, 
Chromsome [1]: (776.466666667)-161.077831653, -31.60046276, 59836.2648914, 4.96418866275, 2701.52525984, 
Chromsome [2]: (688.033333333)8.14504629322, 50.8606016967, 74732.9962303, 26.639046015, 1288.46802871, 
Chromsome [3]: (686.3)8.14504629322, 58.5855554634, 141207.755051, 4.96418866275, 2701.52525984, 
Chromsome [4]: (641.666666667)5.24182717379, 16.2020311529, 102869.808854, 4.96418866275, 2168.11817781, 
<------------ GEN 26--------------->
Chromsome [0]: (768.466666667)-72.7605713993, 30.0885440355, 59836.2648914, 6.27716445799, 2256.01899905, 
Chromsome [1]: (768.466666667)-45.1092552661, 68.9937888546, 158333.50606, 13.3837474928, 2084.82510003, 
Chromsome [2]: (768.466666667)-51.2057335779, -72.7503074353, 59836.2648914, 4.96418866275, 2096.10866235, 
Chromsome [3]: (697.066666667)8.14504629322, 32.7939838668, 164053.712684, -2.82765766986, 1415.99827656, 
Chromsome [4]: (695.866666667)2.4374149607, 46.0612673989, -21409.9649712, 4.20220629943, 821.642598577, 
<------------ GEN 27--------------->
Chromsome [0]: (786.9)-72.7605713993, 30.0885440355, 59836.2648914, 6.27716445799, 2256.01899905, 
Chromsome [1]: (719.9)8.14504629322, 32.7939838668, 158659.050231, 4.96418866275, 2701.52525984, 
Chromsome [2]: (717.9)8.14504629322, 50.8606016967, 74732.9962303, 13.3651921824, 824.471025796, 
Chromsome [3]: (716.566666667)8.14504629322, 58.5855554634, 141207.755051, 26.5450079307, 987.466242907, 
Chromsome [4]: (716.566666667)8.14504629322, 58.5855554634, 141207.755051, 29.8070428627, 2701.52525984, 
<------------ GEN 28--------------->
Chromsome [0]: (776.766666667)-72.7605713993, 30.0885440355, 59836.2648914, 6.27716445799, 2256.01899905, 
Chromsome [1]: (709.5)8.14504629322, 32.7939838668, 49956.7474926, 13.2708910131, -1151.88129759, 
Chromsome [2]: (704.966666667)8.14504629322, 58.5855554634, 59836.2648914, 8.69965530925, 2881.04853028, 
Chromsome [3]: (704.933333333)2.4374149607, -124.640016335, 21409.9649712, 1.23953795947, 2084.82510003, 
Chromsome [4]: (703.9)8.14504629322, 47.9819751779, 74732.9962303, 13.3651921824, 882.158142599, 
<------------ GEN 29--------------->
Chromsome [0]: (780.566666667)-72.7605713993, 30.0885440355, 59836.2648914, 6.27716445799, 2256.01899905, 
Chromsome [1]: (750.133333333)0.240625931949, 14.2570962475, 158333.50606, 23.2627822167, 2061.03710194, 
Chromsome [2]: (698.733333333)8.14504629322, 58.5855554634, 27326.4513096, 2.82765766986, 2701.52525984, 
Chromsome [3]: (695.166666667)8.14504629322, 32.7939838668, 49956.7474926, 13.2708910131, 2151.88129759, 
Chromsome [4]: (691.8)8.14504629322, 58.5855554634, 116794.237648, 13.7799147933, 2701.52525984, 
<------------ GEN 30--------------->
Chromsome [0]: (800.233333333)-19.7553336156, 19.4419663642, 58657.900764, 25.7883837929, 1584.44740846, 
Chromsome [1]: (800.233333333)-72.7605713993, 30.0885440355, 59836.2648914, 6.27716445799, 2256.01899905, 
Chromsome [2]: (750.833333333)5.49297536697, 71.3403516434, 54013.2617515, 0.00133049283266, 1248.44317849, 
Chromsome [3]: (742.233333333)3.22209045089, -5.66164697736, 20076.0693037, 1.67481040548, 1120.62661299, 
Chromsome [4]: (723.966666667)2.4374149607, 69.8694614959, 21409.9649712, 12.9916878454, 1120.62661299, 
<------------ GEN 31--------------->
Chromsome [0]: (788.666666667)-19.7553336156, 19.4419663642, 58657.900764, 25.7883837929, 1584.44740846, 
Chromsome [1]: (749.033333333)5.49297536697, 71.3403516434, 54013.2617515, 0.00133049283266, 1248.44317849, 
Chromsome [2]: (727.833333333)8.14504629322, 45.1226395484, 27326.4513096, 23.9834176271, 1518.48972446, 
Chromsome [3]: (721.5)2.4374149607, 69.8694614959, 20076.0693037, 1.23953795947, 2610.41610021, 
Chromsome [4]: (720.333333333)5.49297536697, 9.37346488412, 141207.755051, 27.9550642352, 1923.38393617, 
<------------ GEN 32--------------->
Chromsome [0]: (770.166666667)-95.3805978473, -6.28431376889, 59836.2648914, 6.27716445799, 882.158142599, 
Chromsome [1]: (770.166666667)-19.7553336156, 19.4419663642, 58657.900764, 25.7883837929, 1584.44740846, 
Chromsome [2]: (707.0)5.49297536697, -74.0690042676, 59836.2648914, 13.7799147933, 2978.0905938, 
Chromsome [3]: (705.966666667)5.49297536697, 71.3403516434, 54013.2617515, 12.4027965757, 987.466242907, 
Chromsome [4]: (696.1)8.14504629322, 45.1226395484, 27326.4513096, 16.895746918, 2921.62226045, 
<------------ GEN 33--------------->
Chromsome [0]: (789.333333333)-6.40689163707, 69.8694614959, 135079.264199, 1.23953795947, 2343.30207835, 
Chromsome [1]: (789.333333333)-95.3805978473, -6.28431376889, 59836.2648914, 6.27716445799, 882.158142599, 
Chromsome [2]: (747.033333333)0.39209516696, -74.0690042676, 59836.2648914, 23.7369778329, 2247.47279049, 
Chromsome [3]: (728.966666667)8.14504629322, 16.2020311529, -135036.408677, 4.14105852727, 2502.62779398, 
Chromsome [4]: (721.9)5.49297536697, 9.37346488412, -81935.0011329, 12.9916878454, 2610.41610021, 
<------------ GEN 34--------------->
Chromsome [0]: (779.366666667)-35.4199480811, 17.5767744539, 74011.2113257, 15.2020730474, 1571.07731717, 
Chromsome [1]: (779.366666667)-6.40689163707, 69.8694614959, 135079.264199, 1.23953795947, 2343.30207835, 
Chromsome [2]: (721.133333333)0.39209516696, -74.0690042676, 59836.2648914, 23.7369778329, 2247.47279049, 
Chromsome [3]: (697.466666667)5.49297536697, 71.3403516434, 54013.2617515, 11.3228645072, 2073.42560247, 
Chromsome [4]: (685.466666667)6.60689163707, 69.8694614959, 135079.264199, 1.23953795947, 2343.30207835, 
<------------ GEN 35--------------->
Chromsome [0]: (824.333333333)-35.4199480811, 17.5767744539, 74011.2113257, 15.2020730474, 1571.07731717, 
Chromsome [1]: (781.733333333)0.39209516696, -74.0690042676, 81935.0011329, 12.9916878454, 2610.41610021, 
Chromsome [2]: (741.366666667)5.49297536697, 71.3403516434, 239620.324203, 11.3228645072, 2978.0905938, 
Chromsome [3]: (741.366666667)5.49297536697, 71.3403516434, 54013.2617515, 9.15500643278, 1359.41597226, 
Chromsome [4]: (731.8)6.30322271736, -69.8928290775, 141207.755051, 8.38123738915, 761.308349473, 
<------------ GEN 36--------------->
Chromsome [0]: (809.733333333)-24.1041334462, 76.778541539, 21409.9649712, 16.3162758645, 2183.36149243, 
Chromsome [1]: (809.733333333)-35.4199480811, 17.5767744539, 74011.2113257, 15.2020730474, 1571.07731717, 
Chromsome [2]: (723.166666667)6.30322271736, -69.8928290775, 141207.755051, 8.38123738915, 761.308349473, 
Chromsome [3]: (721.633333333)6.60689163707, 69.8694614959, 30742.136187, 22.5422621853, 2921.62226045, 
Chromsome [4]: (721.633333333)6.60689163707, 69.8694614959, 179866.378271, 11.2069587114, 2343.30207835, 
<------------ GEN 37--------------->
Chromsome [0]: (823.7)-3.71658615602, 104.576689977, 3930.9254293, 1.23953795947, 2978.0905938, 
Chromsome [1]: (823.7)-24.1041334462, 76.778541539, 21409.9649712, 16.3162758645, 2183.36149243, 
Chromsome [2]: (720.766666667)5.49297536697, 71.3403516434, 80021.6152628, 0.523236659164, -737.6733158, 
Chromsome [3]: (718.9)6.60689163707, 69.8694614959, 26892.5152117, 11.2069587114, 2343.30207835, 
Chromsome [4]: (718.9)6.60689163707, 69.8694614959, 81935.0011329, 7.03104738201, -215.00961593, 
<------------ GEN 38--------------->
Chromsome [0]: (814.2)-4.58740279093, -12.4692585639, 34370.4180834, 4.75421724297, 1584.44740846, 
Chromsome [1]: (814.2)-3.71658615602, 104.576689977, 3930.9254293, 1.23953795947, 2978.0905938, 
Chromsome [2]: (755.966666667)3.91658615602, 75.4233100227, 32340.8510523, 1.23953795947, 2978.0905938, 
Chromsome [3]: (678.8)6.60689163707, 32.5455153548, 46289.995229, 22.5422621853, 1550.04445803, 
Chromsome [4]: (676.133333333)5.49297536697, 61.014350092, 127185.662467, 63.6737121221, 2782.60589104, 
<------------ GEN 39--------------->
Chromsome [0]: (814.733333333)-4.58740279093, -12.4692585639, 34370.4180834, 4.75421724297, 1584.44740846, 
Chromsome [1]: (702.866666667)3.91658615602, -67.6701182389, 13688.3122285, -26.7919350228, 1359.41597226, 
Chromsome [2]: (690.233333333)6.60689163707, 32.5455153548, 82223.9887869, 22.5422621853, 1550.04445803, 
Chromsome [3]: (687.566666667)5.49297536697, 61.014350092, 36420.8730771, 23.2040684237, 2131.30796459, 
Chromsome [4]: (687.533333333)5.49297536697, 71.3403516434, 133702.006344, 0.523236659164, 1653.22456937, 
<------------ GEN 40--------------->
Chromsome [0]: (808.033333333)-4.58740279093, -12.4692585639, 34370.4180834, 4.75421724297, 1584.44740846, 
Chromsome [1]: (749.766666667)0.591819993082, 5.17524581405, 74011.2113257, 16.895746918, 718.682875855, 
Chromsome [2]: (725.766666667)5.49297536697, 71.3403516434, -11177.9961837, 0.523236659164, 1100.86627093, 
Chromsome [3]: (711.333333333)5.49297536697, 61.014350092, -124226.410641, 23.2040684237, 2131.30796459, 
Chromsome [4]: (710.366666667)6.60689163707, 32.5455153548, 1987.27947592, 22.5422621853, 2460.75120098, 
<------------ GEN 41--------------->
Chromsome [0]: (789.133333333)-4.58740279093, -12.4692585639, 34370.4180834, 4.75421724297, 1584.44740846, 
Chromsome [1]: (686.133333333)5.49297536697, 58.5855554634, 177543.653667, 21.1424654345, 545.12399716, 
Chromsome [2]: (686.133333333)5.49297536697, 71.3403516434, 11177.9961837, 0.523236659164, 510.885957327, 
Chromsome [3]: (686.133333333)5.49297536697, 61.014350092, 124226.410641, 23.2040684237, 1240.68132861, 
Chromsome [4]: (686.133333333)5.49297536697, -85.7315678991, 11177.9961837, 7.4798247205, 1100.86627093, 
<------------ GEN 42--------------->
Chromsome [0]: (789.933333333)-4.58740279093, -12.4692585639, 34370.4180834, 4.75421724297, 1584.44740846, 
Chromsome [1]: (708.933333333)5.49297536697, 71.3403516434, 11177.9961837, 27.3827753736, 510.885957327, 
Chromsome [2]: (708.933333333)5.49297536697, -32.8244353201, 164759.266086, 7.4798247205, 1100.86627093, 
Chromsome [3]: (706.766666667)6.12998449374, 64.8414712799, 88066.4907506, 22.5422621853, 2921.62226045, 
Chromsome [4]: (693.766666667)6.60689163707, 69.8694614959, 136326.562389, 12.8548492071, 4510.32957939, 
<------------ GEN 43--------------->
Chromsome [0]: (802.166666667)-4.58740279093, -12.4692585639, 34370.4180834, 4.75421724297, 1584.44740846, 
Chromsome [1]: (711.6)3.91658615602, 78.1483289062, 55454.6802633, 3.71633329061, 2094.06783865, 
Chromsome [2]: (710.866666667)1.44613195971, -169.799614806, 166074.54498, 7.03104738201, 1215.00961593, 
Chromsome [3]: (701.033333333)4.78740279093, 75.1002245773, 16713.8406573, 28.1095003423, 1551.56029396, 
Chromsome [4]: (686.933333333)6.12998449374, 64.8414712799, 88066.4907506, 14.9014490209, 2921.62226045, 
<------------ GEN 44--------------->
Chromsome [0]: (795.9)-88.0262948177, -12.4692585639, 18512.5447396, 16.0948865032, 2601.71697076, 
Chromsome [1]: (795.9)-4.58740279093, -12.4692585639, 34370.4180834, 4.75421724297, 1584.44740846, 
Chromsome [2]: (720.5)4.78740279093, 75.1002245773, 16713.8406573, 7.65226284519, 1551.56029396, 
Chromsome [3]: (716.166666667)15.7564333283, 78.1483289062, -152431.246267, 3.71633329061, 2094.06783865, 
Chromsome [4]: (709.833333333)1.44613195971, 5.17524581405, 74011.2113257, 16.895746918, 718.682875855, 
<------------ GEN 45--------------->
Chromsome [0]: (794.666666667)-88.0262948177, -12.4692585639, 18512.5447396, 16.0948865032, 2601.71697076, 
Chromsome [1]: (786.4)6.60689163707, 69.8694614959, -77338.1768535, -3.76290500524, 746.664619932, 
Chromsome [2]: (718.866666667)4.78740279093, 115.194294077, 34370.4180834, 4.75421724297, -1030.932479, 
Chromsome [3]: (715.333333333)4.78740279093, -56.2891839551, 27326.4513096, 15.2020730474, -727.820813431, 
Chromsome [4]: (712.866666667)6.60689163707, -67.6701182389, 13688.3122285, 21.5903129577, 2601.71697076, 
<------------ GEN 46--------------->
Chromsome [0]: (795.266666667)-88.0262948177, -12.4692585639, 18512.5447396, 16.0948865032, 2601.71697076, 
Chromsome [1]: (722.266666667)6.60689163707, -68.9080395951, -118825.720335, 5.85973918357, 2235.9455315, 
Chromsome [2]: (712.8)4.78740279093, -56.2891839551, 27326.4513096, 15.2020730474, 1727.82081343, 
Chromsome [3]: (712.533333333)4.78740279093, 64.8057059233, 34370.4180834, 4.75421724297, 2030.932479, 
Chromsome [4]: (709.633333333)6.60689163707, 69.8694614959, 76949.6732728, 24.3612066841, 1659.77978178, 
<------------ GEN 47--------------->
Chromsome [0]: (793.833333333)-88.0262948177, -12.4692585639, 18512.5447396, 16.0948865032, 2601.71697076, 
Chromsome [1]: (716.1)0.72698847933, -77.9748018522, 177543.653667, 50.6831287603, 6348.87064122, 
Chromsome [2]: (707.766666667)4.78740279093, -74.7844137179, 1987.27947592, 18.6423751613, 625.232279777, 
Chromsome [3]: (703.766666667)4.78740279093, 64.8057059233, 34370.4180834, 4.75421724297, 2030.932479, 
Chromsome [4]: (700.433333333)4.78740279093, -56.2891839551, 27326.4513096, 15.2020730474, 2650.10858469, 
<------------ GEN 48--------------->
Chromsome [0]: (772.3)-88.0262948177, -12.4692585639, 18512.5447396, 16.0948865032, 2601.71697076, 
Chromsome [1]: (730.8)4.78740279093, 88.5458966514, 77338.1768535, 16.895746918, 1716.5009926, 
Chromsome [2]: (730.8)4.78740279093, -56.2891839551, 152372.057275, 15.2020730474, 2650.10858469, 
Chromsome [3]: (730.8)4.78740279093, 64.8057059233, 34370.4180834, 4.75421724297, 568.85051677, 
Chromsome [4]: (730.8)4.78740279093, 64.8057059233, 34370.4180834, 35.5894052987, 2030.932479, 
<------------ GEN 49--------------->
Chromsome [0]: (800.233333333)-88.0262948177, -12.4692585639, 18512.5447396, 16.0948865032, 2601.71697076, 
Chromsome [1]: (741.333333333)4.78740279093, 64.8057059233, 34370.4180834, 5.91448419421, 568.85051677, 
Chromsome [2]: (740.1)4.78740279093, -74.7844137179, 1987.27947592, 14.0495522107, 1393.18888667, 
Chromsome [3]: (731.6)4.78740279093, -56.2891839551, 152372.057275, 15.2020730474, 2601.71697076, 
Chromsome [4]: (727.8)4.78740279093, 88.5458966514, 77338.1768535, 8.07043753353, 1716.5009926, 
<------------ GEN 50--------------->
Chromsome [0]: (804.3)-0.00597455592819, 54.2897326907, 154118.020067, 7.03104738201, 2153.80150264, 
Chromsome [1]: (804.3)-2.40910916143, -12.277929191, 79754.403226, 51.1729749369, 1147.56852283, 
Chromsome [2]: (804.3)-88.0262948177, -12.4692585639, 18512.5447396, 16.0948865032, 2601.71697076, 
Chromsome [3]: (720.966666667)4.78740279093, -74.7844137179, 1987.27947592, 16.6805266668, 2601.71697076, 
Chromsome [4]: (720.066666667)4.78740279093, 64.8057059233, 34370.4180834, 5.91448419421, 3231.98594999, 
<------------ GEN 51--------------->
Chromsome [0]: (817.233333333)-0.00597455592819, 54.2897326907, 154118.020067, 7.03104738201, 2153.80150264, 
Chromsome [1]: (722.5)0.205974555928, 57.3179954682, 177845.466928, 27.3011999048, 1897.7123894, 
Chromsome [2]: (706.266666667)4.78740279093, -74.7844137179, 1987.27947592, 16.6805266668, 1621.37164118, 
Chromsome [3]: (692.966666667)2.60910916143, -12.277929191, 176826.44612, 8.82702506311, 1743.3024678, 
Chromsome [4]: (692.966666667)2.60910916143, -12.277929191, 79754.403226, 8.82702506311, 1147.56852283, 
<------------ GEN 52--------------->
Chromsome [0]: (817.133333333)-0.00597455592819, 54.2897326907, 154118.020067, 7.03104738201, 2153.80150264, 
Chromsome [1]: (739.4)0.205974555928, 57.3179954682, 69342.6288462, 10.7867545059, 2342.14740864, 
Chromsome [2]: (697.3)4.78740279093, -74.7844137179, 77338.1768535, 14.6488366324, 1374.12085249, 
Chromsome [3]: (697.233333333)6.60689163707, -43.8236104534, 35082.3201126, 9.31687123967, 1228.71482572, 
Chromsome [4]: (697.133333333)4.78740279093, -107.462207047, 77338.1768535, 15.2020730474, 2601.71697076, 
<------------ GEN 53--------------->
Chromsome [0]: (822.9)-73.4576716432, 57.3179954682, 69342.6288462, 10.7867545059, 2342.14740864, 
Chromsome [1]: (822.9)-0.00597455592819, 54.2897326907, 154118.020067, 7.03104738201, 2153.80150264, 
Chromsome [2]: (732.3)0.205974555928, -74.4516784091, 86791.4521629, 10.5498085268, 2048.59380929, 
Chromsome [3]: (686.133333333)6.60689163707, -40.2894524723, 156412.282157, 26.1074259334, 2222.07602379, 
Chromsome [4]: (685.5)6.60689163707, -43.8236104534, 222896.374355, 5.85572587268, 1228.71482572, 
<------------ GEN 54--------------->
Chromsome [0]: (823.8)-73.4576716432, 57.3179954682, 69342.6288462, 10.7867545059, 2342.14740864, 
Chromsome [1]: (722.366666667)0.205974555928, 54.2897326907, 430445.348413, 7.03104738201, 2153.80150264, 
Chromsome [2]: (716.366666667)0.205974555928, -74.4516784091, 86791.4521629, 49.0829897154, 2048.59380929, 
Chromsome [3]: (694.2)1.10284291267, -61.4285960601, 95396.8561357, 7.03104738201, 1740.39002899, 
Chromsome [4]: (689.9)4.78740279093, -21.9983385564, -68943.1391474, 18.0726289277, 743.353598588, 
<------------ GEN 55--------------->
Chromsome [0]: (821.033333333)-73.4576716432, 57.3179954682, 69342.6288462, 10.7867545059, 2342.14740864, 
Chromsome [1]: (751.933333333)59.8388456566, 23.7074924664, 25.5090341867, -16.6040963972, 2222.07602379, 
Chromsome [2]: (748.133333333)0.205974555928, 54.2897326907, -70445.3484134, 21.318680629, 2153.80150264, 
Chromsome [3]: (748.133333333)0.205974555928, 54.2897326907, -329081.552386, 7.03104738201, 2153.80150264, 
Chromsome [4]: (645.7)6.60689163707, -30.9100655826, 123380.981047, 19.9282389722, 625.232279777, 
<------------ GEN 56--------------->
Chromsome [0]: (814.166666667)-2.10072097923, -49.6528317544, 123380.981047, 1.5519081006, 2383.880206, 
Chromsome [1]: (814.166666667)-73.4576716432, 57.3179954682, 69342.6288462, 10.7867545059, 2342.14740864, 
Chromsome [2]: (737.433333333)0.205974555928, 73.8647599299, 129346.623995, 16.3134287797, -1034.39299796, 
Chromsome [3]: (730.233333333)0.205974555928, -72.8214497073, 329081.552386, 25.0072688456, 631.966002073, 
Chromsome [4]: (649.133333333)4.78740279093, 0.216486809981, 42086.7215087, 18.0726289277, 2342.14740864, 
<------------ GEN 57--------------->
Chromsome [0]: (817.466666667)-36.564320316, -12.4692585639, 52582.1769147, 17.3376971153, 2048.59380929, 
Chromsome [1]: (817.466666667)-25.6354922103, 57.3179954682, 116787.755668, 46.6580290017, 4290.49359747, 
Chromsome [2]: (817.466666667)-2.10072097923, -49.6528317544, 123380.981047, 1.5519081006, 2383.880206, 
Chromsome [3]: (729.7)0.205974555928, -72.8214497073, 30918.4476137, 21.4341921054, 631.966002073, 
Chromsome [4]: (726.466666667)0.205974555928, 73.8647599299, 119498.633652, 16.3134287797, 2034.39299796, 
<------------ GEN 58--------------->
Chromsome [0]: (827.866666667)-36.564320316, -12.4692585639, 52582.1769147, 17.3376971153, 2048.59380929, 
Chromsome [1]: (749.433333333)0.205974555928, -72.8214497073, 30918.4476137, 19.6138164402, 631.966002073, 
Chromsome [2]: (739.666666667)2.30072097923, 22.3316467488, 42086.7215087, 0.98897270934, 2342.14740864, 
Chromsome [3]: (731.033333333)2.30072097923, -49.6528317544, 123380.981047, 24.1535161383, 2383.880206, 
Chromsome [4]: (731.033333333)2.30072097923, -49.6528317544, 123380.981047, 1.5519081006, 1716.5009926, 
<------------ GEN 59--------------->
Chromsome [0]: (815.0)-36.564320316, -12.4692585639, 52582.1769147, 17.3376971153, 2048.59380929, 
Chromsome [1]: (732.033333333)0.205974555928, -72.8214497073, 62215.68476, 17.3376971153, 2809.39890657, 
Chromsome [2]: (727.0)2.30072097923, 49.9993246081, 35236.0913775, 5.69889400298, 743.353598588, 
Chromsome [3]: (725.366666667)2.30072097923, -49.6528317544, 164959.310508, 17.3376971153, 2048.59380929, 
Chromsome [4]: (702.466666667)6.60689163707, 31.8307853407, 137103.625645, 26.3756883255, 1131.61721018, 
<------------ GEN 60--------------->
Chromsome [0]: (806.9)-36.564320316, -12.4692585639, 52582.1769147, 17.3376971153, 2048.59380929, 
Chromsome [1]: (735.533333333)0.205974555928, 57.7378801663, 69342.6288462, 2.62539469301, 871.367596175, 
Chromsome [2]: (712.5)2.30072097923, 49.9993246081, 35236.0913775, 5.69889400298, 2383.880206, 
Chromsome [3]: (709.6)2.30072097923, -67.3586749325, 137103.625645, -15.1272754376, 2789.21893478, 
Chromsome [4]: (688.3)6.60689163707, 23.0087441523, 116787.755668, 13.3419709983, 1225.16652101, 
<------------ GEN 61--------------->
Chromsome [0]: (801.433333333)-97.0811268475, -12.4692585639, 57007.3705882, 27.7422963939, 1341.63918115, 
Chromsome [1]: (801.433333333)-36.564320316, -12.4692585639, 52582.1769147, 17.3376971153, 2048.59380929, 
Chromsome [2]: (698.8)0.205974555928, -82.7277699214, 69342.6288462, 5.86739445495, 2153.80150264, 
Chromsome [3]: (694.3)2.30072097923, -67.3586749325, 137103.625645, 15.1272754376, 2201.82598684, 
Chromsome [4]: (677.0)6.60689163707, 23.0087441523, 116787.755668, 0.782541973007, 1225.16652101, 
<------------ GEN 62--------------->
Chromsome [0]: (794.766666667)-66.7855700516, -47.9573876446, 25724.4965922, 0.782541973007, 1225.16652101, 
Chromsome [1]: (794.766666667)-0.513922254497, -41.1124675482, 52582.1769147, 7.03104738201, 1806.94326049, 
Chromsome [2]: (794.766666667)-97.0811268475, -12.4692585639, 57007.3705882, 27.7422963939, 1341.63918115, 
Chromsome [3]: (735.766666667)0.205974555928, -74.7844137179, 40808.5313412, 19.7274502597, 2048.59380929, 
Chromsome [4]: (726.7)2.30072097923, -67.3586749325, 52582.1769147, 26.4330782675, 2048.59380929, 
<------------ GEN 63--------------->
Chromsome [0]: (796.7)-66.7855700516, -47.9573876446, 25724.4965922, 0.782541973007, 1225.16652101, 
Chromsome [1]: (723.566666667)0.713922254497, -41.1124675482, 52582.1769147, 27.517542703, 1253.37290559, 
Chromsome [2]: (721.533333333)0.205974555928, -74.7844137179, 69342.6288462, 5.86739445495, 1357.26856516, 
Chromsome [3]: (717.3)2.30072097923, -67.3586749325, 52582.1769147, 26.4330782675, 2062.82022563, 
Chromsome [4]: (704.1)4.78740279093, 37.4162089183, -71396.9618816, 30.8301964832, 1341.63918115, 
<------------ GEN 64--------------->
Chromsome [0]: (836.5)-37.6934017774, -41.1124675482, 52582.1769147, 7.03104738201, 1806.94326049, 
Chromsome [1]: (836.5)-66.7855700516, -47.9573876446, 25724.4965922, 0.782541973007, 1225.16652101, 
Chromsome [2]: (794.766666667)0.205974555928, -74.7844137179, 69342.6288462, 5.86739445495, 1074.14526465, 
Chromsome [3]: (793.1)0.713922254497, -41.1124675482, 123758.712172, 27.517542703, 2201.82598684, 
Chromsome [4]: (780.466666667)2.30072097923, -67.3586749325, 43296.3732624, 14.7038386558, 3397.62413097, 
<------------ GEN 65--------------->
Chromsome [0]: (836.2)-28.3963895824, -75.5706108941, 115883.656387, -2.5261017425, 1399.40754628, 
Chromsome [1]: (836.2)-37.6934017774, -41.1124675482, 52582.1769147, 7.03104738201, 1806.94326049, 
Chromsome [2]: (794.866666667)0.205974555928, -74.7844137179, 123758.712172, 27.517542703, 2201.82598684, 
Chromsome [3]: (792.3)0.713922254497, -41.1124675482, 69342.6288462, 5.86739445495, 1074.14526465, 
Chromsome [4]: (781.4)2.98245857386, 62.9618415455, 43296.3732624, 14.7038386558, 2602.37586903, 
<------------ GEN 66--------------->
Chromsome [0]: (815.633333333)-28.3963895824, -75.5706108941, 115883.656387, -2.5261017425, 1399.40754628, 
Chromsome [1]: (766.266666667)2.98245857386, 79.3826580407, 43296.3732624, 23.9555019036, 2602.37586903, 
Chromsome [2]: (764.533333333)2.98245857386, 62.9618415455, 43296.3732624, 14.7038386558, 2602.37586903, 
Chromsome [3]: (725.3)4.78740279093, -77.0880099224, 50471.2958041, 0.782541973007, 1549.69420494, 
Chromsome [4]: (708.3)6.60689163707, 35.5183534844, 56876.5401389, 27.5667442071, 1255.35016377, 
<------------ GEN 67--------------->
Chromsome [0]: (801.833333333)-28.3963895824, -75.5706108941, 115883.656387, -2.5261017425, 1399.40754628, 
Chromsome [1]: (755.966666667)2.98245857386, 79.3826580407, 43296.3732624, 2.5261017425, 1399.40754628, 
Chromsome [2]: (754.533333333)1.52017644796, -41.1124675482, 103703.72852, 5.40339735831, 1806.94326049, 
Chromsome [3]: (754.233333333)2.98245857386, 62.9618415455, 43296.3732624, 14.7038386558, -513.269940661, 
Chromsome [4]: (732.633333333)4.78740279093, -77.0880099224, 50471.2958041, 0.782541973007, 1668.2719389, 
<------------ GEN 68--------------->
Chromsome [0]: (806.733333333)-28.3963895824, -75.5706108941, 115883.656387, -2.5261017425, 1399.40754628, 
Chromsome [1]: (754.6)4.47669027317, -12.4692585639, -23291.1442256, 13.3419709983, 1806.94326049, 
Chromsome [2]: (746.033333333)2.98245857386, 79.3826580407, 43296.3732624, 2.5261017425, 1399.40754628, 
Chromsome [3]: (741.766666667)1.52017644796, -41.3158369514, 103703.72852, 25.0334423614, 1806.94326049, 
Chromsome [4]: (739.466666667)4.78740279093, 0.329725965869, 160500.656094, 0.782541973007, 1139.75557822, 
<------------ GEN 69--------------->
Chromsome [0]: (814.333333333)-28.3963895824, -75.5706108941, 115883.656387, -2.5261017425, 1399.40754628, 
Chromsome [1]: (773.7)2.98245857386, -67.2001164773, 4594.25717649, 2.5261017425, 1399.40754628, 
Chromsome [2]: (748.566666667)1.52017644796, -41.3158369514, 103703.72852, 25.0334423614, 2763.50126828, 
Chromsome [3]: (746.2)2.98245857386, -53.562797341, 139135.767084, 17.7024030363, 803.112932109, 
Chromsome [4]: (742.366666667)4.78740279093, 100.588814139, 160500.656094, 0.782541973007, 2920.13447655, 
<------------ GEN 70--------------->
Chromsome [0]: (812.866666667)-28.3963895824, -75.5706108941, 115883.656387, -2.5261017425, 1399.40754628, 
Chromsome [1]: (777.733333333)4.78740279093, -67.2001164773, 4594.25717649, 2.5261017425, 1399.40754628, 
Chromsome [2]: (776.666666667)2.98245857386, -67.2001164773, 4594.25717649, 2.5261017425, 1399.40754628, 
Chromsome [3]: (757.5)2.98245857386, 27.059257976, 56876.5401389, 6.962687863, 1467.27789712, 
Chromsome [4]: (753.166666667)1.52017644796, -41.3158369514, 390014.353219, 32.1050068388, 1399.40754628, 
<------------ GEN 71--------------->
Chromsome [0]: (818.8)-7.90427573913, 33.9853959476, 115883.656387, 17.1352187709, 2522.37490051, 
Chromsome [1]: (818.8)-28.3963895824, -75.5706108941, 115883.656387, -2.5261017425, 1399.40754628, 
Chromsome [2]: (806.166666667)1.52017644796, -41.3158369514, -54719.8220495, 27.8949931612, 1399.40754628, 
Chromsome [3]: (800.933333333)2.98245857386, 27.059257976, 56876.5401389, 6.962687863, 1467.27789712, 
Chromsome [4]: (770.666666667)4.78740279093, 55.3707220288, 4594.25717649, 2.5261017425, 1399.40754628, 
<------------ GEN 72--------------->
Chromsome [0]: (832.333333333)-7.90427573913, 33.9853959476, 115883.656387, 17.1352187709, 2522.37490051, 
Chromsome [1]: (807.233333333)1.52017644796, -12.4692585639, 23291.1442256, 8.79228365284, 1255.35016377, 
Chromsome [2]: (807.066666667)1.75324311196, 25.6611759524, 78190.590848, 6.962687863, 1467.27789712, 
Chromsome [3]: (795.333333333)2.98245857386, 27.059257976, 73268.5742974, 19.7639593769, 1549.69420494, 
Chromsome [4]: (795.333333333)2.98245857386, 27.059257976, 56876.5401389, 6.962687863, 1467.27789712, 
<------------ GEN 73--------------->
Chromsome [0]: (844.433333333)-7.90427573913, 33.9853959476, 115883.656387, 17.1352187709, 2522.37490051, 
Chromsome [1]: (828.466666667)1.52017644796, -12.4692585639, 23291.1442256, 10.8324904003, 1255.35016377, 
Chromsome [2]: (828.166666667)1.75324311196, 25.6611759524, 78190.590848, 6.962687863, 1467.27789712, 
Chromsome [3]: (816.4)2.98245857386, 27.059257976, 56876.5401389, 55.7877707206, 1467.27789712, 
Chromsome [4]: (793.966666667)4.78740279093, 55.3707220288, 4594.25717649, 2.5261017425, 1793.64038465, 
<------------ GEN 74--------------->
Chromsome [0]: (850.7)-21.4466677529, 23.0087441523, 33719.3590831, 24.947675962, 2625.11298375, 
Chromsome [1]: (850.7)-7.90427573913, 33.9853959476, 115883.656387, 17.1352187709, 2522.37490051, 
Chromsome [2]: (837.966666667)1.52017644796, -75.5706108941, 109852.139318, 17.1352187709, 1631.40291652, 
Chromsome [3]: (837.766666667)1.75324311196, -50.402989057, 115883.656387, 17.1352187709, 2602.37586903, 
Chromsome [4]: (837.433333333)2.98245857386, 27.059257976, 56876.5401389, 4.21222927943, 2224.85991722, 
<------------ GEN 75--------------->
Chromsome [0]: (860.766666667)-13.3536081541, 33.9853959476, 46319.9262111, 11.8731241644, 1438.58162494, 
Chromsome [1]: (860.766666667)-70.3038940952, 23.0087441523, 4594.25717649, 2.5261017425, 1793.64038465, 
Chromsome [2]: (860.766666667)-21.4466677529, 23.0087441523, 33719.3590831, 24.947675962, 2625.11298375, 
Chromsome [3]: (857.6)1.75324311196, -50.402989057, 32929.9768724, 9.55922032354, 2763.50126828, 
Chromsome [4]: (857.6)1.75324311196, -50.402989057, 135672.879394, 17.1352187709, 1984.19237925, 
<------------ GEN 76--------------->
Chromsome [0]: (857.166666667)-13.3536081541, 33.9853959476, 46319.9262111, 11.8731241644, 1438.58162494, 
Chromsome [1]: (854.0)1.75324311196, -71.7548942732, 135672.879394, 17.1352187709, -965.640343924, 
Chromsome [2]: (853.833333333)2.98245857386, 27.059257976, 89909.7377473, 4.21222927943, 539.824998421, 
Chromsome [3]: (778.433333333)9.29292124064, 33.9853959476, 115883.656387, 17.1352187709, 1529.52630045, 
Chromsome [4]: (775.166666667)8.10427573913, 22.1191777483, 122475.408611, 29.0482765707, 2416.24423292, 
<------------ GEN 77--------------->
Chromsome [0]: (838.266666667)-13.3536081541, 33.9853959476, 46319.9262111, 11.8731241644, 1438.58162494, 
Chromsome [1]: (835.1)1.75324311196, -71.7548942732, 105465.042707, 11.8731241644, 1438.58162494, 
Chromsome [2]: (835.066666667)1.75324311196, 19.2150098195, 135672.879394, 17.1352187709, 1965.64034392, 
Chromsome [3]: (766.433333333)8.10427573913, -74.6178447613, -66119.9591022, 5.94349717217, 2868.68373798, 
Chromsome [4]: (760.633333333)8.10427573913, 22.1191777483, 144916.720437, 22.9301993307, 1039.013506, 
<------------ GEN 78--------------->
Chromsome [0]: (809.966666667)-13.3536081541, 33.9853959476, 46319.9262111, 11.8731241644, 1438.58162494, 
Chromsome [1]: (800.466666667)1.75324311196, -71.7548942732, 105465.042707, 11.8731241644, 2020.11712269, 
Chromsome [2]: (800.366666667)1.75324311196, 19.2150098195, 67774.991435, 17.1352187709, 1529.52630045, 
Chromsome [3]: (717.933333333)8.10427573913, 22.1191777483, 26703.588226, 8.979374562, 1438.58162494, 
Chromsome [4]: (717.933333333)8.10427573913, 22.1191777483, 122475.408611, 12.2979882212, 848.081859686, 
<------------ GEN 79--------------->
Chromsome [0]: (814.166666667)-39.0247730817, 84.9645434722, 77949.5539815, 17.1352187709, 1529.52630045, 
Chromsome [1]: (814.166666667)-13.3536081541, 33.9853959476, 46319.9262111, 11.8731241644, 1438.58162494, 
Chromsome [2]: (800.3)1.75324311196, -71.7548942732, 105465.042707, 24.9197544489, 2032.59780586, 
Chromsome [3]: (721.3)8.10427573913, 22.1191777483, 26703.588226, -4.52533029723, 1793.64038465, 
Chromsome [4]: (721.3)8.10427573913, 22.1191777483, 26703.588226, 8.979374562, 821.012516374, 
<------------ GEN 80--------------->
Chromsome [0]: (838.866666667)-65.2366834922, -49.3470134183, 84556.3132189, 9.55922032354, 2130.49499064, 
Chromsome [1]: (838.866666667)-39.0247730817, 84.9645434722, 77949.5539815, 17.1352187709, 1529.52630045, 
Chromsome [2]: (835.7)1.75324311196, 89.2998111497, 46319.9262111, 11.8731241644, 2004.18785401, 
Chromsome [3]: (835.7)1.75324311196, -81.97322765, 105465.042707, 24.9197544489, 2032.59780586, 
Chromsome [4]: (711.533333333)8.10427573913, 22.1191777483, 12662.0279417, 19.9816723138, 1793.08122531, 
<------------ GEN 81--------------->
Chromsome [0]: (833.0)-65.2366834922, -49.3470134183, 84556.3132189, 9.55922032354, 2130.49499064, 
Chromsome [1]: (811.166666667)1.75324311196, 89.2998111497, 46319.9262111, 11.8731241644, 2004.18785401, 
Chromsome [2]: (810.8)0.726897609153, -32.9689427036, 63052.6808682, 8.979374562, 821.012516374, 
Chromsome [3]: (808.333333333)1.75324311196, -81.97322765, 105465.042707, 9.98972768439, 2032.59780586, 
Chromsome [4]: (808.333333333)1.75324311196, 88.653081082, 170462.187486, 12.4000451807, 2451.70081405, 
<------------ GEN 82--------------->
Chromsome [0]: (840.5)-63.3509843017, 33.9853959476, 67064.2905281, 9.47908802815, 603.937172542, 
Chromsome [1]: (840.5)-65.2366834922, -49.3470134183, 84556.3132189, 9.55922032354, 2130.49499064, 
Chromsome [2]: (828.3)1.75324311196, -41.0828909329, -13683.7708984, 9.39611859279, 1677.42024127, 
Chromsome [3]: (825.933333333)0.726897609153, -32.9689427036, 63052.6808682, 8.979374562, 821.012516374, 
Chromsome [4]: (825.066666667)1.75324311196, -81.97322765, 46319.9262111, 10.7994680921, 1438.58162494, 
<------------ GEN 83--------------->
Chromsome [0]: (834.666666667)-8.23254157551, 22.1191777483, 26703.588226, 22.376502284, 2652.80347719, 
Chromsome [1]: (834.666666667)-57.8342770045, 33.9853959476, 46319.9262111, 10.7994680921, 1667.69776331, 
Chromsome [2]: (834.666666667)-63.3509843017, 33.9853959476, 67064.2905281, 9.47908802815, 603.937172542, 
Chromsome [3]: (820.1)0.726897609153, -32.9689427036, 63052.6808682, 26.4025300762, 821.012516374, 
Chromsome [4]: (820.1)0.726897609153, -32.9689427036, 63052.6808682, 8.979374562, 1812.68051525, 
<------------ GEN 84--------------->
Chromsome [0]: (815.666666667)-8.23254157551, 22.1191777483, 26703.588226, 22.376502284, 2652.80347719, 
Chromsome [1]: (794.033333333)1.75324311196, -162.407795378, 170462.187486, 1.06845201612, 738.490478503, 
Chromsome [2]: (781.433333333)0.726897609153, 42.3591364797, 105465.042707, 12.4000451807, 2202.75292872, 
Chromsome [3]: (780.3)1.75324311196, -81.97322765, 114303.269372, 10.7994680921, 1667.69776331, 
Chromsome [4]: (751.0)2.8504483803, -32.9689427036, 63052.6808682, 8.979374562, 1301.33381262, 
<------------ GEN 85--------------->
Chromsome [0]: (825.433333333)-8.23254157551, 22.1191777483, 26703.588226, 22.376502284, 2652.80347719, 
Chromsome [1]: (805.466666667)0.726897609153, 17.4331609231, 105465.042707, 8.979374562, 1301.33381262, 
Chromsome [2]: (804.833333333)1.75324311196, 27.059257976, 13811.2163223, 24.947675962, 2297.17549321, 
Chromsome [3]: (804.8)1.75324311196, -81.97322765, 4781.73077714, 28.9154109818, 4932.37382185, 
Chromsome [4]: (779.5)2.8504483803, -88.0059381473, 61543.7489615, 12.0556359946, 2130.49499064, 
<------------ GEN 86--------------->
Chromsome [0]: (805.366666667)-73.1055575463, 89.2998111497, 265136.750958, 15.2619578443, 2652.80347719, 
Chromsome [1]: (805.366666667)-8.23254157551, 22.1191777483, 26703.588226, 22.376502284, 2652.80347719, 
Chromsome [2]: (802.633333333)1.75324311196, -81.97322765, 4781.73077714, 0.624834630101, 803.112932109, 
Chromsome [3]: (790.1)0.726897609153, 17.4331609231, 205736.607856, 0.451689872209, 1301.33381262, 
Chromsome [4]: (789.333333333)1.75324311196, 27.059257976, 63052.6808682, 14.844780596, 821.012516374, 
<------------ GEN 87--------------->
Chromsome [0]: (810.8)-73.1055575463, 89.2998111497, 265136.750958, 15.2619578443, 2652.80347719, 
Chromsome [1]: (810.566666667)1.75324311196, -81.97322765, 4781.73077714, -26.3966409168, 803.112932109, 
Chromsome [2]: (810.566666667)1.75324311196, -81.97322765, 4781.73077714, 0.624834630101, 2652.80347719, 
Chromsome [3]: (796.933333333)1.75324311196, 27.059257976, 140475.52273, 14.844780596, 821.012516374, 
Chromsome [4]: (749.4)2.8504483803, -32.9689427036, 71574.4583808, 12.4000451807, 1124.43583631, 
<------------ GEN 88--------------->
Chromsome [0]: (806.8)-73.1055575463, 89.2998111497, 265136.750958, 15.2619578443, 2652.80347719, 
Chromsome [1]: (803.7)1.75324311196, -81.97322765, 4781.73077714, 7.99319977235, 2652.80347719, 
Chromsome [2]: (803.633333333)1.75324311196, 27.059257976, 140475.52273, 14.844780596, 821.012516374, 
Chromsome [3]: (779.733333333)3.01458052955, -81.97322765, 4781.73077714, 26.3966409168, 803.112932109, 
Chromsome [4]: (746.3)7.03304085629, 57.8419885746, 12802.5103643, 24.947675962, 2095.96188553, 
<------------ GEN 89--------------->
Chromsome [0]: (779.6)-73.1055575463, 89.2998111497, 265136.750958, 15.2619578443, 2652.80347719, 
Chromsome [1]: (770.8)1.46452726255, 3.77358046489, 13811.2163223, 5.25339157948, 838.997637621, 
Chromsome [2]: (770.1)1.75324311196, 27.059257976, 4594.25717649, 27.2815958062, 2927.95970417, 
Chromsome [3]: (770.0)1.75324311196, 17.4331609231, 95432.6100381, 10.9843552134, 2636.83950379, 
Chromsome [4]: (725.966666667)8.74983284375, 19.2150098195, 54499.5645017, 10.7752031245, 838.997637621, 
<------------ GEN 90--------------->
Chromsome [0]: (827.0)-73.1055575463, 89.2998111497, 265136.750958, 15.2619578443, 2652.80347719, 
Chromsome [1]: (813.566666667)0.306979603404, -81.97322765, 4781.73077714, 7.99319977235, 2514.2124136, 
Chromsome [2]: (813.433333333)1.46452726255, 3.77358046489, 141215.213534, 8.979374562, 644.861500324, 
Chromsome [3]: (813.133333333)1.75324311196, -283.583326153, 54499.5645017, 10.7752031245, 2890.75752483, 
Chromsome [4]: (813.133333333)1.75324311196, -54.9074973287, 138660.036582, 15.2619578443, 1056.03062353, 
<------------ GEN 91--------------->
Chromsome [0]: (780.133333333)-73.1055575463, 89.2998111497, 265136.750958, 15.2619578443, 2652.80347719, 
Chromsome [1]: (762.6)0.306979603404, -81.97322765, 4781.73077714, 7.99319977235, 2841.41660267, 
Chromsome [2]: (760.666666667)1.75324311196, 124.851234643, 226317.186651, 23.1783330669, 2890.75752483, 
Chromsome [3]: (758.0)1.46452726255, -30.0918865122, 141215.213534, 8.979374562, 689.165415048, 
Chromsome [4]: (757.5)1.75324311196, -54.9074973287, 138660.036582, 15.2619578443, 1460.09844847, 
<------------ GEN 92--------------->
Chromsome [0]: (782.3)-52.3351502104, -75.472305447, 27015.3345236, 12.5451999061, 2039.64616801, 
Chromsome [1]: (782.3)-73.1055575463, 89.2998111497, 265136.750958, 15.2619578443, 2652.80347719, 
Chromsome [2]: (769.933333333)2.35751899749, 122.081777436, 86792.7859388, 24.947675962, 2224.65467216, 
Chromsome [3]: (769.333333333)1.46452726255, -30.0918865122, 4594.25717649, 27.2815958062, 2927.95970417, 
Chromsome [4]: (769.133333333)1.75324311196, -55.421929976, 133682.813349, 23.1783330669, 2890.75752483, 
<------------ GEN 93--------------->
Chromsome [0]: (793.5)-52.3351502104, -75.472305447, 27015.3345236, 12.5451999061, 2039.64616801, 
Chromsome [1]: (749.7)2.35751899749, 1.93494950338, 95329.6083613, 14.321747347, 1123.04365976, 
Chromsome [2]: (749.366666667)1.46452726255, -30.0918865122, 76897.342564, 22.4694357289, 2095.96188553, 
Chromsome [3]: (738.2)7.03304085629, 28.7834898066, 94863.2490416, 15.2619578443, 2652.80347719, 
Chromsome [4]: (738.2)7.03304085629, 28.7834898066, 66769.2942459, 25.1236911937, 2504.52461288, 
<------------ GEN 94--------------->
Chromsome [0]: (810.4)-7.02952448417, -29.649850732, 66525.9683978, 28.2224898162, 2366.32002497, 
Chromsome [1]: (810.4)-52.3351502104, -75.472305447, 27015.3345236, 12.5451999061, 2039.64616801, 
Chromsome [2]: (778.233333333)2.35751899749, 1.93494950338, 95329.6083613, 14.321747347, 2890.75752483, 
Chromsome [3]: (777.7)1.46452726255, -30.0918865122, 76897.342564, 22.4694357289, 2095.96188553, 
Chromsome [4]: (730.466666667)6.48759362479, 57.918222564, 86792.7859388, 10.9247470664, 714.468895506, 
<------------ GEN 95--------------->
Chromsome [0]: (835.5)-95.309450643, -11.6388259724, 38634.4320279, 6.0164542229, 2909.90868766, 
Chromsome [1]: (835.5)-7.02952448417, -29.649850732, 66525.9683978, 28.2224898162, 2366.32002497, 
Chromsome [2]: (803.433333333)2.35751899749, 1.93494950338, 95329.6083613, 8.75462747665, 2890.75752483, 
Chromsome [3]: (802.9)1.46452726255, 81.823516806, 51731.3556597, 4.40628189391, 2095.96188553, 
Chromsome [4]: (752.766666667)6.48759362479, -75.6446850751, 86792.7859388, 10.9247470664, 714.468895506, 
<------------ GEN 96--------------->
Chromsome [0]: (849.433333333)-95.309450643, -11.6388259724, 38634.4320279, 6.0164542229, 2909.90868766, 
Chromsome [1]: (816.233333333)0.747137049853, -34.5204833276, 146564.887492, 8.99850514201, 1545.21222122, 
Chromsome [2]: (815.9)1.46452726255, 81.823516806, 51731.3556597, 4.40628189391, 2095.96188553, 
Chromsome [3]: (754.4)7.03304085629, 28.7834898066, 94863.2490416, 9.39364002869, 1167.45864833, 
Chromsome [4]: (754.066666667)7.22952448417, -20.8363896012, 10688.5393767, 12.0684511762, 2366.32002497, 
<------------ GEN 97--------------->
Chromsome [0]: (812.8)-95.309450643, -11.6388259724, 38634.4320279, 6.0164542229, 2909.90868766, 
Chromsome [1]: (786.533333333)0.747137049853, -34.5204833276, 146564.887492, 8.99850514201, 1545.21222122, 
Chromsome [2]: (759.433333333)6.48759362479, -69.3792489411, 27015.3345236, 1.27711963191, 1490.34491281, 
Chromsome [3]: (754.633333333)7.03304085629, 28.7834898066, 86792.7859388, 10.9247470664, 714.468895506, 
Chromsome [4]: (754.233333333)7.22952448417, -29.649850732, 66525.9683978, 10.9843552134, 583.892205446, 
<------------ GEN 98--------------->
Chromsome [0]: (814.2)-95.309450643, -11.6388259724, 38634.4320279, 6.0164542229, 2909.90868766, 
Chromsome [1]: (798.766666667)0.747137049853, -65.7981750728, -49581.1507638, 27.9178333949, 2039.64616801, 
Chromsome [2]: (790.833333333)0.747137049853, -34.5204833276, 146564.887492, 8.99850514201, 1545.21222122, 
Chromsome [3]: (779.966666667)6.48759362479, 6.88301806587, -176173.970745, 23.7866508003, 2569.45787923, 
Chromsome [4]: (772.733333333)7.03304085629, 28.7834898066, 86792.7859388, 9.8987562413, 670.224492478, 
<------------ GEN 99--------------->
Chromsome [0]: (819.8)-43.1178195423, 2.71216879684, 81298.4000439, 7.01545739357, 2779.72715564, 
Chromsome [1]: (819.8)-95.309450643, -11.6388259724, 38634.4320279, 6.0164542229, 2909.90868766, 
Chromsome [2]: (786.633333333)0.747137049853, -65.7981750728, 195065.258056, 27.9178333949, 2039.64616801, 
Chromsome [3]: (786.633333333)0.747137049853, -34.5204833276, 146564.887492, 10.3296954237, 5441.23435827, 
Chromsome [4]: (779.366666667)7.22952448417, -29.649850732, -14016.4254922, 10.9843552134, 2039.64616801, 
<------------ GEN 100--------------->
Chromsome [0]: (811.033333333)-126.059015039, -51.2220704116, 178949.9681, 9.39364002869, 1167.45864833, 
Chromsome [1]: (811.033333333)-43.1178195423, 2.71216879684, 81298.4000439, 7.01545739357, 2779.72715564, 
Chromsome [2]: (765.766666667)0.747137049853, -65.7981750728, 164934.741944, 27.9178333949, 2039.64616801, 
Chromsome [3]: (749.266666667)7.22952448417, -29.649850732, 14016.4254922, 10.9843552134, 2039.64616801, 
Chromsome [4]: (746.966666667)7.03304085629, 45.8589421024, 43767.6563912, 17.5409187994, 902.494316826, 
