<------------ GEN 1--------------->
Chromsome [0]: (795.066666667)1.81071431594, 2.14572901204, 107750.734675, 22.975516109, 1800.54925435, 
Chromsome [1]: (795.066666667)0.559365693672, -60.7489034624, 167283.070159, 4.98593861433, 2794.37687238, 
Chromsome [2]: (775.666666667)5.89920433283, -80.2998307367, 165462.918303, 23.3005822665, 2389.08366968, 
Chromsome [3]: (772.766666667)3.2770334615, -40.1130145009, 147710.034768, 13.0032821364, 2694.21552844, 
Chromsome [4]: (764.466666667)7.48967828525, 40.1602321681, 66321.7093954, 28.1332168641, 538.702815624, 
<------------ GEN 2--------------->
Chromsome [0]: (818.166666667)0.559365693672, -60.7489034624, 167283.070159, 4.98593861433, 2794.37687238, 
Chromsome [1]: (811.766666667)1.81071431594, 2.14572901204, 107750.734675, 22.975516109, 1800.54925435, 
Chromsome [2]: (797.066666667)3.2770334615, 5.55722624544, 25348.0484454, 8.21902711019, 2932.08024702, 
Chromsome [3]: (784.533333333)3.2770334615, -40.1130145009, 147710.034768, 23.3005822665, 1893.96855825, 
Chromsome [4]: (776.466666667)5.89920433283, -80.2998307367, 165462.918303, 13.0032821364, 2694.21552844, 
<------------ GEN 3--------------->
Chromsome [0]: (814.366666667)-19.7619639235, 69.4487465277, 226409.144792, 6.36575871091, 744.291617685, 
Chromsome [1]: (814.366666667)-1.4722154365, 40.1602321681, 66321.7093954, 1.02769479664, 1272.81487433, 
Chromsome [2]: (811.433333333)0.559365693672, -60.7489034624, 167283.070159, 4.98593861433, 2794.37687238, 
Chromsome [3]: (799.166666667)1.81071431594, 2.14572901204, 131625.190374, 22.975516109, 1893.96855825, 
Chromsome [4]: (790.266666667)1.81071431594, -73.1361796832, 107750.734675, 22.975516109, 1800.54925435, 
<------------ GEN 4--------------->
Chromsome [0]: (810.333333333)-39.5689736646, 15.4162905358, 17093.0047322, 15.8603413128, 1569.08227215, 
Chromsome [1]: (810.333333333)-19.7619639235, 69.4487465277, 226409.144792, 6.36575871091, 744.291617685, 
Chromsome [2]: (797.433333333)0.559365693672, -60.7489034624, 167283.070159, 4.98593861433, 1160.45975846, 
Chromsome [3]: (785.266666667)1.81071431594, 2.14572901204, 131625.190374, 22.975516109, 1893.96855825, 
Chromsome [4]: (780.9)1.6722154365, 40.1602321681, 66321.7093954, 6.36575871091, 744.291617685, 
<------------ GEN 5--------------->
Chromsome [0]: (806.2)-39.5689736646, 15.4162905358, 17093.0047322, 15.8603413128, 1569.08227215, 
Chromsome [1]: (785.466666667)0.559365693672, -17.0981859618, 66321.7093954, 6.36575871091, 744.291617685, 
Chromsome [2]: (776.533333333)1.6722154365, -16.6652245463, 167283.070159, 4.98593861433, 1270.5248473, 
Chromsome [3]: (776.4)1.60849476563, 21.5975134594, 125692.660891, 1.31994773212, 1712.35693123, 
Chromsome [4]: (776.366666667)1.81071431594, -25.9239632575, 115570.062288, 3.047615617, 1990.51979356, 
<------------ GEN 6--------------->
Chromsome [0]: (790.0)-58.7596184617, -6.8676303552, 6379.50649846, 10.3903099773, 1017.20228353, 
Chromsome [1]: (790.0)-39.0291749079, 15.4162905358, 17093.0047322, 15.8603413128, 2959.55128068, 
Chromsome [2]: (790.0)-39.5689736646, 15.4162905358, 17093.0047322, 15.8603413128, 1569.08227215, 
Chromsome [3]: (761.966666667)0.559365693672, 69.4487465277, 133590.855208, 24.0214715144, 1952.1362918, 
Chromsome [4]: (744.0)1.6722154365, -16.6652245463, 167283.070159, 4.98593861433, 1569.08227215, 
<------------ GEN 7--------------->
Chromsome [0]: (807.533333333)-58.7596184617, -6.8676303552, 6379.50649846, 10.3903099773, 1017.20228353, 
Chromsome [1]: (780.966666667)0.559365693672, 69.4487465277, 133590.855208, 24.0214715144, 1952.1362918, 
Chromsome [2]: (780.966666667)0.559365693672, 69.4487465277, 174501.274121, 18.4700732626, 2246.47736291, 
Chromsome [3]: (777.266666667)1.60849476563, 15.4162905358, 17093.0047322, 1.04655975492, 2548.80988076, 
Chromsome [4]: (757.066666667)1.6722154365, -25.9239632575, 115570.062288, 50.8617085414, 2257.0346105, 
<------------ GEN 8--------------->
Chromsome [0]: (813.866666667)-33.1916636706, 26.0559393215, 57591.0319528, 4.60096957801, 2388.63592459, 
Chromsome [1]: (813.866666667)-58.7596184617, -6.8676303552, 6379.50649846, 10.3903099773, 1017.20228353, 
Chromsome [2]: (797.866666667)0.559365693672, 69.4487465277, 133590.855208, 14.2772052933, 2257.0346105, 
Chromsome [3]: (797.866666667)0.559365693672, 69.4487465277, 174501.274121, 18.4700732626, 2246.47736291, 
Chromsome [4]: (797.866666667)0.559365693672, 69.4487465277, 164069.371532, 11.5233458611, 2144.51881994, 
<------------ GEN 9--------------->
Chromsome [0]: (839.5)-33.1916636706, 26.0559393215, 57591.0319528, 4.60096957801, 2388.63592459, 
Chromsome [1]: (817.8)1.60849476563, 15.4162905358, -24412.9861814, 15.8603413128, 1746.95385787, 
Chromsome [2]: (812.333333333)0.559365693672, 69.4487465277, 90396.8300282, 4.98593861433, 1688.59756913, 
Chromsome [3]: (812.333333333)0.559365693672, 69.4487465277, 59107.1398588, 18.5171419317, 1744.14126632, 
Chromsome [4]: (812.333333333)0.559365693672, 69.4487465277, 133590.855208, 14.2772052933, 2257.0346105, 
<------------ GEN 10--------------->
Chromsome [0]: (831.4)-33.1916636706, 26.0559393215, 57591.0319528, 4.60096957801, 2388.63592459, 
Chromsome [1]: (815.1)0.24637962122, -25.9239632575, 54513.7863809, 2.11178593839, 2257.0346105, 
Chromsome [2]: (794.666666667)3.2770334615, -86.1384833858, 77236.4083696, 23.5619720375, 1744.14126632, 
Chromsome [3]: (790.733333333)0.559365693672, 69.4487465277, 90396.8300282, 4.98593861433, 2364.31905911, 
Chromsome [4]: (790.733333333)0.559365693672, 69.4487465277, 129789.085309, 14.2772052933, 1952.1362918, 
<------------ GEN 11--------------->
Chromsome [0]: (826.333333333)-33.1916636706, 26.0559393215, 57591.0319528, 4.60096957801, 2388.63592459, 
Chromsome [1]: (810.033333333)0.24637962122, -25.9239632575, 54513.7863809, 24.4264957122, 2302.79575459, 
Chromsome [2]: (790.133333333)0.83883083346, 69.4487465277, 59107.1398588, 20.5006752127, 1744.14126632, 
Chromsome [3]: (789.866666667)0.559365693672, 69.4487465277, 129789.085309, 23.5619720375, 2290.61723555, 
Chromsome [4]: (789.866666667)0.559365693672, 69.4487465277, 90396.8300282, 4.98593861433, 2364.31905911, 
<------------ GEN 12--------------->
Chromsome [0]: (832.633333333)-64.66717208, 69.4487465277, 124715.184963, 7.81377758234, 2257.0346105, 
Chromsome [1]: (832.633333333)-33.1916636706, 26.0559393215, 57591.0319528, 4.60096957801, 2388.63592459, 
Chromsome [2]: (819.233333333)0.24637962122, -25.9239632575, 37065.9286187, 24.4264957122, 2302.79575459, 
Chromsome [3]: (819.233333333)0.24637962122, -25.9239632575, 54513.7863809, 24.4264957122, 2302.79575459, 
Chromsome [4]: (792.166666667)4.0001004138, -86.1384833858, 77236.4083696, 23.5619720375, 2329.61293572, 
<------------ GEN 13--------------->
Chromsome [0]: (831.2)-64.66717208, 69.4487465277, 124715.184963, 7.81377758234, 2257.0346105, 
Chromsome [1]: (828.3)0.24637962122, -25.9239632575, 54513.7863809, 8.41180586382, 2302.79575459, 
Chromsome [2]: (828.3)0.24637962122, 70.6927029632, 138450.960556, 24.4264957122, 1688.59756913, 
Chromsome [3]: (809.4)0.559365693672, 69.4487465277, 169797.368784, 4.17525514026, 1558.02787766, 
Chromsome [4]: (808.733333333)0.559365693672, 26.0559393215, 3071.44115687, 15.2355946318, 2662.04822407, 
<------------ GEN 14--------------->
Chromsome [0]: (811.4)-64.66717208, 69.4487465277, 124715.184963, 7.81377758234, 2257.0346105, 
Chromsome [1]: (792.2)0.24637962122, -25.9239632575, 54513.7863809, 8.41180586382, 2302.79575459, 
Chromsome [2]: (792.2)0.24637962122, 70.6927029632, 138450.960556, -0.112783417712, 1688.59756913, 
Chromsome [3]: (792.2)0.24637962122, 70.6927029632, 26777.3435246, 24.4264957122, 1688.59756913, 
Chromsome [4]: (784.6)4.0001004138, 89.273776995, 144072.341367, 4.98593861433, 1248.60748567, 
<------------ GEN 15--------------->
Chromsome [0]: (842.7)-71.1860353284, 6.15620304027, 115516.835816, 15.8291574594, 2322.41531221, 
Chromsome [1]: (842.7)-64.66717208, 69.4487465277, 124715.184963, 7.81377758234, 2257.0346105, 
Chromsome [2]: (839.8)0.24637962122, 70.6927029632, 138450.960556, 0.112783417712, 2257.0346105, 
Chromsome [3]: (830.9)4.0001004138, -68.6028136171, 3177.4872088, 6.09739199725, 2973.04715256, 
Chromsome [4]: (830.9)3.92147153071, -101.775773416, 176460.211227, 27.4112603166, 1558.02787766, 
<------------ GEN 16--------------->
Chromsome [0]: (846.3)-13.0758904509, 22.1255798669, 160498.356784, 5.26118059607, 2662.04822407, 
Chromsome [1]: (846.3)-205.248047957, -54.0680544105, 166551.547702, 4.98593861433, 2143.86854718, 
Chromsome [2]: (846.3)-71.1860353284, 6.15620304027, 115516.835816, 15.8291574594, 2322.41531221, 
Chromsome [3]: (832.9)0.24637962122, 70.6927029632, 138450.960556, 0.112783417712, 2257.0346105, 
Chromsome [4]: (823.166666667)4.0001004138, 280.791053391, 3177.4872088, 6.09739199725, 2302.79575459, 
<------------ GEN 17--------------->
Chromsome [0]: (819.7)-13.0758904509, 22.1255798669, 160498.356784, 5.26118059607, 2662.04822407, 
Chromsome [1]: (816.8)0.24637962122, 70.6927029632, 147985.782346, 1.93738179573, 2746.37151582, 
Chromsome [2]: (798.166666667)0.559365693672, 37.5999170971, 173228.775577, 5.8497636952, 1997.39700358, 
Chromsome [3]: (797.4)0.559365693672, 49.0634506694, 36044.4544881, 12.6459443578, 1176.76150208, 
Chromsome [4]: (797.4)0.559365693672, 49.0634506694, 36044.4544881, 12.6459443578, 1176.76150208, 
<------------ GEN 18--------------->
Chromsome [0]: (820.766666667)-5.44804795707, -6.30474044817, 115516.835816, 1.07433262237, 2322.41531221, 
Chromsome [1]: (820.766666667)-13.0758904509, 22.1255798669, 160498.356784, 5.26118059607, 2662.04822407, 
Chromsome [2]: (819.533333333)0.559365693672, 89.273776995, 14404.4955047, 0.632964708329, 2302.79575459, 
Chromsome [3]: (814.966666667)0.24637962122, 70.6927029632, 61860.7522795, 3.98306673865, 2742.66754132, 
Chromsome [4]: (814.966666667)0.24637962122, 70.6927029632, 147985.782346, 1.93738179573, 2140.62205062, 
<------------ GEN 19--------------->
Chromsome [0]: (803.6)-5.44804795707, -6.30474044817, 115516.835816, 1.07433262237, 2322.41531221, 
Chromsome [1]: (802.266666667)0.559365693672, 89.273776995, 14404.4955047, 0.632964708329, 2302.79575459, 
Chromsome [2]: (790.2)0.24637962122, 70.6927029632, 131164.372566, 3.88801872884, 2140.62205062, 
Chromsome [3]: (790.2)0.24637962122, 24.9798646533, 61860.7522795, 3.98306673865, 2742.66754132, 
Chromsome [4]: (789.7)0.559365693672, 168.153600904, 144072.341367, 7.81377758234, 1136.26218368, 
<------------ GEN 20--------------->
Chromsome [0]: (799.233333333)-50.3882657592, -47.1084160752, 165864.055, 4.60096957801, 1668.45761086, 
Chromsome [1]: (799.233333333)-5.44804795707, -6.30474044817, 115516.835816, 1.07433262237, 2322.41531221, 
Chromsome [2]: (794.366666667)0.559365693672, 89.273776995, 14404.4955047, 0.632964708329, 2302.79575459, 
Chromsome [3]: (775.333333333)0.24637962122, 24.9798646533, 61860.7522795, 3.98306673865, 2742.66754132, 
Chromsome [4]: (775.333333333)0.24637962122, 26.0559393215, 67449.3420768, 6.09739199725, 2302.79575459, 
<------------ GEN 21--------------->
Chromsome [0]: (819.266666667)-100.394761646, -77.5104843196, 144977.845149, 26.2050253065, 1513.26021188, 
Chromsome [1]: (819.266666667)-50.3882657592, -47.1084160752, 165864.055, 4.60096957801, 1668.45761086, 
Chromsome [2]: (805.866666667)0.24637962122, 26.0559393215, 4088.71337372, 7.7917340789, 668.87455475, 
Chromsome [3]: (805.866666667)0.24637962122, 38.8657563858, 176460.211227, 27.4112603166, 2172.75845938, 
Chromsome [4]: (805.866666667)0.24637962122, 24.9798646533, 61860.7522795, 3.98306673865, 2742.66754132, 
<------------ GEN 22--------------->
Chromsome [0]: (784.6)-100.394761646, -77.5104843196, 144977.845149, 26.2050253065, 1513.26021188, 
Chromsome [1]: (758.933333333)0.24637962122, 24.9798646533, 61860.7522795, 3.98306673865, 567.696679005, 
Chromsome [2]: (758.866666667)0.24637962122, 26.0559393215, 4088.71337372, 7.7917340789, 668.87455475, 
Chromsome [3]: (756.033333333)0.24637962122, -36.5999619191, 176460.211227, 27.4112603166, 2172.75845938, 
Chromsome [4]: (755.733333333)0.24637962122, 38.8657563858, 176460.211227, 27.4112603166, 2172.75845938, 
<------------ GEN 23--------------->
Chromsome [0]: (827.766666667)-100.394761646, -77.5104843196, 144977.845149, 26.2050253065, 1513.26021188, 
Chromsome [1]: (824.866666667)0.24637962122, 38.8657563858, 176460.211227, 27.4112603166, 1627.23234206, 
Chromsome [2]: (824.866666667)0.24637962122, -36.5999619191, 146126.741092, 10.6468101585, 2893.59176887, 
Chromsome [3]: (824.866666667)0.24637962122, 26.0559393215, 123524.614606, 6.09739199725, 2302.79575459, 
Chromsome [4]: (817.9)0.559365693672, 38.9124703108, 91348.1636637, 25.7434574059, 1064.64477933, 
<------------ GEN 24--------------->
Chromsome [0]: (815.533333333)-100.394761646, -77.5104843196, 144977.845149, 26.2050253065, 1513.26021188, 
Chromsome [1]: (809.8)0.559365693672, -2.79333352968, 68306.9490734, 2.77473877763, 1463.43265607, 
Chromsome [2]: (809.8)0.559365693672, -2.79333352968, 68306.9490734, 12.7660958312, 2302.79575459, 
Chromsome [3]: (809.733333333)0.24637962122, -36.5999619191, 146126.741092, 10.6468101585, 2893.59176887, 
Chromsome [4]: (809.733333333)0.559365693672, -69.5808132697, 4088.71337372, 5.51144012232, 668.87455475, 
<------------ GEN 25--------------->
Chromsome [0]: (821.233333333)-50.9436644332, 38.8657563858, 57340.0597124, 27.4112603166, 2865.12633188, 
Chromsome [1]: (821.233333333)-100.394761646, -77.5104843196, 144977.845149, 26.2050253065, 1513.26021188, 
Chromsome [2]: (815.433333333)0.24637962122, 38.8657563858, 176460.211227, 27.4112603166, 1668.45761086, 
Chromsome [3]: (815.433333333)0.24637962122, -36.5999619191, 105562.234162, 10.6468101585, 2893.59176887, 
Chromsome [4]: (815.433333333)0.24637962122, 26.0559393215, 68306.9490734, 7.22793589025, 1463.43265607, 
<------------ GEN 26--------------->
Chromsome [0]: (816.6)-50.9436644332, 38.8657563858, 57340.0597124, 27.4112603166, 2865.12633188, 
Chromsome [1]: (800.3)0.24637962122, 26.0559393215, 68306.9490734, 7.22793589025, 2113.28416756, 
Chromsome [2]: (800.3)0.24637962122, 78.705774219, 67954.7702728, 21.9080726051, 2302.79575459, 
Chromsome [3]: (800.3)0.24637962122, -26.1210679547, 143161.892124, 24.7156209605, 2776.69977222, 
Chromsome [4]: (800.166666667)0.559365693672, 38.9124703108, 91348.1636637, 15.1346420644, 2265.1700465, 
<------------ GEN 27--------------->
Chromsome [0]: (840.633333333)-50.9436644332, 38.8657563858, 57340.0597124, 27.4112603166, 2865.12633188, 
Chromsome [1]: (827.233333333)0.24637962122, -60.8579989799, 160498.356784, 1.97301538113, 2392.58161539, 
Chromsome [2]: (827.233333333)0.24637962122, 48.8056765372, 43901.987894, 21.9080726051, 2302.79575459, 
Chromsome [3]: (827.166666667)0.559365693672, -26.1210679547, 143161.892124, 24.7156209605, 2776.69977222, 
Chromsome [4]: (827.166666667)0.559365693672, -53.9659864685, 176460.211227, 12.7660958312, 2302.79575459, 
<------------ GEN 28--------------->
Chromsome [0]: (817.2)-50.9436644332, 38.8657563858, 57340.0597124, 27.4112603166, 2865.12633188, 
Chromsome [1]: (803.8)0.24637962122, 48.8056765372, 43901.987894, 21.9080726051, 2302.79575459, 
Chromsome [2]: (803.733333333)0.559365693672, -26.1210679547, 143161.892124, 24.7156209605, 2865.12633188, 
Chromsome [3]: (803.733333333)0.559365693672, 42.6279464755, 163899.016739, 21.1066639893, 597.813182756, 
Chromsome [4]: (803.733333333)0.559365693672, 70.8188865383, 121659.043596, 11.000528896, 2113.28416756, 
<------------ GEN 29--------------->
Chromsome [0]: (826.5)-50.9436644332, 38.8657563858, 57340.0597124, 27.4112603166, 2865.12633188, 
Chromsome [1]: (800.3)0.24637962122, -100.798790514, 43901.987894, 21.9080726051, 2511.54643155, 
Chromsome [2]: (800.2)0.559365693672, 97.5130824004, 163358.148012, 27.4112603166, 1946.72863449, 
Chromsome [3]: (792.333333333)0.559365693672, -26.1210679547, 156731.761615, 7.22793589025, 1463.43265607, 
Chromsome [4]: (792.333333333)0.559365693672, 38.9124703108, 91348.1636637, 3.61367138347, 876.740975102, 
<------------ GEN 30--------------->
Chromsome [0]: (808.666666667)-50.9436644332, 38.8657563858, 57340.0597124, 27.4112603166, 2865.12633188, 
Chromsome [1]: (793.9)0.559365693672, 38.9124703108, -54334.1146612, 3.61367138347, 1696.89478871, 
Chromsome [2]: (789.866666667)0.24637962122, -79.2012094864, 177917.230197, 1.97301538113, 2172.75845938, 
Chromsome [3]: (789.733333333)0.559365693672, -53.9659864685, 111098.041491, 21.1066639893, 312.724055906, 
Chromsome [4]: (789.733333333)0.559365693672, 42.6279464755, 70700.4739216, 21.8624065638, 2302.79575459, 
<------------ GEN 31--------------->
Chromsome [0]: (829.966666667)-50.9436644332, 38.8657563858, 57340.0597124, 27.4112603166, 2865.12633188, 
Chromsome [1]: (806.966666667)0.24637962122, -79.2012094864, 68202.855707, 1.97301538113, 2172.75845938, 
Chromsome [2]: (806.9)0.559365693672, -13.7950439735, 143161.892124, 10.9418371187, 1144.51943123, 
Chromsome [3]: (806.9)0.559365693672, 11.8239551446, 163899.016739, 21.1066639893, 597.813182756, 
Chromsome [4]: (806.833333333)0.559365693672, 66.2668001597, 54334.1146612, 3.61367138347, 2865.12633188, 
<------------ GEN 32--------------->
Chromsome [0]: (829.0)-50.9436644332, 38.8657563858, 57340.0597124, 27.4112603166, 2865.12633188, 
Chromsome [1]: (820.366666667)0.24637962122, -20.7324296111, -117870.67429, 3.61367138347, 2865.12633188, 
Chromsome [2]: (816.433333333)0.559365693672, -28.3031925499, 170131.297501, 27.4112603166, 2865.12633188, 
Chromsome [3]: (816.433333333)0.559365693672, 66.2668001597, 68202.855707, 1.97301538113, 2172.75845938, 
Chromsome [4]: (816.433333333)0.559365693672, 18.5221249891, 170131.297501, 21.2493804508, 2904.8787189, 
<------------ GEN 33--------------->
Chromsome [0]: (822.466666667)-50.9436644332, 38.8657563858, 57340.0597124, 27.4112603166, 2865.12633188, 
Chromsome [1]: (784.133333333)0.24637962122, -66.0768178856, 176910.743885, 7.19896354831, 876.740975102, 
Chromsome [2]: (784.066666667)0.559365693672, -9.1775571561, 163899.016739, 21.1066639893, 597.813182756, 
Chromsome [3]: (783.9)0.559365693672, 18.2985816098, 170131.297501, 26.270626818, 2520.81863317, 
Chromsome [4]: (783.9)0.559365693672, 34.3193574996, 68306.9490734, 28.7578781525, 2113.28416756, 
<------------ GEN 34--------------->
Chromsome [0]: (832.966666667)-50.9436644332, 38.8657563858, 57340.0597124, 27.4112603166, 2865.12633188, 
Chromsome [1]: (801.533333333)0.24637962122, -2.86109472292, 176910.743885, 7.19896354831, 876.740975102, 
Chromsome [2]: (801.4)0.559365693672, -9.1775571561, 163899.016739, 21.1066639893, 597.813182756, 
Chromsome [3]: (801.266666667)0.559365693672, -80.2826981932, 175536.684481, 22.4142788246, 1352.88511373, 
Chromsome [4]: (801.266666667)0.559365693672, 66.2668001597, 176903.839286, 0.648520063553, 2850.37128903, 
<------------ GEN 35--------------->
Chromsome [0]: (822.333333333)-50.9436644332, 38.8657563858, 57340.0597124, 27.4112603166, 2865.12633188, 
Chromsome [1]: (779.3)0.24637962122, 59.9324542493, 16910.8257858, 7.19896354831, 876.740975102, 
Chromsome [2]: (779.166666667)0.559365693672, -9.1775571561, 172584.454978, 21.1066639893, 597.813182756, 
Chromsome [3]: (779.066666667)0.559365693672, -27.3322943533, 57340.0597124, 6.83553918434, 738.697470766, 
Chromsome [4]: (779.066666667)0.559365693672, -20.800972614, 176903.839286, 0.648520063553, 2948.9541611, 
<------------ GEN 36--------------->
Chromsome [0]: (821.5)-50.9436644332, 38.8657563858, 57340.0597124, 27.4112603166, 2865.12633188, 
Chromsome [1]: (800.1)0.559365693672, -126.047558341, 172584.454978, 5.33427572461, 597.813182756, 
Chromsome [2]: (798.5)0.24637962122, 59.9324542493, 16910.8257858, 7.19896354831, 876.740975102, 
Chromsome [3]: (798.5)0.559365693672, 66.2668001597, 2937.9008676, 23.2795339017, 872.035344585, 
Chromsome [4]: (798.4)0.559365693672, -80.2826981932, 63013.6711625, 22.4142788246, 1352.88511373, 
<------------ GEN 37--------------->
Chromsome [0]: (803.366666667)-50.9436644332, 38.8657563858, 57340.0597124, 27.4112603166, 2865.12633188, 
Chromsome [1]: (766.833333333)0.24637962122, 61.2806686554, 16910.8257858, 7.19896354831, 876.740975102, 
Chromsome [2]: (764.4)0.559365693672, 213.008055846, 57340.0597124, 27.4112603166, 2520.81863317, 
Chromsome [3]: (761.733333333)0.559365693672, -85.992184343, 6384.9956173, 33.5097799207, 944.653985229, 
Chromsome [4]: (761.733333333)0.559365693672, -58.084279498, 98600.4497788, 10.0784892628, 573.317807612, 
<------------ GEN 38--------------->
Chromsome [0]: (801.433333333)-22.2645013824, -69.9776227555, 9253.88998166, 21.2493804508, 2904.8787189, 
Chromsome [1]: (801.433333333)-50.9436644332, 38.8657563858, 57340.0597124, 27.4112603166, 2865.12633188, 
Chromsome [2]: (753.4)0.24637962122, 2.94364823581, 49311.1909252, 20.8178524271, 876.740975102, 
Chromsome [3]: (748.733333333)0.559365693672, -58.084279498, 98600.4497788, 10.0784892628, 573.317807612, 
Chromsome [4]: (748.733333333)0.559365693672, 38.8657563858, 176562.351513, 27.4112603166, 2865.12633188, 
<------------ GEN 39--------------->
Chromsome [0]: (808.6)-22.2645013824, -69.9776227555, 9253.88998166, 21.2493804508, 2904.8787189, 
Chromsome [1]: (773.833333333)0.24637962122, 59.9324542493, -55299.7778314, 15.5141464441, 2429.63050272, 
Chromsome [2]: (768.033333333)5.81657803394, 30.2518198506, 158812.494843, 27.4112603166, 1579.68607397, 
Chromsome [3]: (766.633333333)6.60682828636, -53.9524416588, 172584.454978, 11.2954613745, 1244.51746995, 
Chromsome [4]: (753.933333333)0.559365693672, -27.3322943533, 41042.0871016, 11.1683388002, 1620.41547936, 
<------------ GEN 40--------------->
Chromsome [0]: (832.433333333)-22.2645013824, -69.9776227555, 9253.88998166, 21.2493804508, 2904.8787189, 
Chromsome [1]: (790.233333333)0.559365693672, -27.3322943533, 41042.0871016, 11.1683388002, 1620.41547936, 
Chromsome [2]: (790.233333333)0.559365693672, 32.0342456342, 145200.691706, 10.6273165323, 1568.45637739, 
Chromsome [3]: (786.766666667)5.81657803394, 30.2518198506, 158812.494843, 7.55408606852, 2113.28416756, 
Chromsome [4]: (785.366666667)6.60682828636, -53.9524416588, 172584.454978, 11.2954613745, 1244.51746995, 
<------------ GEN 41--------------->
Chromsome [0]: (794.1)-22.2645013824, -69.9776227555, 9253.88998166, 21.2493804508, 2904.8787189, 
Chromsome [1]: (740.933333333)5.81657803394, 30.2518198506, 158812.494843, 7.55408606852, 2113.28416756, 
Chromsome [2]: (738.933333333)6.60682828636, 49.0739669369, 39344.0529469, 39.258443267, 2516.92275889, 
Chromsome [3]: (738.633333333)6.60682828636, -53.9524416588, 172584.454978, 11.2954613745, 1244.51746995, 
Chromsome [4]: (720.566666667)0.559365693672, 16.280328342, 57340.0597124, 19.3636922485, 1165.49881242, 
<------------ GEN 42--------------->
Chromsome [0]: (820.866666667)-55.4139788342, -71.721057407, 9253.88998166, -26.1538944554, 823.773322244, 
Chromsome [1]: (820.866666667)-22.2645013824, -69.9776227555, 9253.88998166, 21.2493804508, 2904.8787189, 
Chromsome [2]: (765.266666667)5.81657803394, -76.0969044757, 96531.7373848, 16.7785603889, 573.317807612, 
Chromsome [3]: (763.933333333)6.60682828636, 49.0739669369, 39344.0529469, 10.0784892628, 1612.29479777, 
Chromsome [4]: (763.6)6.60682828636, -53.9524416588, 172584.454978, 11.2954613745, 1244.51746995, 
<------------ GEN 43--------------->
Chromsome [0]: (803.066666667)-85.1558291847, -82.6276277668, 138102.97086, 2.01454171372, 738.697470766, 
Chromsome [1]: (803.066666667)-24.7865017508, 59.9324542493, 155131.562917, 23.1168927427, 573.317807612, 
Chromsome [2]: (803.066666667)-55.4139788342, -71.721057407, 9253.88998166, -26.1538944554, 823.773322244, 
Chromsome [3]: (732.5)5.81657803394, -76.0969044757, 71524.5615816, 16.7785603889, 573.317807612, 
Chromsome [4]: (730.766666667)6.60682828636, 49.0739669369, 39344.0529469, 10.0784892628, 1612.29479777, 
<------------ GEN 44--------------->
Chromsome [0]: (795.4)-35.4304536821, -27.3322943533, 121406.221226, 24.6973196881, 738.697470766, 
Chromsome [1]: (795.4)-85.1558291847, -82.6276277668, 138102.97086, 2.01454171372, 738.697470766, 
Chromsome [2]: (698.833333333)5.81657803394, -76.0969044757, 71524.5615816, 16.7785603889, 573.317807612, 
Chromsome [3]: (696.633333333)6.60682828636, 49.0739669369, 39344.0529469, 25.3781035121, 1612.29479777, 
Chromsome [4]: (696.2)6.60682828636, -53.9524416588, 45027.9141205, 24.4093765579, 1244.51746995, 
<------------ GEN 45--------------->
Chromsome [0]: (777.466666667)-35.4304536821, -27.3322943533, 121406.221226, 24.6973196881, 738.697470766, 
Chromsome [1]: (664.266666667)5.81657803394, -76.0969044757, 71524.5615816, 16.7785603889, 573.317807612, 
Chromsome [2]: (655.933333333)6.60682828636, -69.9776227555, 9253.88998166, 1.34339366335, 738.697470766, 
Chromsome [3]: (654.4)0.559365693672, 28.9911659691, 67359.6395829, 28.3661235014, 2865.12633188, 
Chromsome [4]: (649.633333333)6.60682828636, -53.9524416588, 45027.9141205, 24.4093765579, 1244.51746995, 
<------------ GEN 46--------------->
Chromsome [0]: (774.166666667)-35.4304536821, -27.3322943533, 121406.221226, 24.6973196881, 738.697470766, 
Chromsome [1]: (644.566666667)0.559365693672, 28.9911659691, 121406.221226, 19.8923744483, 2653.14537003, 
Chromsome [2]: (641.266666667)5.81657803394, -76.0969044757, 71524.5615816, 16.7785603889, 573.317807612, 
Chromsome [3]: (634.3)6.60682828636, -69.9776227555, 9253.88998166, 1.34339366335, 823.773322244, 
Chromsome [4]: (618.833333333)6.60682828636, -53.9524416588, 45027.9141205, 24.4093765579, 444.31005344, 
<------------ GEN 47--------------->
Chromsome [0]: (782.6)-97.9215926589, 27.0695878732, 111264.304149, 9.05182562481, 573.317807612, 
Chromsome [1]: (782.6)-35.4304536821, -27.3322943533, 121406.221226, 24.6973196881, 738.697470766, 
Chromsome [2]: (687.133333333)5.81657803394, -69.3285172617, 71524.5615816, 16.7785603889, 573.317807612, 
Chromsome [3]: (686.733333333)6.60682828636, -69.9776227555, 9253.88998166, 1.34339366335, 823.773322244, 
Chromsome [4]: (676.4)0.559365693672, 52.3485171583, 513591.338354, 25.9600268563, 2106.30583671, 
<------------ GEN 48--------------->
Chromsome [0]: (791.433333333)-97.9215926589, 27.0695878732, 111264.304149, 9.05182562481, 573.317807612, 
Chromsome [1]: (727.866666667)0.559365693672, 52.3485171583, -153591.338354, 25.9600268563, 2106.30583671, 
Chromsome [2]: (715.4)5.81657803394, -69.3285172617, 71524.5615816, 22.3165465669, 1392.51213505, 
Chromsome [3]: (715.4)5.81657803394, -69.3285172617, 47628.2593997, 21.967623406, 2865.12633188, 
Chromsome [4]: (714.466666667)6.60682828636, -27.3322943533, 121406.221226, 24.6973196881, 1627.05034219, 
<------------ GEN 49--------------->
Chromsome [0]: (781.8)-11.0705871151, -46.0614297591, 140372.756966, 28.2787994071, 2941.34945099, 
Chromsome [1]: (781.8)-97.9215926589, 27.0695878732, 111264.304149, 9.05182562481, 573.317807612, 
Chromsome [2]: (701.633333333)5.81657803394, -69.9776227555, 9253.88998166, 15.9048768104, 5521.66697905, 
Chromsome [3]: (701.633333333)5.81657803394, -69.3285172617, 47628.2593997, 21.967623406, 1979.30901764, 
Chromsome [4]: (700.633333333)6.60682828636, -27.3322943533, 121406.221226, 24.6973196881, 886.91287559, 
<------------ GEN 50--------------->
Chromsome [0]: (785.9)-11.0705871151, -46.0614297591, 140372.756966, 28.2787994071, 2941.34945099, 
Chromsome [1]: (693.433333333)5.81657803394, -69.3285172617, 47628.2593997, 15.9048768104, 478.333020954, 
Chromsome [2]: (692.366666667)5.81657803394, -69.9776227555, 68598.0559325, 21.967623406, 676.864932907, 
Chromsome [3]: (690.666666667)6.60682828636, 27.0695878732, 111264.304149, 9.05182562481, 573.317807612, 
Chromsome [4]: (689.5)0.559365693672, 52.3485171583, 28063.521557, 13.569419402, 2409.82163087, 
<------------ GEN 51--------------->
Chromsome [0]: (785.866666667)-14.1766815555, -32.913365345, 121406.221226, 17.8015507536, 886.91287559, 
Chromsome [1]: (785.866666667)-11.0705871151, -46.0614297591, 140372.756966, 28.2787994071, 2941.34945099, 
Chromsome [2]: (692.366666667)0.559365693672, 52.3485171583, 28063.521557, 13.569419402, 2409.82163087, 
Chromsome [3]: (683.566666667)0.559365693672, -55.3413934879, 109119.725967, 6.75168428293, 2752.93489273, 
Chromsome [4]: (683.233333333)5.81657803394, -69.3285172617, 47628.2593997, 15.9048768104, 521.666979046, 
<------------ GEN 52--------------->
Chromsome [0]: (783.566666667)-14.1766815555, -32.913365345, 121406.221226, 17.8015507536, 886.91287559, 
Chromsome [1]: (680.5)0.559365693672, -10.4987028933, 111435.763145, 6.75168428293, 823.773322244, 
Chromsome [2]: (679.033333333)5.81657803394, -69.9776227555, 31686.2731497, 3.53442070719, 2352.4002491, 
Chromsome [3]: (675.8)5.81657803394, -69.3285172617, 47628.2593997, 34.8251977133, 2892.73945053, 
Chromsome [4]: (674.066666667)5.81657803394, 48.531805839, 98902.4365555, 22.6029332121, 573.317807612, 
<------------ GEN 53--------------->
Chromsome [0]: (799.2)-14.1766815555, -32.913365345, 121406.221226, 17.8015507536, 886.91287559, 
Chromsome [1]: (705.233333333)0.559365693672, 36.7054783109, 178026.050744, 6.75168428293, 2310.47808995, 
Chromsome [2]: (704.9)0.559365693672, -32.913365345, 121406.221226, 17.8015507536, 575.595461695, 
Chromsome [3]: (704.9)0.559365693672, 45.3622018024, 119025.948896, 24.6973196881, 532.110995179, 
Chromsome [4]: (690.266666667)5.81657803394, 43.9424003398, 9253.88998166, 9.3960618893, 1036.68607034, 
<------------ GEN 54--------------->
Chromsome [0]: (804.133333333)-14.1766815555, -32.913365345, 121406.221226, 17.8015507536, 886.91287559, 
Chromsome [1]: (731.733333333)0.559365693672, -32.913365345, 121406.221226, 17.8015507536, 575.595461695, 
Chromsome [2]: (729.9)0.559365693672, 45.3622018024, 119025.948896, 24.6973196881, 532.110995179, 
Chromsome [3]: (704.566666667)5.24967577058, 48.531805839, 34235.3056598, 22.6029332121, 573.317807612, 
Chromsome [4]: (703.266666667)1.78083553825, -11.2868275982, 116946.469334, 15.2331659979, 886.91287559, 
<------------ GEN 55--------------->
Chromsome [0]: (807.866666667)-14.1766815555, -32.913365345, 121406.221226, 17.8015507536, 886.91287559, 
Chromsome [1]: (753.766666667)1.78083553825, -35.6921239354, -44491.7907151, 15.2331659979, 2635.4997215, 
Chromsome [2]: (747.166666667)0.559365693672, -32.913365345, 164609.019421, 17.8015507536, 575.595461695, 
Chromsome [3]: (742.833333333)0.559365693672, 65.575756234, 119025.948896, 24.6973196881, 532.110995179, 
Chromsome [4]: (731.566666667)1.78083553825, -15.9642573478, 76868.7098359, 17.8903974047, 2188.68479154, 
<------------ GEN 56--------------->
Chromsome [0]: (804.4)-14.1766815555, -32.913365345, 121406.221226, 17.8015507536, 886.91287559, 
Chromsome [1]: (758.466666667)0.559365693672, 32.7948792558, 164198.808307, 17.8015507536, 4083.7011114, 
Chromsome [2]: (754.8)0.559365693672, -32.913365345, 80066.6080945, 17.8015507536, 886.91287559, 
Chromsome [3]: (734.533333333)2.85567268391, -9.80255676572, 110845.999237, 28.2787994071, 2217.62748147, 
Chromsome [4]: (731.333333333)1.78083553825, 71.9379087405, 76868.7098359, 17.8903974047, 1905.78949244, 
<------------ GEN 57--------------->
Chromsome [0]: (794.933333333)-14.1766815555, -32.913365345, 121406.221226, 17.8015507536, 886.91287559, 
Chromsome [1]: (742.066666667)0.559365693672, -32.913365345, 121406.221226, 9.4106606559, 886.91287559, 
Chromsome [2]: (738.0)0.559365693672, 79.2163491404, 76868.7098359, 17.8903974047, 1905.78949244, 
Chromsome [3]: (701.6)2.85567268391, -9.80255676572, 110845.999237, 28.2787994071, -330.655173381, 
Chromsome [4]: (700.5)1.78083553825, 70.9348820426, 110845.999237, 28.2787994071, 2217.62748147, 
<------------ GEN 58--------------->
Chromsome [0]: (812.933333333)-14.1766815555, -32.913365345, 121406.221226, 17.8015507536, 886.91287559, 
Chromsome [1]: (763.233333333)0.559365693672, -13.3046336337, 121406.221226, 9.4106606559, 886.91287559, 
Chromsome [2]: (763.233333333)0.559365693672, 13.0953705795, 76868.7098359, 17.8903974047, 1020.31839429, 
Chromsome [3]: (740.2)1.78083553825, -52.5845400332, 11696.5415766, 28.2787994071, 2871.34329601, 
Chromsome [4]: (727.433333333)7.10988275512, -51.3740102913, 121406.221226, 17.8015507536, 4169.06667076, 
<------------ GEN 59--------------->
Chromsome [0]: (802.2)-14.1766815555, -32.913365345, 121406.221226, 17.8015507536, 886.91287559, 
Chromsome [1]: (755.1)0.559365693672, 201.973045052, 121406.221226, 9.4106606559, 2391.31707281, 
Chromsome [2]: (741.933333333)0.559365693672, -13.3046336337, 121406.221226, 9.4106606559, 886.91287559, 
Chromsome [3]: (741.933333333)0.559365693672, 13.0953705795, 76868.7098359, 10.1419362837, 1020.31839429, 
Chromsome [4]: (717.766666667)1.78083553825, -52.5845400332, 57824.1907903, 22.6029332121, 2892.73945053, 
<------------ GEN 60--------------->
Chromsome [0]: (809.7)-14.1766815555, -32.913365345, 121406.221226, 17.8015507536, 886.91287559, 
Chromsome [1]: (761.033333333)0.559365693672, 13.0953705795, 76868.7098359, 10.1419362837, 1020.31839429, 
Chromsome [2]: (760.833333333)0.559365693672, -21.9730450515, 121406.221226, 9.4106606559, 2892.73945053, 
Chromsome [3]: (760.833333333)0.559365693672, -45.1073872129, 121406.221226, 9.4106606559, 532.110995179, 
Chromsome [4]: (731.366666667)1.78083553825, -52.5845400332, 57824.1907903, 22.6029332121, 922.537906697, 
<------------ GEN 61--------------->
Chromsome [0]: (810.566666667)-11.8922159572, 13.0953705795, -177621.200484, 1.38490769976, 886.91287559, 
Chromsome [1]: (810.566666667)-14.1766815555, -32.913365345, 121406.221226, 17.8015507536, 886.91287559, 
Chromsome [2]: (756.966666667)0.559365693672, 1.16501792316, 134647.879862, 39.7394347213, 532.110995179, 
Chromsome [3]: (756.6)0.559365693672, -45.1073872129, 121406.221226, 22.6029332121, 922.537906697, 
Chromsome [4]: (756.6)0.559365693672, -21.9730450515, 100193.233878, 50.3667090598, 2044.82772654, 
<------------ GEN 62--------------->
Chromsome [0]: (820.2)-11.8922159572, 13.0953705795, -177621.200484, 1.38490769976, 886.91287559, 
Chromsome [1]: (764.3)0.559365693672, -45.1073872129, 121406.221226, 22.6029332121, 922.537906697, 
Chromsome [2]: (764.3)0.559365693672, -88.7079299603, 88329.1922618, 6.07756315127, 2831.88605941, 
Chromsome [3]: (730.666666667)7.10988275512, 43.1158938108, 58032.8836561, 17.8015507536, 2044.82772654, 
Chromsome [4]: (721.1)1.78083553825, -52.5845400332, 104208.347758, 28.2787994071, 2343.44682474, 
<------------ GEN 63--------------->
Chromsome [0]: (832.233333333)-11.8922159572, 13.0953705795, -177621.200484, 1.38490769976, 886.91287559, 
Chromsome [1]: (789.466666667)0.559365693672, -45.1073872129, 121406.221226, 22.6029332121, 922.537906697, 
Chromsome [2]: (770.6)7.10988275512, 43.1158938108, 58032.8836561, 12.6157539686, 2044.82772654, 
Chromsome [3]: (769.333333333)4.84699307155, -82.9874919825, 54859.9902847, 22.6029332121, 2892.73945053, 
Chromsome [4]: (766.266666667)11.2705871151, 19.8753783197, 129046.698483, 6.21205374758, 2196.57917327, 
<------------ GEN 64--------------->
Chromsome [0]: (820.666666667)-11.8922159572, 13.0953705795, -177621.200484, 1.38490769976, 886.91287559, 
Chromsome [1]: (756.8)0.559365693672, -24.2903128934, 58790.2437202, 23.3134961094, 1330.65517338, 
Chromsome [2]: (734.8)1.78083553825, -52.5845400332, 153196.883129, 10.132571053, 611.307614698, 
Chromsome [3]: (734.8)1.78083553825, 19.8753783197, 129046.698483, 6.21205374758, 2196.57917327, 
Chromsome [4]: (734.8)1.78083553825, -52.5845400332, 165246.572951, 28.2787994071, 1078.40593972, 
<------------ GEN 65--------------->
Chromsome [0]: (798.133333333)-11.8922159572, 13.0953705795, -177621.200484, 1.38490769976, 886.91287559, 
Chromsome [1]: (726.966666667)1.78083553825, -3.47269253824, 153196.883129, 10.132571053, 611.307614698, 
Chromsome [2]: (725.033333333)1.78083553825, 19.8753783197, 129046.698483, 6.21205374758, 2196.57917327, 
Chromsome [3]: (725.033333333)1.78083553825, -52.5845400332, 153196.883129, 10.132571053, 611.307614698, 
Chromsome [4]: (725.033333333)1.78083553825, -52.5845400332, 165246.572951, -7.32106753976, 532.110995179, 
<------------ GEN 66--------------->
Chromsome [0]: (823.866666667)-11.8922159572, 13.0953705795, -177621.200484, 1.38490769976, 886.91287559, 
Chromsome [1]: (764.533333333)1.78083553825, -82.9874919825, 49190.8447474, 1.38490769976, 886.91287559, 
Chromsome [2]: (764.466666667)1.78083553825, -52.5845400332, 81479.3351485, 10.9471637448, 1549.30559309, 
Chromsome [3]: (764.266666667)1.78083553825, -16.5495322326, 153196.883129, 10.132571053, 611.307614698, 
Chromsome [4]: (748.466666667)7.10988275512, 77.3803864561, 57323.7474882, 2.04804402958, 1972.4006609, 
<------------ GEN 67--------------->
Chromsome [0]: (827.366666667)-11.8922159572, 13.0953705795, -177621.200484, 1.38490769976, 886.91287559, 
Chromsome [1]: (749.4)1.78083553825, -52.5845400332, 177621.200484, 1.38490769976, 886.91287559, 
Chromsome [2]: (749.4)1.78083553825, -58.9801846532, 129046.698483, 6.21205374758, 2196.57917327, 
Chromsome [3]: (749.4)1.78083553825, -82.9874919825, 49190.8447474, 1.38490769976, 886.91287559, 
Chromsome [4]: (736.7)7.10988275512, 77.3803864561, 57323.7474882, 2.04804402958, 840.077114478, 
<------------ GEN 68--------------->
Chromsome [0]: (819.366666667)-10.6007385927, 1.05177799648, 121477.08483, 24.6820057934, 1515.45633746, 
Chromsome [1]: (819.366666667)-11.8922159572, 13.0953705795, -177621.200484, 1.38490769976, 886.91287559, 
Chromsome [2]: (731.766666667)1.78083553825, -32.913365345, 138612.297072, 2.04804402958, 2078.03250486, 
Chromsome [3]: (713.833333333)2.46835045048, -86.0392572314, 177621.200484, 25.3629167148, 2196.57917327, 
Chromsome [4]: (678.566666667)7.10988275512, 77.3803864561, 57323.7474882, 2.04804402958, 840.077114478, 
<------------ GEN 69--------------->
Chromsome [0]: (827.633333333)-10.6007385927, 1.05177799648, 121477.08483, 24.6820057934, 1515.45633746, 
Chromsome [1]: (750.933333333)1.78083553825, -32.913365345, 138612.297072, 2.04804402958, 1928.8379669, 
Chromsome [2]: (739.566666667)2.46835045048, -45.1475419836, 106722.362641, 4.09709971923, 1096.34007351, 
Chromsome [3]: (683.233333333)7.10988275512, 77.3803864561, 57323.7474882, 2.04804402958, 886.91287559, 
Chromsome [4]: (668.266666667)11.2705871151, -32.913365345, 93138.0265306, 2.04804402958, 1959.88144511, 
<------------ GEN 70--------------->
Chromsome [0]: (832.0)-63.7492774057, 13.0953705795, 177621.200484, 1.38490769976, 2565.08386753, 
Chromsome [1]: (832.0)-10.6007385927, 1.05177799648, 121477.08483, 24.6820057934, 1515.45633746, 
Chromsome [2]: (768.733333333)1.78083553825, 68.7488041842, 28987.0762356, 27.9672729284, 840.077114478, 
Chromsome [3]: (768.366666667)2.46835045048, 46.1496180829, 159136.078845, 13.5185215089, 1096.34007351, 
Chromsome [4]: (703.533333333)7.10988275512, 64.832709628, 177621.200484, 18.7618411089, 3519.8737217, 
<------------ GEN 71--------------->
Chromsome [0]: (823.7)-63.7492774057, 13.0953705795, 177621.200484, 1.38490769976, 2565.08386753, 
Chromsome [1]: (762.833333333)1.78083553825, 4.5320771476, 50315.4039342, 16.9894468035, 2968.0317409, 
Chromsome [2]: (761.833333333)1.78083553825, 28.2515726165, 112819.808703, 13.5185215089, 1096.34007351, 
Chromsome [3]: (761.433333333)2.46835045048, 68.7488041842, 28987.0762356, 27.9672729284, 840.077114478, 
Chromsome [4]: (712.866666667)4.84699307155, 68.7488041842, 28987.0762356, 27.9672729284, 840.077114478, 
<------------ GEN 72--------------->
Chromsome [0]: (837.133333333)-63.7492774057, 13.0953705795, 177621.200484, 1.38490769976, 2565.08386753, 
Chromsome [1]: (775.633333333)1.78083553825, -3.36362723261, 177621.200484, 1.38490769976, 2565.08386753, 
Chromsome [2]: (775.233333333)1.78083553825, 4.5320771476, 50315.4039342, 1.38490769976, 2310.87214281, 
Chromsome [3]: (774.233333333)1.78083553825, 28.2515726165, 119492.615405, 14.7903672267, 1390.26895778, 
Chromsome [4]: (773.833333333)2.46835045048, 35.1703144555, 28987.0762356, 27.9672729284, 2401.54524235, 
<------------ GEN 73--------------->
Chromsome [0]: (823.8)-63.7492774057, 13.0953705795, 177621.200484, 1.38490769976, 2565.08386753, 
Chromsome [1]: (747.7)1.78083553825, -8.55385059528, 177621.200484, 4.91935862192, 1972.4006609, 
Chromsome [2]: (746.933333333)1.78083553825, 28.2515726165, 141661.574304, 16.9894468035, 1544.20226232, 
Chromsome [3]: (746.933333333)1.85850501914, -48.3907444162, 162876.429246, 19.1154879115, 2341.79959471, 
Chromsome [4]: (746.933333333)1.78083553825, 61.1138106381, 50315.4039342, 6.74375530707, 886.91287559, 
<------------ GEN 74--------------->
Chromsome [0]: (823.966666667)-63.7492774057, 13.0953705795, 177621.200484, 1.38490769976, 2565.08386753, 
Chromsome [1]: (731.866666667)1.78083553825, -8.55385059528, 177621.200484, 17.4457106412, 1985.27440618, 
Chromsome [2]: (730.8)1.78083553825, 28.2515726165, 119492.615405, 16.9894468035, 1544.20226232, 
Chromsome [3]: (730.8)1.78083553825, 28.2515726165, 127785.093861, -5.10532258021, 1114.28880697, 
Chromsome [4]: (723.6)6.20894412516, 26.1742967533, 141661.574304, 14.7903672267, 1513.67250622, 
<------------ GEN 75--------------->
Chromsome [0]: (797.2)-63.7492774057, 13.0953705795, 177621.200484, 1.38490769976, 2565.08386753, 
Chromsome [1]: (698.566666667)4.84699307155, -51.2858827691, 35801.6705023, 17.8447072225, 1491.75687113, 
Chromsome [2]: (698.433333333)6.20894412516, 26.1742967533, 141661.574304, 14.7903672267, 1513.67250622, 
Chromsome [3]: (698.433333333)6.20894412516, 26.1742967533, 162876.429246, 19.1154879115, 2341.79959471, 
Chromsome [4]: (685.3)1.78083553825, 13.0953705795, 177621.200484, 25.9255666885, 2656.1101646, 
<------------ GEN 76--------------->
Chromsome [0]: (800.133333333)-63.7492774057, 13.0953705795, 177621.200484, 1.38490769976, 2565.08386753, 
Chromsome [1]: (685.066666667)4.84699307155, -51.2858827691, 35801.6705023, 17.8447072225, 1947.13958109, 
Chromsome [2]: (678.466666667)6.20894412516, 26.1742967533, 125728.62772, 19.1154879115, 697.991228636, 
Chromsome [3]: (678.466666667)6.20894412516, 26.1742967533, 141661.574304, 2.04804402958, 886.91287559, 
Chromsome [4]: (650.5)1.78083553825, 65.7314148085, 138612.297072, 6.65854421532, 571.890859242, 
<------------ GEN 77--------------->
Chromsome [0]: (775.933333333)-63.7492774057, 13.0953705795, 177621.200484, 1.38490769976, 2565.08386753, 
Chromsome [1]: (654.5)4.84699307155, -51.2858827691, 177621.200484, 6.65854421532, 1110.65941519, 
Chromsome [2]: (649.466666667)6.20894412516, 26.1742967533, 141661.574304, 2.04804402958, 886.91287559, 
Chromsome [3]: (649.466666667)6.20894412516, 26.1742967533, 37605.1087153, 12.1300151228, 1544.20226232, 
Chromsome [4]: (644.133333333)9.42166216764, 28.2515726165, 127785.093861, 5.19521104803, 2483.24405291, 
<------------ GEN 78--------------->
Chromsome [0]: (790.6)-63.7492774057, 13.0953705795, 177621.200484, 1.38490769976, 2565.08386753, 
Chromsome [1]: (659.666666667)4.84699307155, -51.2858827691, 177621.200484, 6.65854421532, 1110.65941519, 
Chromsome [2]: (652.033333333)6.13321442339, -54.4355914074, 177621.200484, 4.47202077797, 2565.08386753, 
Chromsome [3]: (648.4)6.20894412516, 26.1742967533, 141661.574304, 1.38490769976, 1423.7235575, 
Chromsome [4]: (648.4)6.20894412516, 26.1742967533, 37605.1087153, 12.1300151228, 1544.20226232, 
<------------ GEN 79--------------->
Chromsome [0]: (781.266666667)-63.7492774057, 13.0953705795, 177621.200484, 1.38490769976, 2565.08386753, 
Chromsome [1]: (623.433333333)6.20894412516, 26.1742967533, 141661.574304, 1.38490769976, 2667.77895387, 
Chromsome [2]: (623.433333333)6.20894412516, 26.1742967533, 177621.200484, 4.47202077797, 2565.08386753, 
Chromsome [3]: (620.433333333)6.13321442339, 58.753739921, 37605.1087153, 29.1731878527, 1544.20226232, 
Chromsome [4]: (619.233333333)1.78083553825, -30.6382023333, 19022.7741641, 4.79900562713, 1036.41284202, 
<------------ GEN 80--------------->
Chromsome [0]: (780.166666667)-63.7492774057, 13.0953705795, 177621.200484, 1.38490769976, 2565.08386753, 
Chromsome [1]: (661.2)6.20894412516, 26.1742967533, 177621.200484, 4.47202077797, 2423.50583975, 
Chromsome [2]: (661.2)6.20894412516, 26.1742967533, 177621.200484, 4.47202077797, 1879.04082097, 
Chromsome [3]: (661.033333333)6.20894412516, 29.642734841, 120667.700598, 14.7903672267, 2401.54524235, 
Chromsome [4]: (656.9)6.13321442339, 58.753739921, 177621.200484, 25.9255666885, 2336.64481843, 
<------------ GEN 81--------------->
Chromsome [0]: (791.733333333)-63.7492774057, 13.0953705795, 177621.200484, 1.38490769976, 2565.08386753, 
Chromsome [1]: (704.0)4.84699307155, -78.0912850917, 153038.755542, 16.586985506, 758.010002569, 
Chromsome [2]: (702.133333333)3.63442754928, -18.615841522, 5506.11025875, 0.383206136391, 2465.24095218, 
Chromsome [3]: (694.066666667)6.20894412516, 26.1742967533, 177621.200484, 4.47202077797, 1879.04082097, 
Chromsome [4]: (693.9)6.20894412516, 29.642734841, 32596.6480169, 1.38490769976, 2398.5930858, 
<------------ GEN 82--------------->
Chromsome [0]: (790.6)-16.4303495989, 53.210812635, 115328.608334, 29.3646620909, 1604.00400544, 
Chromsome [1]: (790.6)-63.7492774057, 13.0953705795, 177621.200484, 1.38490769976, 2565.08386753, 
Chromsome [2]: (719.4)4.84699307155, -78.0912850917, 153038.755542, 16.586985506, 758.010002569, 
Chromsome [3]: (706.033333333)6.20894412516, 62.8573438845, 5506.11025875, 57.9434834922, 2465.24095218, 
Chromsome [4]: (705.833333333)6.20894412516, 26.1742967533, 177621.200484, 21.6320627587, 2398.5930858, 
<------------ GEN 83--------------->
Chromsome [0]: (791.566666667)-69.2199487516, -65.9654261954, 153038.755542, 16.586985506, 758.010002569, 
Chromsome [1]: (791.566666667)-16.4303495989, 53.210812635, 115328.608334, 29.3646620909, 1604.00400544, 
Chromsome [2]: (722.9)6.20894412516, 62.8573438845, 5506.11025875, 2.05651650779, 867.234392442, 
Chromsome [3]: (716.266666667)6.20894412516, 26.1742967533, 177621.200484, 21.6320627587, 2398.5930858, 
Chromsome [4]: (716.033333333)6.20894412516, 29.642734841, 32596.6480169, 12.7723118544, 589.771085286, 
<------------ GEN 84--------------->
Chromsome [0]: (802.1)-39.6499540329, -78.0912850917, 12853.8289998, 1.38490769976, 1509.41044004, 
Chromsome [1]: (802.1)-69.2199487516, -65.9654261954, 153038.755542, 16.586985506, 758.010002569, 
Chromsome [2]: (738.3)6.20894412516, 26.1742967533, 177621.200484, 21.6320627587, 1731.95395696, 
Chromsome [3]: (734.366666667)6.20894412516, -65.9654261954, 153038.755542, 16.586985506, 758.010002569, 
Chromsome [4]: (734.033333333)6.20894412516, 64.0468379572, 58507.3372333, 26.8466420604, 2088.02044908, 
<------------ GEN 85--------------->
Chromsome [0]: (819.433333333)-39.6499540329, -78.0912850917, 12853.8289998, 1.38490769976, 1509.41044004, 
Chromsome [1]: (790.366666667)4.84699307155, -64.4605413277, 152247.042317, 13.8404711028, 2401.54524235, 
Chromsome [2]: (778.9)6.20894412516, -65.9654261954, 153038.755542, 2.00024648123, 1731.95395696, 
Chromsome [3]: (778.0)6.20894412516, 64.0468379572, 40828.8764925, 2.81540650706, 2022.70016035, 
Chromsome [4]: (776.866666667)6.20894412516, 26.1742967533, 177621.200484, 16.586985506, 758.010002569, 
<------------ GEN 86--------------->
Chromsome [0]: (831.233333333)-5.46218514712, -34.1436420528, 5506.11025875, 2.05651650779, 1248.43847663, 
Chromsome [1]: (831.233333333)-39.6499540329, -78.0912850917, 12853.8289998, 1.38490769976, 1509.41044004, 
Chromsome [2]: (788.733333333)4.84699307155, -64.4605413277, 152247.042317, 13.8404711028, 1285.63781151, 
Chromsome [3]: (788.733333333)4.84699307155, -64.4605413277, 152247.042317, 13.8404711028, 1731.95395696, 
Chromsome [4]: (787.133333333)5.81026640108, 50.4574549737, 95695.9863584, 25.3638815481, 1622.75245349, 
<------------ GEN 87--------------->
Chromsome [0]: (808.533333333)-5.46218514712, -34.1436420528, 5506.11025875, 2.05651650779, 1248.43847663, 
Chromsome [1]: (768.633333333)5.66218514712, -34.1436420528, 5506.11025875, 21.2916874562, 1731.95395696, 
Chromsome [2]: (768.1)5.81026640108, 50.4574549737, 95695.9863584, 25.3638815481, 527.702431278, 
Chromsome [3]: (768.1)5.81026640108, 50.4574549737, 58507.3372333, 2.81540650706, 2707.23374632, 
Chromsome [4]: (764.233333333)3.63442754928, -82.0382716896, 29307.4042187, 10.2906386936, 2763.62352816, 
<------------ GEN 88--------------->
Chromsome [0]: (795.4)-5.46218514712, -34.1436420528, 5506.11025875, 2.05651650779, 1248.43847663, 
Chromsome [1]: (738.233333333)5.66218514712, -34.1436420528, 120576.991606, 28.6663657744, 1285.63781151, 
Chromsome [2]: (729.1)5.66218514712, -34.1436420528, 5506.11025875, 21.2916874562, 1731.95395696, 
Chromsome [3]: (728.366666667)5.81026640108, 50.4574549737, 95695.9863584, 25.3638815481, 527.702431278, 
Chromsome [4]: (727.566666667)6.20894412516, 26.1742967533, 104783.201664, 20.5184401956, 2565.08386753, 
<------------ GEN 89--------------->
Chromsome [0]: (774.4)-66.5188781025, 50.4574549737, 95695.9863584, 24.3588507302, 2398.5930858, 
Chromsome [1]: (774.4)-5.46218514712, -34.1436420528, 5506.11025875, 2.05651650779, 1248.43847663, 
Chromsome [2]: (697.2)5.66218514712, -34.1436420528, 58507.3372333, 11.5059046024, 2707.23374632, 
Chromsome [3]: (696.266666667)5.81026640108, 50.4574549737, 95695.9863584, 25.3638815481, 760.479729166, 
Chromsome [4]: (696.266666667)5.81026640108, -80.6802031455, 130431.675743, 16.586985506, 608.598617808, 
<------------ GEN 90--------------->
Chromsome [0]: (767.233333333)-66.5188781025, 50.4574549737, 95695.9863584, 24.3588507302, 2398.5930858, 
Chromsome [1]: (673.433333333)5.66218514712, -34.1436420528, 58507.3372333, 11.5059046024, 892.888563447, 
Chromsome [2]: (673.433333333)3.63442754928, 59.1534400767, 5506.11025875, 21.2916874562, 1082.45440443, 
Chromsome [3]: (672.3)5.81026640108, -80.6802031455, 130431.675743, 16.586985506, 2565.08386753, 
Chromsome [4]: (672.3)5.81026640108, 50.4574549737, 95695.9863584, 25.3638815481, 1813.53292964, 
<------------ GEN 91--------------->
Chromsome [0]: (787.5)-66.0760393733, -59.7063561284, 61585.6208055, 24.7181365252, 2707.23374632, 
Chromsome [1]: (787.5)-66.5188781025, 50.4574549737, 95695.9863584, 24.3588507302, 2398.5930858, 
Chromsome [2]: (740.7)0.361452868953, 50.4574549737, 95695.9863584, 22.9481616228, 1813.53292964, 
Chromsome [3]: (694.1)1.90102768883, -177.004835306, 130431.675743, 16.586985506, 2565.08386753, 
Chromsome [4]: (687.833333333)5.66218514712, -34.0212264204, 58507.3372333, 11.5059046024, 892.888563447, 
<------------ GEN 92--------------->
Chromsome [0]: (803.966666667)-66.0760393733, -59.7063561284, 61585.6208055, 24.7181365252, 2707.23374632, 
Chromsome [1]: (747.466666667)0.361452868953, 50.4574549737, 95695.9863584, 7.50704800172, 1813.53292964, 
Chromsome [2]: (711.866666667)5.66218514712, -34.0212264204, 106229.962557, 16.9214803437, 892.888563447, 
Chromsome [3]: (711.366666667)5.81026640108, -34.1436420528, 58507.3372333, 11.5059046024, 2707.23374632, 
Chromsome [4]: (710.866666667)5.81026640108, -80.6802031455, 138503.037574, 15.3725056805, 2407.16532075, 
<------------ GEN 93--------------->
Chromsome [0]: (809.8)-66.0760393733, -59.7063561284, 61585.6208055, 24.7181365252, 2707.23374632, 
Chromsome [1]: (771.833333333)0.361452868953, 288.737964599, 29307.4042187, 10.2906386936, 733.157005722, 
Chromsome [2]: (730.866666667)5.66218514712, -58.536120566, -44326.3776043, 16.9214803437, 892.888563447, 
Chromsome [3]: (730.466666667)5.66218514712, -34.0212264204, 106229.962557, 23.6804787007, 892.888563447, 
Chromsome [4]: (729.6)5.81026640108, 164.768268114, 138503.037574, 15.3725056805, 2407.16532075, 
<------------ GEN 94--------------->
Chromsome [0]: (777.066666667)-66.0760393733, -59.7063561284, 61585.6208055, 24.7181365252, 2707.23374632, 
Chromsome [1]: (685.033333333)5.66218514712, -58.536120566, 271392.364336, 3.99544068065, 892.888563447, 
Chromsome [2]: (685.033333333)5.66218514712, 269.760144956, 9577.10877732, 24.7181365252, 2707.23374632, 
Chromsome [3]: (685.033333333)5.66218514712, -58.536120566, 44326.3776043, 13.1794826729, 1549.06264505, 
Chromsome [4]: (685.033333333)5.72238174366, -108.737964599, 29307.4042187, 26.9895004621, 517.42264523, 
<------------ GEN 95--------------->
Chromsome [0]: (796.1)-96.21030806, 189.4533899, 61585.6208055, 13.8588386901, 2707.23374632, 
Chromsome [1]: (796.1)-66.0760393733, -59.7063561284, 61585.6208055, 24.7181365252, 2707.23374632, 
Chromsome [2]: (708.9)6.20894412516, -25.4604269062, 127731.003165, 1.70201873206, 1758.55045388, 
Chromsome [3]: (700.533333333)5.66218514712, -58.536120566, 88607.6356639, 3.99544068065, 892.888563447, 
Chromsome [4]: (700.5)5.72238174366, -71.2620354013, 29307.4042187, 26.9895004621, 517.42264523, 
<------------ GEN 96--------------->
Chromsome [0]: (809.7)-96.21030806, 189.4533899, 61585.6208055, 13.8588386901, 2707.23374632, 
Chromsome [1]: (750.3)5.66218514712, -89.7601449556, 164603.483843, 1.7302216461, 2648.06122781, 
Chromsome [2]: (750.3)5.72238174366, -71.2620354013, 29307.4042187, 26.9895004621, 2312.9020857, 
Chromsome [3]: (750.3)5.66218514712, -58.536120566, 61585.6208055, 18.6428807351, 773.67869919, 
Chromsome [4]: (750.3)5.72238174366, -71.2620354013, 29307.4042187, 26.9895004621, 517.42264523, 
<------------ GEN 97--------------->
Chromsome [0]: (798.266666667)-14.5804774374, 27.248921026, 79004.5549752, 0.152563720189, 1306.19734511, 
Chromsome [1]: (798.266666667)-96.21030806, 189.4533899, 61585.6208055, 13.8588386901, 2707.23374632, 
Chromsome [2]: (739.233333333)6.20894412516, -25.4604269062, 127731.003165, 1.38490769976, 802.809296862, 
Chromsome [3]: (739.233333333)6.20894412516, -25.4604269062, 84131.6349361, 28.4278662047, 2707.23374632, 
Chromsome [4]: (730.666666667)5.66218514712, -58.536120566, 196246.721424, 23.6804787007, 2499.81430963, 
<------------ GEN 98--------------->
Chromsome [0]: (814.8)-14.5804774374, 27.248921026, 79004.5549752, 0.152563720189, 1306.19734511, 
Chromsome [1]: (747.766666667)6.20894412516, -25.4604269062, 84131.6349361, 28.4278662047, 2707.23374632, 
Chromsome [2]: (740.433333333)7.63613853567, -27.0122320383, 117211.741054, 18.6428807351, 773.67869919, 
Chromsome [3]: (737.2)3.63442754928, 89.183524034, 58507.3372333, 5.74876400659, 1961.0135404, 
Chromsome [4]: (734.533333333)5.66218514712, -89.7601449556, 10139.910054, 11.0007264941, 802.809296862, 
<------------ GEN 99--------------->
Chromsome [0]: (804.133333333)-14.5804774374, 27.248921026, 79004.5549752, 0.152563720189, 1306.19734511, 
Chromsome [1]: (724.066666667)3.63442754928, -83.2051216665, 44214.4119686, 1.70201873206, 2022.25153748, 
Chromsome [2]: (723.433333333)5.66218514712, -89.7601449556, 66662.453743, 26.9895004621, 2499.81430963, 
Chromsome [3]: (723.433333333)5.66218514712, -89.7601449556, 10139.910054, 4.69327382661, 802.809296862, 
Chromsome [4]: (723.433333333)5.66218514712, -89.7601449556, 65927.5365496, 15.1500899064, 1717.52908845, 
<------------ GEN 100--------------->
Chromsome [0]: (786.333333333)-14.5804774374, 27.248921026, 79004.5549752, 0.152563720189, 1306.19734511, 
Chromsome [1]: (726.733333333)5.66218514712, -89.7601449556, 59480.5375876, 15.1500899064, 1717.52908845, 
Chromsome [2]: (726.733333333)5.66218514712, -89.7601449556, 61585.6208055, 13.8588386901, 2858.78575192, 
Chromsome [3]: (726.733333333)5.66218514712, -89.7601449556, 23734.4492217, 26.9895004621, 1255.08627139, 
Chromsome [4]: (726.0)5.95890707941, 48.7435756812, 71549.5837691, -22.9180094354, 2499.81430963, 
