<------------ GEN 1--------------->
Chromsome [0]: (804.533333333)3.4715366486, 25.3488392535, 149819.855041, 10.058788921, 637.584122544, 
Chromsome [1]: (781.966666667)4.51185695143, 48.9737091615, 68703.3378841, 19.5563369225, 1003.26492911, 
Chromsome [2]: (780.433333333)7.70666493991, -19.1493367237, 84858.3310919, 26.3409552242, 2408.05577125, 
Chromsome [3]: (733.166666667)11.2374523056, -87.1607543721, 38282.1854554, 14.1754396968, 2688.96540035, 
Chromsome [4]: (730.2)14.7525396446, -84.4347100541, 43540.3036817, 20.7142924541, 1675.90101308, 
<------------ GEN 2--------------->
Chromsome [0]: (765.133333333)3.4715366486, 25.3488392535, 125637.955615, 10.058788921, 637.584122544, 
Chromsome [1]: (765.133333333)3.4715366486, 25.3488392535, 149819.855041, 10.058788921, 637.584122544, 
Chromsome [2]: (758.6)4.51185695143, 57.9632473197, 67576.7455375, 6.28881442731, 1003.26492911, 
Chromsome [3]: (745.866666667)4.51185695143, 7.13868314689, 68703.3378841, 19.5563369225, 1003.26492911, 
Chromsome [4]: (744.266666667)7.79670002671, -19.1493367237, 84858.3310919, 26.3409552242, 2408.05577125, 
<------------ GEN 3--------------->
Chromsome [0]: (824.366666667)-133.232288607, -14.1674609853, 171784.872325, 20.7640560985, 637.584122544, 
Chromsome [1]: (759.933333333)4.51185695143, 57.9632473197, 67576.7455375, 82.5389862772, 1003.26492911, 
Chromsome [2]: (748.666666667)3.4715366486, 25.3488392535, 174664.190148, 10.058788921, 637.584122544, 
Chromsome [3]: (748.666666667)3.4715366486, 25.3488392535, 149819.855041, 10.058788921, 2692.03106408, 
Chromsome [4]: (748.666666667)3.4715366486, 25.3488392535, 125637.955615, 10.058788921, 637.584122544, 
<------------ GEN 4--------------->
Chromsome [0]: (790.4)-63.7281358692, -19.1493367237, 84858.3310919, 10.058788921, 2692.03106408, 
Chromsome [1]: (790.4)-133.232288607, -14.1674609853, 171784.872325, 20.7640560985, 637.584122544, 
Chromsome [2]: (712.166666667)4.51185695143, 57.9632473197, 67576.7455375, -22.5389862772, 2962.0364847, 
Chromsome [3]: (701.766666667)3.4715366486, 25.3488392535, 84858.3310919, 18.1718607237, 2581.97385992, 
Chromsome [4]: (694.833333333)3.4715366486, -40.6942112747, 51582.8356724, 2.1526096181, 1254.42345794, 
<------------ GEN 5--------------->
Chromsome [0]: (804.766666667)-63.7281358692, -19.1493367237, 84858.3310919, 10.058788921, 2692.03106408, 
Chromsome [1]: (727.033333333)3.4715366486, -67.7833045307, 37013.3174081, 14.1754396968, 1706.56389606, 
Chromsome [2]: (723.833333333)3.4715366486, 114.44500201, 100712.714318, 28.6449363225, 637.584122544, 
Chromsome [3]: (723.733333333)3.4715366486, 41.3006774077, 74242.4423534, 29.4980941465, 637.584122544, 
Chromsome [4]: (713.033333333)4.51185695143, 27.9746107775, 33754.7180551, 5.34493810747, 2425.03751632, 
<------------ GEN 6--------------->
Chromsome [0]: (809.9)-0.829888550899, 29.2692017554, 41717.9438893, 29.9859503352, 1666.42685141, 
Chromsome [1]: (809.9)-63.7281358692, -19.1493367237, 84858.3310919, 10.058788921, 2692.03106408, 
Chromsome [2]: (721.9)3.4715366486, 0.978368661276, 100712.714318, 28.6449363225, 637.584122544, 
Chromsome [3]: (648.666666667)11.2374523056, 29.2692017554, 37013.3174081, 14.1754396968, 1749.58812286, 
Chromsome [4]: (643.6)11.2374523056, 29.2692017554, 84858.3310919, 24.9600838585, 2439.25606853, 
<------------ GEN 7--------------->
Chromsome [0]: (788.7)-13.8822815243, 81.5925214483, 4045.72975276, 16.8990112869, 1706.56389606, 
Chromsome [1]: (788.7)-68.8245417206, -19.1493367237, 37013.3174081, 14.1754396968, 637.584122544, 
Chromsome [2]: (788.7)-0.829888550899, 29.2692017554, 41717.9438893, 29.9859503352, 1666.42685141, 
Chromsome [3]: (758.966666667)1.0298885509, 97.6269303644, 37013.3174081, 3.67337182405, 1749.58812286, 
Chromsome [4]: (683.233333333)6.30676069869, 57.9632473197, 67576.7455375, 2.1526096181, 1254.42345794, 
<------------ GEN 8--------------->
Chromsome [0]: (786.466666667)-70.5209489121, 37.3970905659, 67420.7742211, 24.1169730077, 637.584122544, 
Chromsome [1]: (786.466666667)-13.8822815243, 81.5925214483, 4045.72975276, 16.8990112869, 1706.56389606, 
Chromsome [2]: (776.066666667)1.0298885509, 128.803171144, 41717.9438893, 26.1239320797, 1666.42685141, 
Chromsome [3]: (774.966666667)1.0298885509, 82.3730696356, 37013.3174081, 29.9859503352, 1666.42685141, 
Chromsome [4]: (716.7)4.30381038838, 48.9355332609, 43540.3036817, 28.8960705516, 2499.85458317, 
<------------ GEN 9--------------->
Chromsome [0]: (795.666666667)-70.5209489121, 37.3970905659, 67420.7742211, 24.1169730077, 637.584122544, 
Chromsome [1]: (792.7)1.0298885509, 82.3730696356, 43540.3036817, 28.8960705516, 2499.85458317, 
Chromsome [2]: (792.7)1.0298885509, 51.1968288556, 16124.8506078, 23.1162566259, 1666.42685141, 
Chromsome [3]: (741.833333333)4.30381038838, 79.632884505, 11163.1411463, 6.14445466692, 2229.1804214, 
Chromsome [4]: (711.066666667)4.30381038838, 48.9355332609, 37013.3174081, 29.9859503352, 1666.42685141, 
<------------ GEN 10--------------->
Chromsome [0]: (796.033333333)-70.5209489121, 37.3970905659, 67420.7742211, 24.1169730077, 637.584122544, 
Chromsome [1]: (775.766666667)1.0298885509, 51.1968288556, 11163.1411463, 6.14445466692, 2229.1804214, 
Chromsome [2]: (771.833333333)1.0298885509, 82.3730696356, 43540.3036817, 28.8960705516, 552.644951514, 
Chromsome [3]: (760.733333333)2.43525969551, 48.9355332609, 43540.3036817, 28.8960705516, 2499.85458317, 
Chromsome [4]: (734.8)4.30381038838, 79.632884505, 16124.8506078, 23.1162566259, 1666.42685141, 
<------------ GEN 11--------------->
Chromsome [0]: (805.733333333)-0.716555015862, 48.9355332609, 43540.3036817, 28.8960705516, 2499.85458317, 
Chromsome [1]: (805.733333333)-70.5209489121, 37.3970905659, 67420.7742211, 24.1169730077, 637.584122544, 
Chromsome [2]: (799.8)1.0298885509, 51.1968288556, 11163.1411463, 40.3674997427, 1744.34598496, 
Chromsome [3]: (799.8)1.0298885509, 82.3730696356, 43540.3036817, 28.8960705516, 552.644951514, 
Chromsome [4]: (750.266666667)4.30381038838, 79.632884505, 173493.284533, 23.1162566259, 1666.42685141, 
<------------ GEN 12--------------->
Chromsome [0]: (812.966666667)-0.716555015862, 48.9355332609, 43540.3036817, 28.8960705516, 2499.85458317, 
Chromsome [1]: (810.0)0.916555015862, 48.9355332609, 129838.051475, 16.8990112869, 2499.85458317, 
Chromsome [2]: (810.0)1.0298885509, 51.1968288556, 11163.1411463, 17.0146076715, 1706.56389606, 
Chromsome [3]: (810.0)1.0298885509, 82.3730696356, 43540.3036817, 29.9859503352, 1666.42685141, 
Chromsome [4]: (754.1)4.30381038838, -62.7723048057, 41203.2857307, 28.8960705516, 2617.50347829, 
<------------ GEN 13--------------->
Chromsome [0]: (785.466666667)-0.716555015862, 48.9355332609, 43540.3036817, 28.8960705516, 2499.85458317, 
Chromsome [1]: (773.6)1.0298885509, 38.9304769468, 11163.1411463, 17.0146076715, 1706.56389606, 
Chromsome [2]: (773.566666667)0.916555015862, 48.9355332609, 129838.051475, 16.8990112869, 534.307102475, 
Chromsome [3]: (773.566666667)0.916555015862, 48.9355332609, 43540.3036817, 28.8960705516, 2499.85458317, 
Chromsome [4]: (771.533333333)1.0298885509, 82.3730696356, 43540.3036817, 17.071306567, 1666.42685141, 
<------------ GEN 14--------------->
Chromsome [0]: (787.8)-0.716555015862, 48.9355332609, 43540.3036817, 28.8960705516, 2499.85458317, 
Chromsome [1]: (766.3)1.0298885509, 38.9304769468, 122348.479652, 5.05456872858, 2408.05577125, 
Chromsome [2]: (766.266666667)0.916555015862, 48.9355332609, 149790.736849, 16.8990112869, 453.359714833, 
Chromsome [3]: (766.266666667)0.916555015862, 48.9355332609, 43540.3036817, 28.8960705516, 2499.85458317, 
Chromsome [4]: (766.233333333)0.916555015862, 37.3970905659, 151637.437496, 17.2565480156, -71.9931818397, 
<------------ GEN 15--------------->
Chromsome [0]: (779.6)-58.7196041433, 21.5808425812, 11163.1411463, 17.0146076715, 1706.56389606, 
Chromsome [1]: (779.6)-0.716555015862, 48.9355332609, 43540.3036817, 28.8960705516, 2499.85458317, 
Chromsome [2]: (740.8)0.916555015862, 48.9355332609, 43540.3036817, 28.8960705516, 2499.85458317, 
Chromsome [3]: (740.8)0.916555015862, 48.9355332609, 43540.3036817, 24.1169730077, 2681.21692367, 
Chromsome [4]: (740.8)1.0298885509, 60.3553804946, 43540.3036817, 17.071306567, 1666.42685141, 
<------------ GEN 16--------------->
Chromsome [0]: (784.8)-36.7903325854, 56.0084321509, 11163.1411463, 14.1754396968, 1733.74549629, 
Chromsome [1]: (784.8)-58.7196041433, 21.5808425812, 11163.1411463, 17.0146076715, 1706.56389606, 
Chromsome [2]: (762.633333333)1.0298885509, 9.66719521076, 108255.285373, 0.219151933648, 1796.42121849, 
Chromsome [3]: (762.633333333)1.0298885509, -7.10908559846, 120964.45926, 28.8960705516, 2499.85458317, 
Chromsome [4]: (762.533333333)0.916555015862, -18.2505087473, 43540.3036817, 28.8960705516, 1115.05047213, 
<------------ GEN 17--------------->
Chromsome [0]: (781.033333333)-36.7903325854, 56.0084321509, 11163.1411463, 14.1754396968, 1733.74549629, 
Chromsome [1]: (744.433333333)1.0298885509, 9.66719521076, 108255.285373, 26.1745064708, 1796.42121849, 
Chromsome [2]: (744.333333333)0.946496398956, 61.441044898, 40614.3041153, 17.2565480156, 1188.53562441, 
Chromsome [3]: (744.333333333)1.0298885509, -16.4091860563, 29476.7193366, 16.8990112869, 991.832286243, 
Chromsome [4]: (744.333333333)0.916555015862, 21.5808425812, 43540.3036817, 28.8960705516, 2265.4104701, 
<------------ GEN 18--------------->
Chromsome [0]: (811.4)-81.0646916836, 9.66719521076, 108255.285373, 26.1745064708, 1796.42121849, 
Chromsome [1]: (811.4)-36.7903325854, 56.0084321509, 11163.1411463, 14.1754396968, 1733.74549629, 
Chromsome [2]: (808.466666667)1.0298885509, -7.10908559846, 120964.45926, 23.5255566696, 2499.85458317, 
Chromsome [3]: (808.433333333)1.0298885509, -73.208188541, 176815.45808, 23.6894058233, 1895.23408612, 
Chromsome [4]: (808.433333333)1.0298885509, 59.3851587738, 117283.900356, 25.5799986571, 1580.85496801, 
<------------ GEN 19--------------->
Chromsome [0]: (809.633333333)-81.0646916836, 9.66719521076, 108255.285373, 26.1745064708, 1796.42121849, 
Chromsome [1]: (793.266666667)0.916555015862, -1.24675480382, 88461.6797598, 16.1298696266, 1978.31429834, 
Chromsome [2]: (793.1)0.916555015862, 58.1528588892, 43540.3036817, 28.7654348642, 2618.09043454, 
Chromsome [3]: (793.1)0.916555015862, 48.9355332609, 82797.8624223, -17.1368887266, 2719.53717894, 
Chromsome [4]: (793.1)0.946496398956, 61.441044898, 40614.3041153, 17.2565480156, 570.023214977, 
<------------ GEN 20--------------->
Chromsome [0]: (814.733333333)-81.0646916836, 9.66719521076, 108255.285373, 26.1745064708, 1796.42121849, 
Chromsome [1]: (806.033333333)0.916555015862, -1.24675480382, 88461.6797598, 16.1509204255, 1978.31429834, 
Chromsome [2]: (805.933333333)0.916555015862, 9.66719521076, 108255.285373, 26.1745064708, 1580.85496801, 
Chromsome [3]: (805.833333333)1.0298885509, -16.4091860563, 165722.617324, 24.4471578852, 2690.32653635, 
Chromsome [4]: (805.833333333)1.0298885509, 61.441044898, 40614.3041153, 17.2565480156, 570.023214977, 
<------------ GEN 21--------------->
Chromsome [0]: (809.6)-64.7168854695, -88.6928991596, 120964.45926, 25.5799986571, 1796.42121849, 
Chromsome [1]: (809.6)-20.9821303153, -8.73157703994, 176815.45808, 22.3402376954, 2921.72715868, 
Chromsome [2]: (809.6)-8.67624779111, 48.9355332609, 108255.285373, 0.782821435062, 1796.42121849, 
Chromsome [3]: (809.6)-81.0646916836, 9.66719521076, 108255.285373, 26.1745064708, 1796.42121849, 
Chromsome [4]: (799.966666667)1.0298885509, -91.7395920241, 74986.8666177, 8.29166111698, 660.930979744, 
<------------ GEN 22--------------->
Chromsome [0]: (825.533333333)-64.7168854695, -88.6928991596, 120964.45926, 25.5799986571, 1796.42121849, 
Chromsome [1]: (822.7)0.916555015862, -0.706332253935, 101173.152195, 14.8213861488, 2189.20700358, 
Chromsome [2]: (822.633333333)0.946496398956, -95.6177525339, 145462.025474, 17.2565480156, 1580.85496801, 
Chromsome [3]: (822.566666667)1.0298885509, -88.2604079759, 74986.8666177, 8.29166111698, 660.930979744, 
Chromsome [4]: (822.566666667)0.946496398956, -16.4091860563, 165722.617324, 17.2565480156, 1580.85496801, 
<------------ GEN 23--------------->
Chromsome [0]: (825.9)-64.7168854695, -88.6928991596, 120964.45926, 25.5799986571, 1796.42121849, 
Chromsome [1]: (820.233333333)0.916555015862, -0.706332253935, 101173.152195, 14.8213861488, 1659.38060212, 
Chromsome [2]: (820.1)0.946496398956, -84.3822474661, 2226.02698822, 17.2565480156, 2067.80414579, 
Chromsome [3]: (819.966666667)0.946496398956, -73.1655003895, 103558.114815, 24.4471578852, 2820.6221195, 
Chromsome [4]: (819.966666667)0.946496398956, 61.441044898, 92467.1607945, 6.86234989006, 1978.31429834, 
<------------ GEN 24--------------->
Chromsome [0]: (845.7)-64.7168854695, -88.6928991596, 120964.45926, 25.5799986571, 1796.42121849, 
Chromsome [1]: (843.2)0.946496398956, 148.846911037, 152824.811043, 20.8755240162, -59.2400063096, 
Chromsome [2]: (832.433333333)0.916555015862, -0.706332253935, 41404.6724878, 14.8213861488, 2265.4104701, 
Chromsome [3]: (832.133333333)0.916555015862, 48.9355332609, 108255.285373, 0.782821435062, 2157.46450453, 
Chromsome [4]: (832.133333333)0.946496398956, -73.1655003895, 103558.114815, 24.4471578852, 2820.6221195, 
<------------ GEN 25--------------->
Chromsome [0]: (801.333333333)-64.7168854695, -88.6928991596, 120964.45926, 25.5799986571, 1796.42121849, 
Chromsome [1]: (786.1)1.0298885509, -68.1938406167, -300305.826886, 13.7903615394, 2690.32653635, 
Chromsome [2]: (781.933333333)0.946496398956, 8.20091816228, 92467.1607945, 6.86234989006, 1978.31429834, 
Chromsome [3]: (781.833333333)0.946496398956, 61.441044898, 82976.6746422, 28.7654348642, 83.290873098, 
Chromsome [4]: (781.833333333)0.946496398956, 48.9355332609, 40614.3041153, 10.644549617, 1796.42121849, 
<------------ GEN 26--------------->
Chromsome [0]: (822.1)-186.099982176, -10.7675605228, 92467.1607945, 22.5918951305, 767.808074989, 
Chromsome [1]: (822.1)-64.7168854695, -88.6928991596, 120964.45926, 25.5799986571, 1796.42121849, 
Chromsome [2]: (819.9)0.946496398956, 188.897901937, 82976.6746422, 28.7654348642, 834.796527403, 
Chromsome [3]: (819.566666667)0.946496398956, -109.333845846, 167179.132346, 17.2565480156, 1447.59004624, 
Chromsome [4]: (819.166666667)0.946496398956, 8.20091816228, 92467.1607945, 21.5704153543, 2993.83441787, 
<------------ GEN 27--------------->
Chromsome [0]: (845.7)-186.099982176, -10.7675605228, 92467.1607945, 22.5918951305, 767.808074989, 
Chromsome [1]: (843.233333333)0.946496398956, 165.44562231, 139495.423986, 25.5799986571, 1796.42121849, 
Chromsome [2]: (842.833333333)0.946496398956, -50.1052506213, -50194.6536381, 25.5799986571, 1796.42121849, 
Chromsome [3]: (842.766666667)1.0298885509, -8.12665845195, 23089.8793242, 10.351967251, 1403.60175198, 
Chromsome [4]: (842.733333333)0.946496398956, 32.3337173222, 92467.1607945, 21.5704153543, 2098.42753554, 
<------------ GEN 28--------------->
Chromsome [0]: (846.1)-186.099982176, -10.7675605228, 92467.1607945, 22.5918951305, 767.808074989, 
Chromsome [1]: (837.033333333)1.0298885509, 116.611527717, 23089.8793242, 10.351967251, 1403.60175198, 
Chromsome [2]: (832.533333333)0.946496398956, -88.6928991596, 120964.45926, 8.2975144215, 2810.58892255, 
Chromsome [3]: (832.533333333)0.946496398956, 14.5543776897, 139495.423986, 25.5799986571, 2993.83441787, 
Chromsome [4]: (832.533333333)0.946496398956, -66.6592489678, 103558.114815, 17.1460785038, 760.72174841, 
<------------ GEN 29--------------->
Chromsome [0]: (829.6)-186.099982176, -10.7675605228, 92467.1607945, 22.5918951305, 767.808074989, 
Chromsome [1]: (816.933333333)0.946496398956, -50.1052506213, 9116.64947406, 6.86234989006, 2530.26131171, 
Chromsome [2]: (816.866666667)1.0298885509, -76.5872211308, 12698.7586527, 21.5704153543, 2098.42753554, 
Chromsome [3]: (816.8)0.946496398956, -66.6592489678, 103558.114815, 17.1460785038, 760.72174841, 
Chromsome [4]: (816.8)0.946496398956, -68.1938406167, 41108.3530647, 4.78282282, 4086.61923244, 
<------------ GEN 30--------------->
Chromsome [0]: (827.433333333)-98.0135046025, 73.4496815466, 40614.3041153, 22.3656394271, 2735.13066618, 
Chromsome [1]: (827.433333333)-186.099982176, -10.7675605228, 92467.1607945, 22.5918951305, 767.808074989, 
Chromsome [2]: (804.566666667)1.0298885509, -76.5872211308, 81101.756255, 17.3323309958, 676.807603748, 
Chromsome [3]: (804.566666667)0.946496398956, 14.5543776897, 83312.814214, 41.8434866773, 2586.22687057, 
Chromsome [4]: (804.566666667)0.946496398956, -68.1938406167, 41108.3530647, 4.78282282, 1467.7765011, 
<------------ GEN 31--------------->
Chromsome [0]: (826.833333333)-46.7344022814, -10.7675605228, 41108.3530647, 4.78282282, 1467.7765011, 
Chromsome [1]: (826.833333333)-15.340647256, 12.3569746586, 178192.469164, 17.1460785038, 760.72174841, 
Chromsome [2]: (826.833333333)-98.0135046025, 73.4496815466, 40614.3041153, 22.3656394271, 2735.13066618, 
Chromsome [3]: (799.033333333)0.946496398956, 14.5543776897, -74006.5812247, 18.1565133227, 732.202327956, 
Chromsome [4]: (783.333333333)0.946496398956, -66.6592489678, 50194.6536381, 1.30852229336, 1796.42121849, 
<------------ GEN 32--------------->
Chromsome [0]: (828.566666667)-0.500535005212, -10.7675605228, 176353.40668, 4.45985267985, 2602.4007769, 
Chromsome [1]: (828.566666667)-46.7344022814, -10.7675605228, 41108.3530647, 4.78282282, 1467.7765011, 
Chromsome [2]: (789.0)0.946496398956, -1.78231922637, 81101.756255, 17.3323309958, 676.807603748, 
Chromsome [3]: (788.6)0.946496398956, 53.2847732566, 83312.814214, 15.2021682124, 1665.06221042, 
Chromsome [4]: (788.6)0.946496398956, 63.3884722833, 23089.8793242, 10.351967251, 1796.42121849, 
<------------ GEN 33--------------->
Chromsome [0]: (844.166666667)-0.500535005212, -10.7675605228, 176353.40668, 4.45985267985, 2602.4007769, 
Chromsome [1]: (822.266666667)0.946496398956, -1.78231922637, 81101.756255, 17.3323309958, 676.807603748, 
Chromsome [2]: (822.166666667)0.700535005212, 14.5543776897, 50194.6536381, 3.96904657964, 1796.42121849, 
Chromsome [3]: (822.166666667)0.946496398956, -10.7675605228, 176353.40668, 21.2776318029, 2602.4007769, 
Chromsome [4]: (822.166666667)0.700535005212, -10.7675605228, 176353.40668, 14.2914794003, 2602.4007769, 
<------------ GEN 34--------------->
Chromsome [0]: (838.666666667)-8.88536924476, 58.5646819458, 113813.342157, 22.3656394271, 1796.42121849, 
Chromsome [1]: (838.666666667)-0.500535005212, -10.7675605228, 176353.40668, 4.45985267985, 2602.4007769, 
Chromsome [2]: (816.666666667)0.700535005212, -68.0318555833, 132250.22283, 22.5918951305, 767.808074989, 
Chromsome [3]: (816.666666667)0.946496398956, 11.3413517235, 176353.40668, 21.2776318029, 2602.4007769, 
Chromsome [4]: (816.666666667)0.700535005212, 14.5543776897, 50194.6536381, 3.96904657964, 1466.11364954, 
<------------ GEN 35--------------->
Chromsome [0]: (825.166666667)-8.88536924476, 58.5646819458, 113813.342157, 22.3656394271, 1796.42121849, 
Chromsome [1]: (801.2)0.700535005212, -10.7675605228, -18744.5168558, 18.365569089, 1174.63706038, 
Chromsome [2]: (789.466666667)0.700535005212, 14.5543776897, 171934.592962, 4.33756555373, 1466.11364954, 
Chromsome [3]: (789.466666667)0.700535005212, 24.0164981991, 83312.814214, 15.2021682124, 1665.06221042, 
Chromsome [4]: (789.466666667)0.700535005212, -10.7675605228, 176353.40668, 4.45985267985, 1762.41333127, 
<------------ GEN 36--------------->
Chromsome [0]: (820.066666667)-6.76455080986, 58.5646819458, 113813.342157, 0.0597049934708, 1796.42121849, 
Chromsome [1]: (820.066666667)-8.88536924476, 58.5646819458, 113813.342157, 22.3656394271, 1796.42121849, 
Chromsome [2]: (777.533333333)0.946496398956, -7.60154533266, 13060.6719961, 25.845604357, 2602.4007769, 
Chromsome [3]: (777.533333333)0.700535005212, 24.0164981991, 83312.814214, 15.2021682124, 1665.06221042, 
Chromsome [4]: (777.533333333)0.700535005212, -10.7675605228, 18744.5168558, 12.7998692494, 1174.63706038, 
<------------ GEN 37--------------->
Chromsome [0]: (787.966666667)-6.76455080986, 58.5646819458, 113813.342157, 0.0597049934708, 1796.42121849, 
Chromsome [1]: (747.5)0.946496398956, -146.527381746, 31569.0021613, 7.61665199677, 676.807603748, 
Chromsome [2]: (744.533333333)0.700535005212, 43.6552935682, 159258.05412, 4.45571151136, 915.66461134, 
Chromsome [3]: (744.533333333)0.700535005212, 14.5543776897, 11919.3717778, 25.5799986571, 2170.37736389, 
Chromsome [4]: (744.533333333)0.700535005212, 24.0164981991, 83312.814214, 8.59509882045, 1665.06221042, 
<------------ GEN 38--------------->
Chromsome [0]: (822.666666667)-6.76455080986, 58.5646819458, 113813.342157, 0.0597049934708, 1796.42121849, 
Chromsome [1]: (784.866666667)0.946496398956, 58.5578395456, 31569.0021613, 7.61665199677, 676.807603748, 
Chromsome [2]: (782.366666667)0.946496398956, -66.8564020559, 13060.6719961, 29.9459830019, 967.35513151, 
Chromsome [3]: (782.233333333)0.946496398956, -12.0942713591, 74006.5812247, 7.84045088681, 1744.39338778, 
Chromsome [4]: (782.233333333)0.700535005212, 14.5543776897, 11919.3717778, 17.741747313, 2170.37736389, 
<------------ GEN 39--------------->
Chromsome [0]: (826.833333333)-35.9973448402, -26.1383529459, 13891.4908017, 8.09669825615, 1298.10379953, 
Chromsome [1]: (826.833333333)-6.76455080986, 58.5646819458, 113813.342157, 0.0597049934708, 1796.42121849, 
Chromsome [2]: (796.633333333)2.18825052372, 65.7615468256, -59563.4963504, 11.3909854086, 2595.64463256, 
Chromsome [3]: (791.666666667)0.700535005212, 67.1216339181, 11919.3717778, 25.5799986571, 2170.37736389, 
Chromsome [4]: (791.666666667)0.946496398956, -66.8564020559, 13060.6719961, 29.9459830019, 967.35513151, 
<------------ GEN 40--------------->
Chromsome [0]: (821.766666667)-35.9973448402, -26.1383529459, 13891.4908017, 8.09669825615, 1298.10379953, 
Chromsome [1]: (788.066666667)0.946496398956, -12.0942713591, -256245.373979, 7.84045088681, -1813.53391177, 
Chromsome [2]: (771.866666667)0.946496398956, -155.217528544, 257471.766934, 17.801855427, 2170.37736389, 
Chromsome [3]: (768.866666667)0.700535005212, 67.1216339181, 11919.3717778, 25.5799986571, 1868.93596964, 
Chromsome [4]: (768.866666667)0.700535005212, 67.1216339181, 11919.3717778, 25.5799986571, 2507.78577005, 
<------------ GEN 41--------------->
Chromsome [0]: (826.366666667)-34.3188782116, 0.883337616161, 105166.896345, 25.5799986571, 2507.78577005, 
Chromsome [1]: (826.366666667)-35.9973448402, -26.1383529459, 13891.4908017, 8.09669825615, 1298.10379953, 
Chromsome [2]: (769.533333333)0.700535005212, 67.1216339181, 11919.3717778, 12.8147858113, 1560.69982196, 
Chromsome [3]: (769.3)0.700535005212, -34.7357152193, 87755.134502, 8.59509882045, 967.35513151, 
Chromsome [4]: (769.3)0.946496398956, -12.0942713591, 256245.373979, 7.84045088681, 2813.53391177, 
<------------ GEN 42--------------->
Chromsome [0]: (817.766666667)-7.92703813506, -61.7589830244, 141039.456096, 15.4432304179, 2725.32253498, 
Chromsome [1]: (817.766666667)-34.3188782116, 0.883337616161, 105166.896345, 25.5799986571, 2507.78577005, 
Chromsome [2]: (751.866666667)0.700535005212, 67.1216339181, 11919.3717778, 11.7383724831, 1560.69982196, 
Chromsome [3]: (751.6)0.700535005212, -28.3606793724, 84612.0236156, 29.3827258257, 4451.30920873, 
Chromsome [4]: (751.6)0.700535005212, -34.7357152193, 13891.4908017, 8.09669825615, 1298.10379953, 
<------------ GEN 43--------------->
Chromsome [0]: (818.033333333)-7.92703813506, -61.7589830244, 141039.456096, 15.4432304179, 2725.32253498, 
Chromsome [1]: (772.333333333)0.700535005212, -28.3606793724, -122965.897115, 29.3827258257, 1101.06629145, 
Chromsome [2]: (745.1)0.700535005212, 67.1216339181, 167398.894142, 2.91282618349, 1560.69982196, 
Chromsome [3]: (745.033333333)0.946496398956, 13.2638189832, 103754.626021, 7.84045088681, 1218.13646508, 
Chromsome [4]: (745.033333333)0.946496398956, -8.28304253743, 103754.626021, 7.84045088681, 954.948036362, 
<------------ GEN 44--------------->
Chromsome [0]: (811.033333333)-39.5430044753, 13.2638189832, 60694.1452662, 1.28865317295, 2804.89897478, 
Chromsome [1]: (811.033333333)-61.0299882402, -15.9737299167, 144212.991015, 25.5799986571, 2507.78577005, 
Chromsome [2]: (811.033333333)-7.92703813506, -61.7589830244, 141039.456096, 15.4432304179, 2725.32253498, 
Chromsome [3]: (762.133333333)0.946496398956, 221.599765098, 165473.470681, 3.03532681507, 1041.77843362, 
Chromsome [4]: (748.5)0.700535005212, 0.883337616161, 167722.451436, 7.62746961323, 1325.92376671, 
<------------ GEN 45--------------->
Chromsome [0]: (817.033333333)-39.5430044753, 13.2638189832, 60694.1452662, 1.28865317295, 2804.89897478, 
Chromsome [1]: (745.033333333)0.700535005212, 0.883337616161, 167722.451436, 7.62746961323, 1786.49350446, 
Chromsome [2]: (744.866666667)0.700535005212, -8.98666462183, 43265.1344572, 10.9966393221, 1178.35604839, 
Chromsome [3]: (744.866666667)0.700535005212, -8.98666462183, 43265.1344572, 10.9966393221, 1748.54102255, 
Chromsome [4]: (744.633333333)0.946496398956, -8.28304253743, 103754.626021, 7.84045088681, 900.921326711, 
<------------ GEN 46--------------->
Chromsome [0]: (804.466666667)-39.5430044753, 13.2638189832, 60694.1452662, 1.28865317295, 2804.89897478, 
Chromsome [1]: (731.866666667)0.700535005212, 71.4855161607, 167722.451436, 7.62746961323, 1786.49350446, 
Chromsome [2]: (731.633333333)0.946496398956, 55.7565507099, 113813.342157, 4.9323936794, 1560.69982196, 
Chromsome [3]: (729.7)0.700535005212, -89.1088895715, 43265.1344572, 10.9966393221, 1178.35604839, 
Chromsome [4]: (729.666666667)0.700535005212, -8.98666462183, 43265.1344572, 0.660453153656, 1748.54102255, 
<------------ GEN 47--------------->
Chromsome [0]: (799.333333333)-1.71566092503, -76.2325092217, 35311.693437, 25.2649652094, 2772.63839956, 
Chromsome [1]: (799.333333333)-1.39211921528, 67.1216339181, 17473.7548274, -34.1068381389, 2507.78577005, 
Chromsome [2]: (799.333333333)-39.5430044753, 13.2638189832, 60694.1452662, 1.28865317295, 2804.89897478, 
Chromsome [3]: (759.633333333)0.700535005212, 11.3130305677, -88218.4652401, 7.62746961323, 1786.49350446, 
Chromsome [4]: (740.233333333)0.700535005212, -8.98666462183, 43265.1344572, 64.3073720352, 2957.04835553, 
<------------ GEN 48--------------->
Chromsome [0]: (761.8)-16.2266756842, -89.1088895715, 43265.1344572, 10.9966393221, 2804.89897478, 
Chromsome [1]: (761.8)-1.71566092503, -76.2325092217, 35311.693437, 25.2649652094, 2772.63839956, 
Chromsome [2]: (696.966666667)1.59211921528, 67.1216339181, 17473.7548274, 1.86033468355, 2507.78577005, 
Chromsome [3]: (694.733333333)0.700535005212, -8.98666462183, 43265.1344572, -4.30737203517, 2957.04835553, 
Chromsome [4]: (694.5)0.700535005212, 11.3130305677, 293401.986746, 7.62746961323, 1786.49350446, 
<------------ GEN 49--------------->
Chromsome [0]: (787.666666667)-16.2266756842, -89.1088895715, 43265.1344572, 10.9966393221, 2804.89897478, 
Chromsome [1]: (736.766666667)1.59211921528, 67.1216339181, 17473.7548274, 1.86033468355, 2507.78577005, 
Chromsome [2]: (734.766666667)0.700535005212, -8.98666462183, 34741.3675468, 4.30737203517, 2957.04835553, 
Chromsome [3]: (734.566666667)2.48382392391, 2.10296434246, 87377.7286505, 13.8169779525, 2229.16141051, 
Chromsome [4]: (734.566666667)0.700535005212, 11.3130305677, 88218.4652401, 7.62746961323, 1137.74031597, 
<------------ GEN 50--------------->
Chromsome [0]: (795.866666667)-8.63226284417, 49.934690553, 113813.342157, 4.9323936794, 1560.69982196, 
Chromsome [1]: (795.866666667)-16.2266756842, -89.1088895715, 43265.1344572, 10.9966393221, 2804.89897478, 
Chromsome [2]: (778.8)0.946496398956, -222.71279753, 107876.414874, 3.20173663398, 2981.16216968, 
Chromsome [3]: (778.266666667)1.91566092503, 237.798176761, 35311.693437, 13.2603866164, 1178.35604839, 
Chromsome [4]: (778.0)1.59211921528, 67.1216339181, 17473.7548274, 1.86033468355, 2507.78577005, 
<------------ GEN 51--------------->
Chromsome [0]: (806.2)-8.63226284417, 49.934690553, 113813.342157, 4.9323936794, 1560.69982196, 
Chromsome [1]: (784.2)1.91566092503, -252.098223229, 266877.261157, 11.3206132122, 1560.69982196, 
Chromsome [2]: (779.133333333)0.700535005212, 2.99206324427, 374846.514906, 4.94733284404, 2507.78577005, 
Chromsome [3]: (779.1)0.700535005212, -8.98666462183, 34741.3675468, 1.86033468355, 2507.78577005, 
Chromsome [4]: (779.0)0.700535005212, -52.1663657544, 17648.29719, 38.998175428, 2756.54340372, 
<------------ GEN 52--------------->
Chromsome [0]: (819.766666667)-14.1807494096, -26.1383529459, 64536.5589257, 1.86033468355, 2691.44466293, 
Chromsome [1]: (819.766666667)-8.63226284417, 49.934690553, 113813.342157, 4.9323936794, 1560.69982196, 
Chromsome [2]: (795.566666667)0.700535005212, -8.98666462183, 113813.342157, 1.87825251253, 1560.69982196, 
Chromsome [3]: (795.466666667)0.946496398956, 13.2638189832, 32864.9831195, 27.8081591142, 1178.35604839, 
Chromsome [4]: (795.4)0.946496398956, -75.7093292774, 43266.4025661, 15.4432304179, 2334.24435095, 
<------------ GEN 53--------------->
Chromsome [0]: (818.366666667)-14.1807494096, -26.1383529459, 64536.5589257, 1.86033468355, 2691.44466293, 
Chromsome [1]: (795.233333333)0.700535005212, -446.182809068, 113813.342157, 8.33710023432, 2728.2174772, 
Chromsome [2]: (795.2)0.946496398956, 13.2638189832, 32864.9831195, 27.8081591142, 1205.24007406, 
Chromsome [3]: (795.133333333)0.946496398956, -57.0964204905, 156677.496909, 12.5321141548, 844.194349744, 
Chromsome [4]: (795.133333333)0.946496398956, -53.0641813413, 43266.4025661, 4.30737203517, 1560.69982196, 
<------------ GEN 54--------------->
Chromsome [0]: (822.766666667)-14.1807494096, -26.1383529459, 64536.5589257, 1.86033468355, 2691.44466293, 
Chromsome [1]: (796.7)0.946496398956, 165.841270812, 156677.496909, 12.5321141548, 844.194349744, 
Chromsome [2]: (793.7)0.700535005212, 266.182809068, 113813.342157, 15.4432304179, 2334.24435095, 
Chromsome [3]: (793.0)0.946496398956, 42.7127975302, 84454.6763159, 10.9093082317, 677.847917132, 
Chromsome [4]: (792.866666667)0.946496398956, 13.2638189832, 32864.9831195, 27.8081591142, 2647.06331394, 
<------------ GEN 55--------------->
Chromsome [0]: (819.4)-42.2756906504, -83.9538850179, 72622.4019484, 0.553220957705, 2691.44466293, 
Chromsome [1]: (819.4)-14.1807494096, -26.1383529459, 64536.5589257, 1.86033468355, 2691.44466293, 
Chromsome [2]: (774.0)0.946496398956, 42.7127975302, 119067.347756, 10.9093082317, 2691.44466293, 
Chromsome [3]: (774.0)0.946496398956, 41.5168291792, 152290.99955, -1.21431711973, 2647.06331394, 
Chromsome [4]: (765.6)0.700535005212, -86.1828090677, 100320.459741, 21.0982013157, 1963.92978914, 
<------------ GEN 56--------------->
Chromsome [0]: (827.566666667)-42.2756906504, -83.9538850179, 72622.4019484, 0.553220957705, 2691.44466293, 
Chromsome [1]: (782.0)0.946496398956, 42.7127975302, 119067.347756, 10.9093082317, 2691.44466293, 
Chromsome [2]: (782.0)0.946496398956, 41.5168291792, 75151.6686395, 9.14618432304, 2647.06331394, 
Chromsome [3]: (773.6)0.700535005212, -86.1828090677, 100320.459741, 21.0982013157, 2737.10646351, 
Chromsome [4]: (773.4)0.946496398956, -79.2902037713, 84454.6763159, 7.76302497482, 1560.69982196, 
<------------ GEN 57--------------->
Chromsome [0]: (848.3)-2.10707788025, -26.1383529459, 64536.5589257, 1.86033468355, 2015.80414131, 
Chromsome [1]: (848.3)-17.3072808478, 69.2643298881, 64536.5589257, 10.7765828787, 1122.90033962, 
Chromsome [2]: (848.3)-42.2756906504, -83.9538850179, 72622.4019484, 0.553220957705, 2691.44466293, 
Chromsome [3]: (835.233333333)14.0047898627, -13.9412776714, -37091.1490143, -3.67746114092, 2737.10646351, 
Chromsome [4]: (798.4)0.946496398956, 42.7127975302, 119067.347756, 10.9093082317, 2691.44466293, 
<------------ GEN 58--------------->
Chromsome [0]: (822.533333333)-112.302635666, -51.9488086308, 113813.342157, 11.8795471443, 1251.95380149, 
Chromsome [1]: (822.533333333)-2.10707788025, -26.1383529459, 64536.5589257, 1.86033468355, 2015.80414131, 
Chromsome [2]: (750.0)0.700535005212, 14.7653587198, 144912.17962, 27.988313756, 1187.71756704, 
Chromsome [3]: (748.8)14.3807494096, -26.1383529459, -5771.76372729, 1.86033468355, 677.847917132, 
Chromsome [4]: (747.8)0.946496398956, -23.8910689836, 49594.1287258, 17.8391595398, 1560.69982196, 
<------------ GEN 59--------------->
Chromsome [0]: (830.366666667)-112.302635666, -51.9488086308, 113813.342157, 11.8795471443, 1251.95380149, 
Chromsome [1]: (792.333333333)0.946496398956, 76.2523597486, 63259.9996794, 10.9093082317, 2691.44466293, 
Chromsome [2]: (787.833333333)0.700535005212, 54.8738242825, 144912.17962, 11.3214292053, 5247.57192316, 
Chromsome [3]: (786.366666667)0.946496398956, -23.8910689836, 49594.1287258, 17.8391595398, 1560.69982196, 
Chromsome [4]: (776.8)1.91566092503, -23.4688261384, 1819.54908486, 7.83096025238, 2015.80414131, 
<------------ GEN 60--------------->
Chromsome [0]: (815.333333333)-52.3679252648, 11.3130305677, 94128.3873869, 1.86033468355, 1560.69982196, 
Chromsome [1]: (815.333333333)-112.302635666, -51.9488086308, 113813.342157, 11.8795471443, 1251.95380149, 
Chromsome [2]: (768.6)2.30707788025, 247.542604223, -100305.407917, 28.590916425, 2647.06331394, 
Chromsome [3]: (751.266666667)0.946496398956, 76.2523597486, 63259.9996794, 10.9093082317, 2691.44466293, 
Chromsome [4]: (748.5)0.946496398956, 51.6999583149, 49594.1287258, 20.5681657429, 692.990040122, 
<------------ GEN 61--------------->
Chromsome [0]: (833.7)-52.3679252648, 11.3130305677, 94128.3873869, 1.86033468355, 1560.69982196, 
Chromsome [1]: (804.0)1.16623290268, 76.2523597486, 63259.9996794, 13.4185884394, 2691.44466293, 
Chromsome [2]: (801.666666667)0.946496398956, 51.6999583149, 49594.1287258, 20.5681657429, 692.990040122, 
Chromsome [3]: (800.966666667)0.700535005212, 54.8738242825, 144912.17962, 11.3214292053, 1248.61503091, 
Chromsome [4]: (797.133333333)0.946496398956, 76.2523597486, 119362.990526, 10.9093082317, 929.74027871, 
<------------ GEN 62--------------->
Chromsome [0]: (807.9)-162.097616822, -35.2717856002, 113813.342157, 11.8795471443, 802.063506576, 
Chromsome [1]: (807.9)-52.3679252648, 11.3130305677, 94128.3873869, 1.86033468355, 1560.69982196, 
Chromsome [2]: (762.333333333)0.946496398956, 76.2523597486, 119362.990526, 20.5681657429, 886.712737951, 
Chromsome [3]: (759.2)6.02197039048, -79.6748568304, 72622.4019484, 10.1198054428, 2964.86459868, 
Chromsome [4]: (751.866666667)0.946496398956, -80.1708674379, 130870.567988, 28.590916425, 1044.38717333, 
<------------ GEN 63--------------->
Chromsome [0]: (803.666666667)-14.2948759472, 51.6999583149, 49594.1287258, 3.76476409166, 2509.38877714, 
Chromsome [1]: (803.666666667)-162.097616822, -35.2717856002, 113813.342157, 11.8795471443, 802.063506576, 
Chromsome [2]: (741.966666667)0.946496398956, 76.2523597486, 119362.990526, 8.37348603704, 597.658248612, 
Chromsome [3]: (732.866666667)1.91566092503, -6.34011622544, 64536.5589257, 3.69029765735, 2679.23209808, 
Chromsome [4]: (732.633333333)1.91566092503, -7.27480598379, 49594.1287258, 11.7559638413, 1466.79925903, 
<------------ GEN 64--------------->
Chromsome [0]: (797.366666667)-14.2948759472, 51.6999583149, 49594.1287258, 3.76476409166, 2509.38877714, 
Chromsome [1]: (731.0)0.946496398956, 8.3150027275, 117647.711876, 28.9028316674, 1044.38717333, 
Chromsome [2]: (730.2)0.946496398956, 76.2523597486, 149457.093536, 7.86742576359, 1087.07101754, 
Chromsome [3]: (725.666666667)1.91566092503, -7.27480598379, 49594.1287258, 11.7559638413, 1543.56962669, 
Chromsome [4]: (724.9)1.91566092503, 20.8754867752, 169685.004132, 12.2468635394, 1251.95380149, 
<------------ GEN 65--------------->
Chromsome [0]: (802.866666667)-14.2948759472, 51.6999583149, 49594.1287258, 3.76476409166, 2509.38877714, 
Chromsome [1]: (747.766666667)0.946496398956, -214.687858909, 43266.4025661, 3.93687217681, 929.74027871, 
Chromsome [2]: (742.433333333)5.35312290748, -33.6646420015, 175228.834914, 19.5385369923, 2691.44466293, 
Chromsome [3]: (742.433333333)0.946496398956, 8.3150027275, 117647.711876, 26.5767572601, 1044.38717333, 
Chromsome [4]: (742.433333333)1.10278191981, -17.7711362743, 75151.6686395, 8.37348603704, 597.658248612, 
<------------ GEN 66--------------->
Chromsome [0]: (798.066666667)-14.2948759472, 51.6999583149, 49594.1287258, 3.76476409166, 2509.38877714, 
Chromsome [1]: (752.466666667)5.35312290748, -33.6646420015, 141204.390087, 28.1403660588, 2509.38877714, 
Chromsome [2]: (731.933333333)6.02197039048, 37.2719409171, 64536.5589257, 18.1303998616, 2646.88006841, 
Chromsome [3]: (718.3)1.10278191981, -17.7711362743, 7390.95280247, 11.7559638413, 1543.56962669, 
Chromsome [4]: (714.833333333)1.91566092503, -1.9521240451, 75151.6686395, 10.06438711, 597.658248612, 
<------------ GEN 67--------------->
Chromsome [0]: (776.9)-0.401443184499, 51.6999583149, 172876.889548, 3.76476409166, 2441.08383527, 
Chromsome [1]: (776.9)-14.2948759472, 51.6999583149, 49594.1287258, 3.76476409166, 2509.38877714, 
Chromsome [2]: (708.766666667)6.02197039048, 37.2719409171, 64536.5589257, 18.1303998616, 1760.25765667, 
Chromsome [3]: (706.166666667)1.10278191981, -17.7711362743, 7390.95280247, 21.2703633385, 2646.88006841, 
Chromsome [4]: (704.866666667)1.91566092503, -191.749542858, 128600.625121, 10.06438711, 597.658248612, 
<------------ GEN 68--------------->
Chromsome [0]: (799.133333333)-0.401443184499, 51.6999583149, 172876.889548, 3.76476409166, 2441.08383527, 
Chromsome [1]: (737.166666667)1.91566092503, -221.261563033, 140908.074051, 20.5681657429, 968.988905629, 
Chromsome [2]: (726.8)0.946496398956, 8.3150027275, 117647.711876, 29.0485376266, 1059.86596203, 
Chromsome [3]: (724.766666667)1.91566092503, 69.2507862427, 161485.292175, 6.97193061399, 597.658248612, 
Chromsome [4]: (724.766666667)1.91566092503, -49.0011642605, 15297.2467005, 8.79312489115, 1684.8137351, 
<------------ GEN 69--------------->
Chromsome [0]: (789.166666667)-0.401443184499, 51.6999583149, 172876.889548, 3.76476409166, 2441.08383527, 
Chromsome [1]: (734.133333333)0.946496398956, 8.3150027275, 117647.711876, 29.0485376266, 1059.86596203, 
Chromsome [2]: (733.9)0.946496398956, -37.3211230199, 117647.711876, 29.0485376266, 1059.86596203, 
Chromsome [3]: (732.266666667)1.91566092503, 80.7328933626, 15297.2467005, 20.2367575657, 1684.8137351, 
Chromsome [4]: (732.266666667)1.91566092503, -49.0011642605, 64536.5589257, 10.8686390463, 1184.37200366, 
<------------ GEN 70--------------->
Chromsome [0]: (794.333333333)-0.401443184499, 51.6999583149, 172876.889548, 3.76476409166, 2441.08383527, 
Chromsome [1]: (758.733333333)1.91566092503, 80.7328933626, 15297.2467005, 2.4285112309, 1684.8137351, 
Chromsome [2]: (743.9)0.601443184499, 51.6999583149, 172876.889548, 3.76476409166, 2441.08383527, 
Chromsome [3]: (738.0)0.946496398956, 13.0132867983, 141204.390087, 14.986589814, 1832.40433792, 
Chromsome [4]: (738.0)0.946496398956, 8.3150027275, 117647.711876, 29.0485376266, 1059.86596203, 
<------------ GEN 71--------------->
Chromsome [0]: (811.4)-0.401443184499, 51.6999583149, 172876.889548, 3.76476409166, 2441.08383527, 
Chromsome [1]: (765.833333333)0.601443184499, -72.8922150216, 21529.4925136, 3.76476409166, 2441.08383527, 
Chromsome [2]: (754.766666667)0.601443184499, 51.6999583149, 92663.573581, 29.0485376266, 1059.86596203, 
Chromsome [3]: (754.6)0.601443184499, 51.6999583149, 22321.6553955, 27.913132282, 2307.79652406, 
Chromsome [4]: (749.6)0.946496398956, 8.3150027275, 117647.711876, 3.76476409166, 2441.08383527, 
<------------ GEN 72--------------->
Chromsome [0]: (794.1)-0.401443184499, 51.6999583149, 172876.889548, 3.76476409166, 2441.08383527, 
Chromsome [1]: (767.266666667)0.601443184499, -72.8922150216, 21529.4925136, 3.76476409166, 2441.08383527, 
Chromsome [2]: (752.666666667)0.601443184499, -292.59765875, 159592.944382, 1.91332331639, 1308.35312586, 
Chromsome [3]: (752.366666667)0.601443184499, -12.9381727115, 22321.6553955, 27.913132282, 2307.79652406, 
Chromsome [4]: (750.066666667)0.601443184499, 51.6999583149, 172876.889548, 3.76476409166, 2441.08383527, 
<------------ GEN 73--------------->
Chromsome [0]: (783.466666667)-0.401443184499, 51.6999583149, 172876.889548, 3.76476409166, 2441.08383527, 
Chromsome [1]: (736.7)0.601443184499, 112.59765875, 159592.944382, 1.91332331639, 1308.35312586, 
Chromsome [2]: (736.066666667)0.601443184499, -12.9381727115, 22321.6553955, 27.913132282, 2307.79652406, 
Chromsome [3]: (735.866666667)0.601443184499, 84.9828000568, 172876.889548, 3.76476409166, 2441.08383527, 
Chromsome [4]: (731.0)0.946496398956, 210.693171954, 129663.126897, 14.9064457539, 2509.38877714, 
<------------ GEN 74--------------->
Chromsome [0]: (793.833333333)-7.42367022385, 51.6999583149, 70980.3682669, 3.76476409166, 2441.08383527, 
Chromsome [1]: (793.833333333)-0.401443184499, 51.6999583149, 172876.889548, 3.76476409166, 2441.08383527, 
Chromsome [2]: (728.2)0.601443184499, 84.9956877866, 22321.6553955, 27.913132282, 2307.79652406, 
Chromsome [3]: (727.166666667)0.601443184499, 84.9828000568, 132751.4201, 13.4758817574, 1832.40433792, 
Chromsome [4]: (726.933333333)0.601443184499, 77.626361338, 69422.3208646, 5.20274665321, 2405.55831333, 
<------------ GEN 75--------------->
Chromsome [0]: (783.2)-15.3406401105, -66.1863264986, 21529.4925136, 19.9518662332, 1842.28381396, 
Chromsome [1]: (783.2)-7.42367022385, 51.6999583149, 70980.3682669, 3.76476409166, 2441.08383527, 
Chromsome [2]: (729.133333333)0.229810304444, -235.754526311, 107382.171214, 16.6878824006, 1180.24722034, 
Chromsome [3]: (720.966666667)0.601443184499, 51.6999583149, 172876.889548, 3.76476409166, 2561.85179442, 
Chromsome [4]: (719.633333333)0.601443184499, 77.626361338, 69422.3208646, 5.20274665321, 2405.55831333, 
<------------ GEN 76--------------->
Chromsome [0]: (788.033333333)-15.3406401105, -66.1863264986, 21529.4925136, 19.9518662332, 1842.28381396, 
Chromsome [1]: (695.966666667)0.229810304444, 8.3150027275, 107382.171214, 23.9717451502, 617.983402845, 
Chromsome [2]: (694.5)0.601443184499, 51.6999583149, 172876.889548, 3.76476409166, 870.175267215, 
Chromsome [3]: (694.466666667)0.601443184499, 51.3367800694, 159592.944382, 23.1394464355, 1308.35312586, 
Chromsome [4]: (689.666666667)0.946496398956, -30.6931719536, 129663.126897, 14.9064457539, 2509.38877714, 
<------------ GEN 77--------------->
Chromsome [0]: (778.533333333)-15.3406401105, -66.1863264986, 21529.4925136, 19.9518662332, 1842.28381396, 
Chromsome [1]: (724.5)0.946496398956, -30.6931719536, -102661.484914, 3.76476409166, 2441.08383527, 
Chromsome [2]: (706.566666667)0.229810304444, 8.3150027275, 107382.171214, 16.450982213, 2679.78033824, 
Chromsome [3]: (704.533333333)0.601443184499, 51.6999583149, 172876.889548, 3.76476409166, 2592.08438282, 
Chromsome [4]: (704.533333333)0.601443184499, 51.6999583149, 172876.889548, 3.76476409166, 870.175267215, 
<------------ GEN 78--------------->
Chromsome [0]: (788.333333333)-15.3406401105, -66.1863264986, 21529.4925136, 19.9518662332, 1842.28381396, 
Chromsome [1]: (713.866666667)0.601443184499, 51.6999583149, -176839.719047, 3.76476409166, 2592.08438282, 
Chromsome [2]: (692.133333333)4.69233602243, 51.6999583149, 70980.3682669, 3.76476409166, 1954.78668242, 
Chromsome [3]: (689.566666667)0.229810304444, 4.33884259926, 80143.8436852, 25.4676388256, 1290.71701707, 
Chromsome [4]: (687.466666667)0.601443184499, 35.7425211424, 21529.4925136, 19.9518662332, 1842.28381396, 
<------------ GEN 79--------------->
Chromsome [0]: (771.333333333)-15.3406401105, -66.1863264986, 21529.4925136, 19.9518662332, 1842.28381396, 
Chromsome [1]: (669.2)4.69233602243, -85.7161025654, 70980.3682669, 3.76476409166, 1954.78668242, 
Chromsome [2]: (659.633333333)0.229810304444, 4.33884259926, 80143.8436852, 25.4676388256, 1290.71701707, 
Chromsome [3]: (658.7)7.62367022385, 67.2968015238, 22321.6553955, 26.5284956517, 1783.47906202, 
Chromsome [4]: (655.166666667)0.601443184499, 35.7425211424, 21529.4925136, 19.9518662332, 2541.13912814, 
<------------ GEN 80--------------->
Chromsome [0]: (786.033333333)-15.3406401105, -66.1863264986, 21529.4925136, 19.9518662332, 1842.28381396, 
Chromsome [1]: (679.4)4.69233602243, -85.7161025654, 80143.8436852, 6.43833934497, 2509.38877714, 
Chromsome [2]: (674.733333333)0.601443184499, 6.94113739939, 21529.4925136, 9.42624208564, 2084.06043024, 
Chromsome [3]: (673.766666667)0.601443184499, 35.7425211424, 7493.15454668, 22.9017936994, 1281.97953228, 
Chromsome [4]: (658.233333333)5.63536282937, 68.7863135511, 161773.245244, 22.2190243479, 1208.79419439, 
<------------ GEN 81--------------->
Chromsome [0]: (790.0)-15.3406401105, -66.1863264986, 21529.4925136, 19.9518662332, 1842.28381396, 
Chromsome [1]: (702.333333333)0.601443184499, 35.7425211424, 7493.15454668, 22.9017936994, 1842.28381396, 
Chromsome [2]: (696.566666667)0.229810304444, 84.9032042663, 22321.6553955, 27.913132282, 2823.81334201, 
Chromsome [3]: (693.033333333)0.601443184499, 6.94113739939, 76704.0612674, 9.42624208564, 2084.06043024, 
Chromsome [4]: (691.366666667)5.35312290748, 108.121549233, 136534.590493, 18.4982670703, 1813.27929647, 
<------------ GEN 82--------------->
Chromsome [0]: (816.033333333)-99.3559916582, -66.1863264986, 21529.4925136, 24.4613267947, 2785.17917999, 
Chromsome [1]: (816.033333333)-15.3406401105, -66.1863264986, 21529.4925136, 19.9518662332, 1842.28381396, 
Chromsome [2]: (732.8)0.601443184499, 6.94113739939, 17044.6195815, 9.42624208564, 2084.06043024, 
Chromsome [3]: (724.433333333)0.601443184499, 59.811780854, 53888.4289907, 27.023905568, 2541.13912814, 
Chromsome [4]: (721.166666667)0.946496398956, 5.86708654891, 63829.6346299, 1.50442967267, 2322.15151847, 
<------------ GEN 83--------------->
Chromsome [0]: (811.4)-99.3559916582, -66.1863264986, 21529.4925136, 24.4613267947, 2785.17917999, 
Chromsome [1]: (792.033333333)0.946496398956, 35.7425211424, 2186.56019543, 0.114921101934, 2830.50430837, 
Chromsome [2]: (739.3)0.601443184499, 59.811780854, 4102.87525761, 26.1210841164, 1840.71545409, 
Chromsome [3]: (737.766666667)0.601443184499, 6.94113739939, 33022.6738759, 22.2972826896, 2405.55831333, 
Chromsome [4]: (726.9)0.946496398956, -4.00553654224, 27924.9319335, 26.5284956517, 521.230861087, 
<------------ GEN 84--------------->
Chromsome [0]: (824.3)-6.70594734203, -68.4384407668, 106106.05263, 19.5994837412, 1208.79419439, 
Chromsome [1]: (824.3)-99.3559916582, -66.1863264986, 21529.4925136, 24.4613267947, 2785.17917999, 
Chromsome [2]: (767.4)0.601443184499, 59.811780854, 4102.87525761, 26.1210841164, 1840.71545409, 
Chromsome [3]: (761.5)0.601443184499, 43.5924930393, 33022.6738759, 22.2972826896, 2405.55831333, 
Chromsome [4]: (757.6)0.946496398956, 1.46137453766, 25799.7206954, 18.3970395492, 1333.09219876, 
<------------ GEN 85--------------->
Chromsome [0]: (830.566666667)-14.5117897103, 14.8810961189, 21529.4925136, 26.7324679479, 2315.4862449, 
Chromsome [1]: (830.566666667)-6.70594734203, -68.4384407668, 106106.05263, 19.5994837412, 1208.79419439, 
Chromsome [2]: (776.333333333)0.601443184499, 43.5924930393, 33022.6738759, 22.2972826896, 2405.55831333, 
Chromsome [3]: (768.266666667)0.946496398956, 1.46137453766, 25799.7206954, 18.3970395492, 2084.06043024, 
Chromsome [4]: (767.8)0.946496398956, -70.7637875859, 116687.555267, 23.7538663124, 2830.50430837, 
<------------ GEN 86--------------->
Chromsome [0]: (821.166666667)-14.5117897103, 14.8810961189, 21529.4925136, 26.7324679479, 2315.4862449, 
Chromsome [1]: (751.1)0.601443184499, 43.5924930393, 33022.6738759, 22.2972826896, 2473.98743185, 
Chromsome [2]: (751.1)0.601443184499, 43.5924930393, 33022.6738759, 22.2972826896, 2405.55831333, 
Chromsome [3]: (745.333333333)0.946496398956, 1.46137453766, 10470.5425271, 27.5588139652, 2356.5688112, 
Chromsome [4]: (744.766666667)0.946496398956, -70.7637875859, 106106.05263, 19.5994837412, 1208.79419439, 
<------------ GEN 87--------------->
Chromsome [0]: (828.166666667)-14.5117897103, 14.8810961189, 21529.4925136, 26.7324679479, 2315.4862449, 
Chromsome [1]: (769.966666667)0.601443184499, -54.5808995398, 33022.6738759, 22.2972826896, 2405.55831333, 
Chromsome [2]: (768.0)0.601443184499, 43.5924930393, 106106.05263, 19.5994837412, 1208.79419439, 
Chromsome [3]: (765.933333333)0.946496398956, 1.46137453766, 10470.5425271, 27.5588139652, -306.403436858, 
Chromsome [4]: (702.533333333)6.90594734203, -68.4384407668, 116687.555267, 23.7538663124, 1998.38252766, 
<------------ GEN 88--------------->
Chromsome [0]: (808.533333333)-13.9742148275, 54.3589207944, 83791.3960273, 24.0254167822, 830.696294021, 
Chromsome [1]: (808.533333333)-7.20063711702, 56.4194677146, 22321.6553955, 12.8324398584, 1814.12326398, 
Chromsome [2]: (808.533333333)-14.5117897103, 14.8810961189, 21529.4925136, 26.7324679479, 2315.4862449, 
Chromsome [3]: (771.0)0.601443184499, 34.0790241863, 106106.05263, 19.5994837412, 1208.79419439, 
Chromsome [4]: (770.866666667)0.601443184499, 59.811780854, 4102.87525761, 23.7538663124, 1998.38252766, 
<------------ GEN 89--------------->
Chromsome [0]: (814.166666667)-13.9742148275, 54.3589207944, 83791.3960273, 24.0254167822, 830.696294021, 
Chromsome [1]: (775.533333333)0.601443184499, 34.0790241863, 115545.587655, 12.0773030794, 1065.56407876, 
Chromsome [2]: (775.533333333)0.601443184499, 34.0790241863, 106106.05263, 11.0850231723, 1056.60150538, 
Chromsome [3]: (773.366666667)0.601443184499, 40.2025587281, 248862.640459, 19.9518662332, 1082.73576405, 
Chromsome [4]: (771.766666667)0.601443184499, 59.811780854, 247212.650669, 24.4613267947, 2043.06600661, 
<------------ GEN 90--------------->
Chromsome [0]: (821.033333333)-13.9742148275, 54.3589207944, 83791.3960273, 24.0254167822, 830.696294021, 
Chromsome [1]: (792.8)0.601443184499, 59.811780854, -78254.2751433, 24.4613267947, 2043.06600661, 
Chromsome [2]: (781.5)0.601443184499, 34.0790241863, 114372.197157, 12.0773030794, 1065.56407876, 
Chromsome [3]: (780.0)0.601443184499, 40.2025587281, 25799.7206954, 19.5994837412, 1150.96339266, 
Chromsome [4]: (777.733333333)0.601443184499, 59.811780854, 112787.349331, 24.4613267947, 2043.06600661, 
<------------ GEN 91--------------->
Chromsome [0]: (800.733333333)-13.9742148275, 54.3589207944, 83791.3960273, 24.0254167822, 830.696294021, 
Chromsome [1]: (771.433333333)0.601443184499, 54.3589207944, 1309.03726951, 23.3355594927, 1982.22809084, 
Chromsome [2]: (767.566666667)0.601443184499, 34.0790241863, 114372.197157, 12.0773030794, 1065.56407876, 
Chromsome [3]: (767.533333333)0.601443184499, 59.811780854, 78254.2751433, 19.5994837412, 1150.96339266, 
Chromsome [4]: (767.533333333)0.601443184499, 40.2025587281, 25799.7206954, 24.4613267947, 2043.06600661, 
<------------ GEN 92--------------->
Chromsome [0]: (813.3)-13.9742148275, 54.3589207944, 83791.3960273, 24.0254167822, 830.696294021, 
Chromsome [1]: (810.366666667)0.601443184499, -14.2974459763, 22999.3032806, 24.4613267947, 1584.53311654, 
Chromsome [2]: (810.366666667)0.601443184499, 40.2025587281, 25799.7206954, 24.4613267947, 2043.06600661, 
Chromsome [3]: (810.366666667)0.601443184499, 59.811780854, 89729.4232679, 8.03479477185, 1814.12326398, 
Chromsome [4]: (810.366666667)0.601443184499, -78.3332385903, 114372.197157, 12.0773030794, 1065.56407876, 
<------------ GEN 93--------------->
Chromsome [0]: (797.5)-13.5794217615, -39.8393475972, 129100.812825, 24.0254167822, 1277.75864253, 
Chromsome [1]: (797.5)-13.9742148275, 54.3589207944, 83791.3960273, 24.0254167822, 830.696294021, 
Chromsome [2]: (796.633333333)0.601443184499, -14.2974459763, 22999.3032806, 4.06294547866, 1584.53311654, 
Chromsome [3]: (794.566666667)0.601443184499, -83.0299922204, 43810.9366171, 27.3680473883, 1597.62513971, 
Chromsome [4]: (794.566666667)0.601443184499, -78.3332385903, 114372.197157, 12.0773030794, 869.411144913, 
<------------ GEN 94--------------->
Chromsome [0]: (794.566666667)-13.5794217615, -39.8393475972, 129100.812825, 24.0254167822, 1277.75864253, 
Chromsome [1]: (770.5)0.601443184499, -15.5356120763, 144759.172239, 23.3355594927, 2351.76420053, 
Chromsome [2]: (770.5)0.601443184499, -23.4763574887, 128143.053552, 24.0254167822, 2186.60660515, 
Chromsome [3]: (770.5)0.601443184499, -83.0299922204, 43810.9366171, 27.3680473883, 1597.62513971, 
Chromsome [4]: (770.4)0.927761994967, 16.0386424726, 111635.887711, 28.4746401534, 1926.37275465, 
<------------ GEN 95--------------->
Chromsome [0]: (784.6)-13.5794217615, -39.8393475972, 129100.812825, 24.0254167822, 1277.75864253, 
Chromsome [1]: (778.733333333)0.601443184499, -83.0299922204, 128445.285132, 26.9170636173, 831.028121497, 
Chromsome [2]: (778.733333333)0.601443184499, 80.4147066161, 161159.680428, 9.03357275054, 839.060967953, 
Chromsome [3]: (767.766666667)0.927761994967, 16.0386424726, 111635.887711, 28.4746401534, 1926.37275465, 
Chromsome [4]: (767.766666667)0.927761994967, 16.0386424726, 111635.887711, -3.19130184443, 1539.52616373, 
<------------ GEN 96--------------->
Chromsome [0]: (800.533333333)-13.5794217615, -39.8393475972, 129100.812825, 24.0254167822, 1277.75864253, 
Chromsome [1]: (794.666666667)0.601443184499, 80.4147066161, 145589.907295, 9.03357275054, 2997.58434442, 
Chromsome [2]: (794.666666667)0.601443184499, 16.0386424726, 111635.887711, 10.97673106, 1539.52616373, 
Chromsome [3]: (787.633333333)0.927761994967, -83.0299922204, 31752.6970922, 8.89023933485, 919.439498547, 
Chromsome [4]: (783.666666667)0.927761994967, 16.0386424726, 111635.887711, 28.4746401534, 1926.37275465, 
<------------ GEN 97--------------->
Chromsome [0]: (824.4)-13.5794217615, -39.8393475972, 129100.812825, 24.0254167822, 1277.75864253, 
Chromsome [1]: (821.466666667)0.601443184499, 16.0386424726, 111635.887711, 10.97673106, 1539.52616373, 
Chromsome [2]: (821.466666667)0.601443184499, 16.0386424726, 111635.887711, 10.97673106, 643.227866323, 
Chromsome [3]: (821.466666667)0.601443184499, 56.3742268438, 102633.929139, 15.291025066, 2743.33672729, 
Chromsome [4]: (807.5)0.927761994967, -83.0299922204, 31752.6970922, 8.89023933485, 919.439498547, 
<------------ GEN 98--------------->
Chromsome [0]: (806.766666667)-13.5794217615, -39.8393475972, 129100.812825, 24.0254167822, 1277.75864253, 
Chromsome [1]: (793.266666667)0.601443184499, 16.0386424726, 111635.887711, 10.97673106, 643.227866323, 
Chromsome [2]: (793.266666667)0.601443184499, 16.0386424726, 111635.887711, 10.97673106, 1539.52616373, 
Chromsome [3]: (793.266666667)0.601443184499, 16.0386424726, 141952.797296, 1.98475749828, 2291.31028426, 
Chromsome [4]: (760.4)0.927761994967, 16.0386424726, 79813.9034442, 26.552114423, 1175.82644547, 
<------------ GEN 99--------------->
Chromsome [0]: (807.766666667)-13.5794217615, -39.8393475972, 129100.812825, 24.0254167822, 1277.75864253, 
Chromsome [1]: (799.466666667)0.601443184499, 16.0386424726, 75903.198466, 18.6691618694, 2195.95338481, 
Chromsome [2]: (799.466666667)0.601443184499, 16.0386424726, 111635.887711, 10.97673106, 66.8644059777, 
Chromsome [3]: (799.466666667)0.601443184499, 16.0386424726, 141952.797296, 2.08899755366, 2291.31028426, 
Chromsome [4]: (799.466666667)0.601443184499, 16.0386424726, 111635.887711, 10.97673106, 1539.52616373, 
<------------ GEN 100--------------->
Chromsome [0]: (831.4)-23.6821505148, 71.2075494806, 76866.9279676, 24.0254167822, 830.696294021, 
Chromsome [1]: (831.4)-13.5794217615, -39.8393475972, 129100.812825, 24.0254167822, 1277.75864253, 
Chromsome [2]: (821.7)0.601443184499, 16.0386424726, 111635.887711, 10.97673106, 769.378166424, 
Chromsome [3]: (821.7)0.601443184499, 16.0386424726, 79813.9034442, 26.552114423, 2750.04729804, 
Chromsome [4]: (821.7)0.601443184499, 16.0386424726, 3149.76142675, 26.3208329762, 5626.49734243, 
