<------------ GEN 1--------------->
Chromsome [0]: (794.8)0.410669880012, -61.7857806129, 27521.3157002, 1.01717314865, 2498.09057616, 
Chromsome [1]: (755.1)6.23414215742, -38.1129392013, 164113.963322, 27.3982243462, 2159.72896055, 
Chromsome [2]: (753.9)7.02083363599, -52.7379153869, 150579.446003, 20.2127277998, 835.331737218, 
Chromsome [3]: (752.0)1.79760241608, -47.4752296947, 61644.3271048, 20.3748306977, 960.294144219, 
Chromsome [4]: (750.333333333)2.12962519134, 29.1867543448, 103596.15152, 10.6748216763, 2474.8624863, 
<------------ GEN 2--------------->
Chromsome [0]: (786.533333333)0.410669880012, -61.7857806129, 27521.3157002, 1.01717314865, 2498.09057616, 
Chromsome [1]: (764.0)0.410669880012, -61.7857806129, 61644.3271048, 20.3748306977, 960.294144219, 
Chromsome [2]: (749.133333333)1.79760241608, 33.8160283285, 81212.1503703, 72.8186775577, 2548.84244639, 
Chromsome [3]: (744.4)2.12962519134, 29.1867543448, 103596.15152, 10.6748216763, 2474.8624863, 
Chromsome [4]: (707.433333333)7.02083363599, 1.79469291538, 160877.93548, 46.8460338457, 1564.82635009, 
<------------ GEN 3--------------->
Chromsome [0]: (739.933333333)0.410669880012, -61.7857806129, 27521.3157002, 1.01717314865, 2498.09057616, 
Chromsome [1]: (727.033333333)0.410669880012, 33.4501464725, 61644.3271048, 20.3748306977, 598.351643103, 
Chromsome [2]: (724.2)0.410669880012, -61.7857806129, 27521.3157002, 21.2446550554, -434.937650462, 
Chromsome [3]: (715.433333333)0.410669880012, -61.7857806129, 61644.3271048, -7.44859758714, 1661.22274137, 
Chromsome [4]: (700.9)1.79760241608, 33.8160283285, 81212.1503703, -12.8186775577, 2548.84244639, 
<------------ GEN 4--------------->
Chromsome [0]: (785.333333333)-121.105210077, -28.1567475054, 143933.903911, 11.4539951756, 1564.82635009, 
Chromsome [1]: (764.9)0.410669880012, -61.7857806129, 27521.3157002, 1.01717314865, 2498.09057616, 
Chromsome [2]: (754.1)0.410669880012, 72.7775775055, 41649.3034692, 12.6171063098, 1312.7216148, 
Chromsome [3]: (749.9)0.410669880012, -61.7857806129, 61644.3271048, 7.44859758714, 1434.93765046, 
Chromsome [4]: (749.9)0.410669880012, -61.7857806129, 61644.3271048, 7.44859758714, 1661.22274137, 
<------------ GEN 5--------------->
Chromsome [0]: (802.1)-121.105210077, -28.1567475054, 143933.903911, 11.4539951756, 1564.82635009, 
Chromsome [1]: (774.133333333)0.410669880012, -61.7857806129, -61599.0582798, 2.55974371324, 1950.18994766, 
Chromsome [2]: (767.066666667)0.410669880012, 49.1378545301, 10352.6990212, 22.4591666529, 1170.38980733, 
Chromsome [3]: (761.166666667)0.410669880012, -61.7857806129, 61644.3271048, 7.44859758714, 1661.22274137, 
Chromsome [4]: (757.4)1.79760241608, 33.8160283285, 81212.1503703, -19.1739375815, 2548.84244639, 
<------------ GEN 6--------------->
Chromsome [0]: (787.566666667)-23.5556899611, -53.4131430543, 19918.4243269, 26.4582492322, 2465.96996464, 
Chromsome [1]: (787.566666667)-135.31203577, -28.1567475054, 131153.363208, 0.369818776174, -3228.19607224, 
Chromsome [2]: (787.566666667)-121.105210077, -28.1567475054, 143933.903911, 11.4539951756, 1564.82635009, 
Chromsome [3]: (773.233333333)0.410669880012, -14.3091230596, 27521.3157002, 3.83778115984, 561.624909078, 
Chromsome [4]: (760.633333333)0.410669880012, -61.7857806129, 70449.4857608, 29.5696593501, 1661.22274137, 
<------------ GEN 7--------------->
Chromsome [0]: (798.0)-47.5373375575, -53.4131430543, 19918.4243269, 9.07577557221, 2263.08506813, 
Chromsome [1]: (798.0)-23.5556899611, -53.4131430543, 19918.4243269, 26.4582492322, 2465.96996464, 
Chromsome [2]: (773.5)0.410669880012, -14.3091230596, 12500.7574054, 16.1174217153, 2818.73865541, 
Chromsome [3]: (770.166666667)0.410669880012, -61.7857806129, 144775.995027, 29.5696593501, 1661.22274137, 
Chromsome [4]: (769.266666667)1.79760241608, 33.8160283285, 101745.209525, 19.1739375815, 858.82328207, 
<------------ GEN 8--------------->
Chromsome [0]: (794.6)-103.959382374, -61.7857806129, 12891.4864047, 2.55974371324, 2236.27100521, 
Chromsome [1]: (794.6)-32.1488329553, 38.4828958839, 95813.6659257, 27.3982243462, 649.110996764, 
Chromsome [2]: (794.6)-19.1883443642, 32.114995003, 10352.6990212, 22.4591666529, 858.82328207, 
Chromsome [3]: (794.6)-47.5373375575, -53.4131430543, 19918.4243269, 9.07577557221, 2263.08506813, 
Chromsome [4]: (752.733333333)1.79760241608, 33.8160283285, 206093.085875, 19.1739375815, 561.624909078, 
<------------ GEN 9--------------->
Chromsome [0]: (806.366666667)-189.844499595, -14.3091230596, 27521.3157002, 26.7960660566, 1123.38443234, 
Chromsome [1]: (806.366666667)-103.959382374, -61.7857806129, 12891.4864047, 2.55974371324, 2236.27100521, 
Chromsome [2]: (764.4)1.79760241608, 33.8160283285, 153906.914125, 19.1739375815, 561.624909078, 
Chromsome [3]: (764.4)1.79760241608, 23.3431724862, 131153.363208, 0.369818776174, 1507.87231845, 
Chromsome [4]: (752.533333333)3.43442015444, -65.8214222883, 27521.3157002, 22.4591666529, 858.82328207, 
<------------ GEN 10--------------->
Chromsome [0]: (789.433333333)-189.844499595, -14.3091230596, 27521.3157002, 26.7960660566, 1123.38443234, 
Chromsome [1]: (751.633333333)1.79760241608, 33.8160283285, 153906.914125, 20.4530285399, 3280.50067585, 
Chromsome [2]: (740.0)3.43442015444, -65.8214222883, 27521.3157002, 22.4591666529, 858.82328207, 
Chromsome [3]: (740.0)3.43442015444, -69.8030455287, 19918.4243269, 9.07577557221, 1189.1959836, 
Chromsome [4]: (645.4)73.0861912313, -26.7997281004, -17442.0045562, 0.369818776174, 1507.87231845, 
<------------ GEN 11--------------->
Chromsome [0]: (785.1)-122.058477547, 55.4063078301, 143743.780052, 32.2392067889, 2236.27100521, 
Chromsome [1]: (785.1)-189.844499595, -14.3091230596, 27521.3157002, 26.7960660566, 1123.38443234, 
Chromsome [2]: (731.466666667)1.3660750357, -61.7857806129, 168842.125768, 23.8197092259, 1221.99989858, 
Chromsome [3]: (722.766666667)2.57826543475, -88.7850670976, 155185.871754, 26.4582492322, 2465.96996464, 
Chromsome [4]: (722.466666667)3.43442015444, -69.8030455287, 19918.4243269, 9.07577557221, 1189.1959836, 
<------------ GEN 12--------------->
Chromsome [0]: (804.7)-122.058477547, 55.4063078301, 143743.780052, 32.2392067889, 2236.27100521, 
Chromsome [1]: (779.1)3.43442015444, -80.0303891936, 174771.502695, 29.2241690154, 649.924055722, 
Chromsome [2]: (758.266666667)1.3660750357, -64.1637301105, 19918.4243269, 9.07577557221, 1189.1959836, 
Chromsome [3]: (757.466666667)2.57826543475, -24.1487401987, 27521.3157002, 26.7960660566, 1123.38443234, 
Chromsome [4]: (753.433333333)3.43442015444, -61.9936108833, 168842.125768, 23.8197092259, 1221.99989858, 
<------------ GEN 13--------------->
Chromsome [0]: (813.033333333)-23.9549832799, -53.4131430543, 27521.3157002, 25.0969033684, 1123.38443234, 
Chromsome [1]: (813.033333333)-122.058477547, 55.4063078301, 143743.780052, 32.2392067889, 2236.27100521, 
Chromsome [2]: (766.966666667)3.43442015444, -80.0303891936, -159616.461797, 29.2241690154, 649.924055722, 
Chromsome [3]: (750.833333333)3.43442015444, -80.0303891936, 174771.502695, 29.2241690154, 649.924055722, 
Chromsome [4]: (749.866666667)1.3660750357, -64.1637301105, 105657.498666, 9.07577557221, 1189.1959836, 
<------------ GEN 14--------------->
Chromsome [0]: (782.166666667)-23.9549832799, -53.4131430543, 27521.3157002, 25.0969033684, 1123.38443234, 
Chromsome [1]: (715.666666667)3.43442015444, -80.0303891936, 27521.3157002, 25.0969033684, 1123.38443234, 
Chromsome [2]: (681.033333333)2.57826543475, -24.1487401987, 27521.3157002, 26.7960660566, 1189.1959836, 
Chromsome [3]: (608.566666667)18.1670192009, 33.8160283285, 19918.4243269, 23.2722327944, 1994.3600923, 
Chromsome [4]: (603.1)9.95550040466, -14.3091230596, 143867.801169, 4.96869855171, 1123.38443234, 
<------------ GEN 15--------------->
Chromsome [0]: (802.466666667)-23.9549832799, -53.4131430543, 27521.3157002, 25.0969033684, 1123.38443234, 
Chromsome [1]: (698.466666667)2.57826543475, -24.1487401987, 27521.3157002, 26.7960660566, 2715.61496173, 
Chromsome [2]: (695.833333333)2.57826543475, -26.958434908, 27521.3157002, 26.7960660566, 1189.1959836, 
Chromsome [3]: (639.633333333)9.95550040466, -14.3091230596, 143867.801169, 4.96869855171, 2157.03397868, 
Chromsome [4]: (615.3)9.95550040466, -69.0678166404, 176287.018075, 26.7960660566, 1922.9595051, 
<------------ GEN 16--------------->
Chromsome [0]: (810.633333333)-18.6280876243, 79.8692050562, 96269.9475829, 18.5635996146, 2590.37334196, 
Chromsome [1]: (810.633333333)-23.9549832799, -53.4131430543, 27521.3157002, 25.0969033684, 1123.38443234, 
Chromsome [2]: (747.333333333)81.2030997377, -28.4595033735, -69011.7928157, -16.1066131786, 2685.14132968, 
Chromsome [3]: (744.466666667)2.57826543475, -26.958434908, -37004.5492297, 26.7960660566, 1123.38443234, 
Chromsome [4]: (707.433333333)2.57826543475, -24.1487401987, 27521.3157002, 26.7960660566, 2715.61496173, 
<------------ GEN 17--------------->
Chromsome [0]: (807.733333333)-18.6280876243, 79.8692050562, 96269.9475829, 18.5635996146, 2590.37334196, 
Chromsome [1]: (742.2)2.57826543475, 147.952377994, -30987.4839656, 25.0969033684, 717.293828521, 
Chromsome [2]: (706.3)2.57826543475, -24.1487401987, 27521.3157002, 4.12305808433, 2157.03397868, 
Chromsome [3]: (704.9)2.57826543475, -88.2713585015, 74773.8649547, 26.7960660566, 1189.1959836, 
Chromsome [4]: (701.4)2.57826543475, -26.958434908, 37004.5492297, 19.9133765215, 1123.38443234, 
<------------ GEN 18--------------->
Chromsome [0]: (803.633333333)-18.6280876243, 79.8692050562, 96269.9475829, 18.5635996146, 2590.37334196, 
Chromsome [1]: (724.066666667)2.59288839318, 79.8692050562, 67775.3598634, 18.5635996146, 2929.97965492, 
Chromsome [2]: (720.0)2.57826543475, -88.2713585015, 74773.8649547, 26.7960660566, 1189.1959836, 
Chromsome [3]: (719.766666667)2.57826543475, -24.1487401987, 99453.883567, 24.4814154842, 1170.38980733, 
Chromsome [4]: (718.266666667)11.6618104018, -26.958434908, 155185.871754, 16.194883337, 2719.49932415, 
<------------ GEN 19--------------->
Chromsome [0]: (813.066666667)-18.6280876243, 79.8692050562, 96269.9475829, 18.5635996146, 2590.37334196, 
Chromsome [1]: (720.533333333)22.4135337048, -24.1487401987, -98558.4789902, 4.12305808433, 2758.28385504, 
Chromsome [2]: (715.133333333)2.59288839318, 19.1828052654, 96269.9475829, 10.8614836056, 2590.37334196, 
Chromsome [3]: (710.766666667)4.03967995098, 11.5808298691, 81048.1419606, 9.07577557221, 1711.51034911, 
Chromsome [4]: (705.566666667)11.5330270046, -28.4816244978, 105657.498666, 27.7607932111, 522.018933509, 
<------------ GEN 20--------------->
Chromsome [0]: (818.433333333)-18.6280876243, 79.8692050562, 96269.9475829, 18.5635996146, 2590.37334196, 
Chromsome [1]: (760.066666667)4.63348482411, 81.2457128884, 168925.356638, 6.56280643068, 1994.3600923, 
Chromsome [2]: (749.066666667)2.57826543475, -27.0231171924, 10352.6990212, 4.96869855171, 1123.38443234, 
Chromsome [3]: (739.366666667)4.03967995098, 11.5808298691, 157542.355164, 23.0115120031, 1772.23230064, 
Chromsome [4]: (739.066666667)2.59288839318, 19.1828052654, 96269.9475829, 18.5635996146, 2590.37334196, 
<------------ GEN 21--------------->
Chromsome [0]: (815.1)-18.6280876243, 79.8692050562, 96269.9475829, 18.5635996146, 2590.37334196, 
Chromsome [1]: (789.333333333)0.671158492389, 73.3492178406, 10352.6990212, 4.96869855171, 1123.38443234, 
Chromsome [2]: (755.433333333)4.03967995098, -88.2713585015, 95922.707593, 19.971424337, 1189.1959836, 
Chromsome [3]: (743.1)2.59288839318, -169.348809445, 96269.9475829, 18.5635996146, 2590.37334196, 
Chromsome [4]: (726.733333333)2.57826543475, -84.0493877023, 99453.883567, 10.886737516, 1170.38980733, 
<------------ GEN 22--------------->
Chromsome [0]: (829.066666667)-18.6280876243, 79.8692050562, 96269.9475829, 18.5635996146, 2590.37334196, 
Chromsome [1]: (817.333333333)0.671158492389, 73.3492178406, 10352.6990212, 4.96869855171, 7820.9155936, 
Chromsome [2]: (783.1)4.03967995098, -88.2713585015, 95922.707593, 19.971424337, 1189.1959836, 
Chromsome [3]: (769.0)2.59288839318, -0.598350409935, 96269.9475829, 18.5635996146, 2590.37334196, 
Chromsome [4]: (761.833333333)2.59288839318, -10.6511905548, 96269.9475829, 18.5635996146, 2590.37334196, 
<------------ GEN 23--------------->
Chromsome [0]: (806.266666667)-30.9625609648, -24.1487401987, 1761.78889858, 3.71433753887, 5924.72123083, 
Chromsome [1]: (806.266666667)-18.6280876243, 79.8692050562, 96269.9475829, 18.5635996146, 2590.37334196, 
Chromsome [2]: (790.133333333)0.671158492389, -97.1528690082, 10352.6990212, 4.96869855171, 1752.09163373, 
Chromsome [3]: (775.133333333)4.03967995098, -88.2713585015, 95922.707593, 22.9362808296, 1189.1959836, 
Chromsome [4]: (775.133333333)4.03967995098, -88.2713585015, 95922.707593, 19.971424337, 1189.1959836, 
<------------ GEN 24--------------->
Chromsome [0]: (793.733333333)-30.9625609648, -24.1487401987, 1761.78889858, 3.71433753887, 5924.72123083, 
Chromsome [1]: (747.466666667)0.671158492389, 76.3961765342, 45180.8248603, 29.4220706533, 2841.18422825, 
Chromsome [2]: (744.266666667)4.03967995098, -88.2713585015, 95922.707593, 22.9362808296, 1189.1959836, 
Chromsome [3]: (734.766666667)2.59288839318, -0.598350409935, 96269.9475829, 4.20743727375, 743.463008942, 
Chromsome [4]: (723.533333333)2.59288839318, -10.6511905548, 1124.8150081, 18.5635996146, 2985.70573864, 
<------------ GEN 25--------------->
Chromsome [0]: (793.2)-30.9625609648, -24.1487401987, 1761.78889858, 3.71433753887, 5924.72123083, 
Chromsome [1]: (744.5)4.03967995098, -88.2713585015, 95922.707593, 22.9362808296, 1904.29656548, 
Chromsome [2]: (741.366666667)0.671158492389, -54.5091565474, 63201.0084755, 29.4220706533, 2233.81190027, 
Chromsome [3]: (735.0)2.59288839318, -0.598350409935, 96269.9475829, 23.262226059, 2758.28385504, 
Chromsome [4]: (731.9)6.35120654252, -0.598350409935, -33188.196895, 27.7607932111, 522.018933509, 
<------------ GEN 26--------------->
Chromsome [0]: (778.5)-10.4323331993, 4.71467467622, 31026.3822552, 9.72767283811, 2051.63553027, 
Chromsome [1]: (778.5)-30.9625609648, -24.1487401987, 1761.78889858, 3.71433753887, 5924.72123083, 
Chromsome [2]: (729.166666667)0.671158492389, -9.73482707727, 99453.883567, 10.886737516, 2455.18708319, 
Chromsome [3]: (725.8)4.03967995098, -88.2713585015, 81008.1481179, 22.9362808296, 1904.29656548, 
Chromsome [4]: (717.966666667)0.671158492389, -54.5091565474, 63201.0084755, 29.4220706533, 2233.81190027, 
<------------ GEN 27--------------->
Chromsome [0]: (789.866666667)-99.0877417591, 73.4808774993, 20020.4168087, 7.85811494872, 1176.55171989, 
Chromsome [1]: (789.866666667)-10.4323331993, 4.71467467622, 31026.3822552, 9.72767283811, 2051.63553027, 
Chromsome [2]: (736.533333333)2.59288839318, -10.6511905548, -43201.6360879, 1.81369351853, 2511.99042439, 
Chromsome [3]: (735.066666667)4.03967995098, -88.2713585015, 81008.1481179, 22.9362808296, 1904.29656548, 
Chromsome [4]: (715.0)11.3221564004, 32.7785667544, 35087.2313756, 4.96869855171, 2691.48342547, 
<------------ GEN 28--------------->
Chromsome [0]: (783.166666667)-19.7510385483, -24.1487401987, 1761.78889858, 18.0727039603, 1204.68897161, 
Chromsome [1]: (783.166666667)-99.0877417591, 73.4808774993, 20020.4168087, 7.85811494872, 1176.55171989, 
Chromsome [2]: (682.1)2.59288839318, -10.6511905548, 39031.3384516, 18.5635996146, 2985.70573864, 
Chromsome [3]: (681.533333333)2.59288839318, -10.6511905548, 50858.1827724, 18.5635996146, 1474.90680411, 
Chromsome [4]: (678.4)6.35120654252, -29.4850466009, 96269.9475829, 12.9303147079, 2124.51380262, 
<------------ GEN 29--------------->
Chromsome [0]: (778.033333333)-35.1728325259, -37.7438834081, 84697.7672098, 29.4220706533, 2233.81190027, 
Chromsome [1]: (778.033333333)-28.2373341008, -24.1487401987, 1761.78889858, 23.262226059, 2758.28385504, 
Chromsome [2]: (778.033333333)-19.7510385483, -24.1487401987, 1761.78889858, 18.0727039603, 1204.68897161, 
Chromsome [3]: (675.033333333)2.59288839318, -10.6511905548, 50858.1827724, 6.36834152523, 2691.48342547, 
Chromsome [4]: (664.966666667)2.59288839318, -78.985982342, 175148.814673, 28.4440033477, 2689.60196009, 
<------------ GEN 30--------------->
Chromsome [0]: (776.2)-4.34211780843, 73.4808774993, 107390.694788, 6.20876544909, 1923.80746858, 
Chromsome [1]: (776.2)-35.1728325259, -37.7438834081, 84697.7672098, 29.4220706533, 2233.81190027, 
Chromsome [2]: (703.2)4.03967995098, -91.0315806272, 175148.814673, 28.4440033477, 2689.60196009, 
Chromsome [3]: (670.133333333)2.59288839318, 17.8537585358, 50858.1827724, 6.36834152523, 1996.68224943, 
Chromsome [4]: (669.5)2.83053640586, -18.4931640361, 96269.9475829, 12.6034799189, 1176.55171989, 
<------------ GEN 31--------------->
Chromsome [0]: (791.333333333)-50.5072469766, 73.4808774993, 18490.4762264, 6.20876544909, 1923.80746858, 
Chromsome [1]: (791.333333333)-44.9307275487, 53.5110695252, 174861.912869, 4.96869855171, 1999.92435717, 
Chromsome [2]: (791.333333333)-4.34211780843, 73.4808774993, 107390.694788, 6.20876544909, 1923.80746858, 
Chromsome [3]: (748.366666667)4.03967995098, -88.9684193728, 175148.814673, -9.24832970993, 2689.60196009, 
Chromsome [4]: (747.866666667)4.54211780843, 73.4808774993, 173398.646305, 7.85811494872, 1176.55171989, 
<------------ GEN 32--------------->
Chromsome [0]: (768.1)-2.00142282061, 65.0716570191, 174861.912869, 4.96869855171, 1245.7951166, 
Chromsome [1]: (768.1)-50.5072469766, 73.4808774993, 18490.4762264, 6.20876544909, 1923.80746858, 
Chromsome [2]: (738.833333333)4.54211780843, 97.2893651903, 165729.653827, 7.85811494872, 1273.825622, 
Chromsome [3]: (734.833333333)4.03967995098, -88.9684193728, 175148.814673, 57.3832870586, 2689.60196009, 
Chromsome [4]: (705.966666667)2.59288839318, -78.985982342, 81008.1481179, 18.0727039603, 1176.55171989, 
<------------ GEN 33--------------->
Chromsome [0]: (813.266666667)-2.00142282061, 65.0716570191, 174861.912869, 4.96869855171, 1245.7951166, 
Chromsome [1]: (782.533333333)4.03967995098, 119.596203668, 51088.8105981, 2.61671294142, 873.592124014, 
Chromsome [2]: (782.066666667)4.54211780843, 82.7106348097, 84697.7672098, 29.4220706533, 2233.81190027, 
Chromsome [3]: (778.733333333)3.54762490843, -37.7438834081, -89364.418308, 8.76308097902, 2124.51380262, 
Chromsome [4]: (753.366666667)2.20142282061, 65.0716570191, 174861.912869, 17.2455010149, 2075.03118669, 
<------------ GEN 34--------------->
Chromsome [0]: (791.933333333)-17.6331113663, 73.4808774993, 32956.0742124, 10.196327225, 2475.72047625, 
Chromsome [1]: (791.933333333)-2.00142282061, 65.0716570191, 174861.912869, 4.96869855171, 1245.7951166, 
Chromsome [2]: (745.966666667)4.03967995098, -81.3178358283, 202294.907595, 8.76308097902, 2124.51380262, 
Chromsome [3]: (745.366666667)4.54211780843, 82.7106348097, 84697.7672098, 29.4220706533, 2233.81190027, 
Chromsome [4]: (708.466666667)2.20142282061, 65.0716570191, 51088.8105981, 2.61671294142, 873.592124014, 
<------------ GEN 35--------------->
Chromsome [0]: (806.366666667)-17.6331113663, 73.4808774993, 32956.0742124, 10.196327225, 2475.72047625, 
Chromsome [1]: (766.9)3.54762490843, 106.626785016, 175148.814673, 9.9051656415, 1923.80746858, 
Chromsome [2]: (765.966666667)4.54211780843, 82.7106348097, 84697.7672098, 25.844877532, 832.875200645, 
Chromsome [3]: (728.433333333)3.54762490843, -72.5630335458, 126873.49314, 12.3972110108, 2251.38341788, 
Chromsome [4]: (727.933333333)4.03967995098, 60.4037963315, 174861.912869, 11.2386037125, 1245.7951166, 
<------------ GEN 36--------------->
Chromsome [0]: (822.666666667)-17.6331113663, 73.4808774993, 32956.0742124, 10.196327225, 2475.72047625, 
Chromsome [1]: (751.133333333)4.03967995098, 60.4037963315, -154500.39875, 11.2386037125, 832.875200645, 
Chromsome [2]: (711.766666667)3.54762490843, 73.3732149845, 148517.130784, -17.9786214445, 2233.81190027, 
Chromsome [3]: (711.433333333)3.54762490843, -72.5630335458, 126873.49314, 12.3972110108, 2251.38341788, 
Chromsome [4]: (711.0)5.92556127706, 73.4808774993, 32956.0742124, 10.196327225, 2475.72047625, 
<------------ GEN 37--------------->
Chromsome [0]: (830.566666667)-17.6331113663, 73.4808774993, 32956.0742124, 10.196327225, 2475.72047625, 
Chromsome [1]: (775.633333333)4.89709370244, 60.4037963315, 43173.3044881, 23.8176865202, 832.875200645, 
Chromsome [2]: (765.666666667)4.03967995098, 73.4808774993, 32956.0742124, 10.196327225, 2475.72047625, 
Chromsome [3]: (743.966666667)1.27525174069, -44.0525084257, 31026.3822552, 6.90116875329, 1215.92830662, 
Chromsome [4]: (734.233333333)3.54762490843, 45.5585392941, 126873.49314, 16.2380187541, 1227.31163495, 
<------------ GEN 38--------------->
Chromsome [0]: (841.833333333)-17.6331113663, 73.4808774993, 32956.0742124, 10.196327225, 2475.72047625, 
Chromsome [1]: (777.866666667)4.89709370244, 87.9321984795, 157705.092405, 42.6314221767, 2124.51380262, 
Chromsome [2]: (776.766666667)5.3011223251, 73.4808774993, 83669.1250668, 11.2386037125, 838.419254321, 
Chromsome [3]: (773.7)4.60594550447, -88.2713585015, 143945.88337, 3.39389812304, 853.680456769, 
Chromsome [4]: (768.1)4.03967995098, 73.4808774993, 32956.0742124, 10.196327225, 2475.72047625, 
<------------ GEN 39--------------->
Chromsome [0]: (831.4)-17.6331113663, 73.4808774993, 32956.0742124, 10.196327225, 2475.72047625, 
Chromsome [1]: (781.466666667)4.60594550447, 73.4808774993, 32956.0742124, 14.8056011406, 2475.72047625, 
Chromsome [2]: (781.166666667)4.89709370244, 88.5464830892, 157705.092405, 17.3685778233, 789.785663937, 
Chromsome [3]: (762.0)5.3011223251, 73.4808774993, 83669.1250668, 11.2386037125, 2086.57187511, 
Chromsome [4]: (752.366666667)3.54762490843, -141.413800381, 30533.0167146, 8.56476014055, 2444.20225543, 
<------------ GEN 40--------------->
Chromsome [0]: (837.9)-17.6331113663, 73.4808774993, 32956.0742124, 10.196327225, 2475.72047625, 
Chromsome [1]: (802.066666667)4.89709370244, 88.5464830892, 43689.0781569, 1.71318902185, 735.748538458, 
Chromsome [2]: (794.266666667)3.54762490843, 78.4688616383, 30533.0167146, 10.196327225, 2475.72047625, 
Chromsome [3]: (778.533333333)4.03967995098, -2.06739203456, 32956.0742124, 10.196327225, 2475.72047625, 
Chromsome [4]: (777.166666667)5.3011223251, 73.4808774993, 143644.268576, 26.8818292189, 2502.70684475, 
<------------ GEN 41--------------->
Chromsome [0]: (827.533333333)-25.287828278, 58.8722032001, 158500.319506, 2.7291725866, 2494.83882484, 
Chromsome [1]: (827.533333333)-17.6331113663, 73.4808774993, 32956.0742124, 10.196327225, 2475.72047625, 
Chromsome [2]: (793.866666667)3.54762490843, 79.2501928193, 50320.3372118, 1.71318902185, 2124.51380262, 
Chromsome [3]: (789.366666667)3.54762490843, 78.4688616383, 30533.0167146, 10.196327225, 2475.72047625, 
Chromsome [4]: (787.433333333)5.3011223251, 213.317241019, 115525.472524, 8.56476014055, 2444.20225543, 
<------------ GEN 42--------------->
Chromsome [0]: (826.933333333)-25.287828278, 58.8722032001, 158500.319506, 2.7291725866, 2494.83882484, 
Chromsome [1]: (809.166666667)5.3011223251, -33.3172410188, 30533.0167146, 10.196327225, 2475.72047625, 
Chromsome [2]: (805.433333333)5.3011223251, -33.3172410188, 115525.472524, 19.4402658213, 2544.50389219, 
Chromsome [3]: (788.6)3.54762490843, 79.2501928193, 101063.881523, 1.71318902185, 2124.51380262, 
Chromsome [4]: (788.5)3.54762490843, 78.4688616383, 115525.472524, 17.599138513, 2444.20225543, 
<------------ GEN 43--------------->
Chromsome [0]: (841.033333333)-25.287828278, 58.8722032001, 158500.319506, 2.7291725866, 2494.83882484, 
Chromsome [1]: (817.666666667)3.54762490843, 79.2501928193, 101063.881523, 5.42794943508, 1805.15991639, 
Chromsome [2]: (817.666666667)3.54762490843, 79.2501928193, 101063.881523, 26.4502950917, 740.561183945, 
Chromsome [3]: (808.3)5.3011223251, -33.3172410188, 34473.262516, 19.4402658213, 2544.50389219, 
Chromsome [4]: (808.233333333)5.3011223251, -33.3172410188, 157994.096093, 10.196327225, 735.748538458, 
<------------ GEN 44--------------->
Chromsome [0]: (820.033333333)-25.287828278, 58.8722032001, 158500.319506, 2.7291725866, 2494.83882484, 
Chromsome [1]: (786.333333333)5.3011223251, -33.3172410188, 114361.570382, 2.38508985352, 719.779571561, 
Chromsome [2]: (782.233333333)3.54762490843, 79.2501928193, 101063.881523, 5.42794943508, 1805.15991639, 
Chromsome [3]: (778.966666667)5.3011223251, 58.8722032001, 158500.319506, 2.7291725866, 2494.83882484, 
Chromsome [4]: (765.566666667)3.54762490843, 53.5162753666, 32956.0742124, 23.1401476306, 2444.20225543, 
<------------ GEN 45--------------->
Chromsome [0]: (840.7)-36.0574484483, 2.13466629831, 17261.3678217, 5.42794943508, 1805.15991639, 
Chromsome [1]: (840.7)-25.287828278, 58.8722032001, 158500.319506, 2.7291725866, 2494.83882484, 
Chromsome [2]: (791.866666667)3.54762490843, 79.2501928193, 101063.881523, 5.42794943508, 2444.20225543, 
Chromsome [3]: (791.866666667)3.54762490843, 79.2501928193, 101063.881523, 17.599138513, 2444.20225543, 
Chromsome [4]: (783.766666667)5.3011223251, 58.8722032001, 158500.319506, 2.7291725866, 2494.83882484, 
<------------ GEN 46--------------->
Chromsome [0]: (841.166666667)-36.0574484483, 2.13466629831, 17261.3678217, 5.42794943508, 1805.15991639, 
Chromsome [1]: (770.066666667)3.54762490843, 79.2501928193, 104545.767043, 5.42794943508, 2444.20225543, 
Chromsome [2]: (761.2)5.3011223251, 58.8722032001, 158500.319506, 8.89040902161, 1732.64366826, 
Chromsome [3]: (761.166666667)5.3011223251, -93.4584069005, 158500.319506, 2.7291725866, 2494.83882484, 
Chromsome [4]: (758.766666667)5.3011223251, 2.13466629831, 17261.3678217, 7.83719943856, 1406.30304447, 
<------------ GEN 47--------------->
Chromsome [0]: (824.666666667)-36.0574484483, 2.13466629831, 17261.3678217, 5.42794943508, 1805.15991639, 
Chromsome [1]: (761.266666667)1.15127518247, -60.7556041649, 17261.3678217, 5.42794943508, 1805.15991639, 
Chromsome [2]: (757.166666667)3.54762490843, -0.747960245166, 104545.767043, 5.42794943508, 2444.20225543, 
Chromsome [3]: (743.466666667)5.3011223251, 2.13466629831, 17261.3678217, 10.9835637412, 1506.32487946, 
Chromsome [4]: (740.9)5.3011223251, 58.8722032001, 158500.319506, 2.7291725866, 2494.83882484, 
<------------ GEN 48--------------->
Chromsome [0]: (820.4)-56.5063794186, -38.6020200908, 118799.133861, 25.0159659273, 2967.18406449, 
Chromsome [1]: (820.4)-26.5967505333, 2.13466629831, 17261.3678217, 23.1401476306, 2444.20225543, 
Chromsome [2]: (820.4)-36.0574484483, 2.13466629831, 17261.3678217, 5.42794943508, 1805.15991639, 
Chromsome [3]: (768.866666667)5.3011223251, -86.5415930995, -5023.81635893, 13.1566264974, 1732.64366826, 
Chromsome [4]: (768.8)5.3011223251, 78.1180299161, 42920.8906276, 2.95730210097, 791.905821301, 
<------------ GEN 49--------------->
Chromsome [0]: (813.833333333)-16.9228326345, 2.13466629831, 17261.3678217, 23.1401476306, 2444.20225543, 
Chromsome [1]: (813.833333333)-58.7135656957, -24.5313069167, 77863.6036788, 7.43780939304, 2494.83882484, 
Chromsome [2]: (813.833333333)-56.5063794186, -38.6020200908, 118799.133861, 25.0159659273, 2967.18406449, 
Chromsome [3]: (758.466666667)5.3011223251, -49.6268269029, 17261.3678217, -1.57237863889, 2335.4282857, 
Chromsome [4]: (753.033333333)5.3011223251, 78.1180299161, 42920.8906276, 2.95730210097, 791.905821301, 
<------------ GEN 50--------------->
Chromsome [0]: (782.133333333)-16.9228326345, 2.13466629831, 17261.3678217, 23.1401476306, 2444.20225543, 
Chromsome [1]: (701.466666667)5.3011223251, 78.1180299161, 22957.7757565, 2.95730210097, 791.905821301, 
Chromsome [2]: (693.4)5.91560301519, -26.9063372932, 62866.615296, -7.55492492409, 1805.15991639, 
Chromsome [3]: (691.866666667)5.3011223251, 60.2147048446, 17261.3678217, 22.7729205789, 1506.32487946, 
Chromsome [4]: (691.633333333)5.3011223251, 58.7151141098, 42920.8906276, 2.95730210097, 2930.15949978, 
<------------ GEN 51--------------->
Chromsome [0]: (785.8)-39.8751071764, 34.0273200722, 145128.83903, 5.42794943508, 1205.29543365, 
Chromsome [1]: (785.8)-16.9228326345, 2.13466629831, 17261.3678217, 23.1401476306, 2444.20225543, 
Chromsome [2]: (705.366666667)1.15127518247, -60.7556041649, 14026.0297396, 29.3878284307, 1805.15991639, 
Chromsome [3]: (699.833333333)5.91560301519, 24.8383971883, 17261.3678217, 1.57237863889, 1325.39946602, 
Chromsome [4]: (699.266666667)5.3011223251, 58.7151141098, 29330.9058964, 2.95730210097, 2930.15949978, 
<------------ GEN 52--------------->
Chromsome [0]: (804.633333333)-63.8127539611, 37.5620098398, 129145.852847, 12.0899555143, 2448.14721262, 
Chromsome [1]: (804.633333333)-39.8751071764, 34.0273200722, 145128.83903, 5.42794943508, 1205.29543365, 
Chromsome [2]: (734.033333333)1.15127518247, 266.871217604, 14026.0297396, 29.3878284307, 1805.15991639, 
Chromsome [3]: (714.033333333)5.3011223251, 58.7151141098, 29330.9058964, 2.95730210097, 2930.15949978, 
Chromsome [4]: (710.166666667)5.3011223251, 38.0751382363, 17261.3678217, 10.0652296055, 2001.62474476, 
<------------ GEN 53--------------->
Chromsome [0]: (815.3)-63.8127539611, 37.5620098398, 129145.852847, 12.0899555143, 2448.14721262, 
Chromsome [1]: (733.733333333)1.15127518247, -86.8712176039, 14026.0297396, 10.0652296055, 2001.62474476, 
Chromsome [2]: (694.1)5.3011223251, 38.0751382363, 17261.3678217, 29.3878284307, 1805.15991639, 
Chromsome [3]: (692.966666667)5.3011223251, 58.7151141098, 29330.9058964, 23.1401476306, 2444.20225543, 
Chromsome [4]: (690.966666667)5.91560301519, -26.9063372932, 59429.120701, 8.30892206308, 1759.58440648, 
<------------ GEN 54--------------->
Chromsome [0]: (804.366666667)-63.8127539611, 37.5620098398, 129145.852847, 12.0899555143, 2448.14721262, 
Chromsome [1]: (730.666666667)1.15127518247, -86.8712176039, 14026.0297396, 10.0652296055, 2001.62474476, 
Chromsome [2]: (713.933333333)5.3011223251, 62.1887273916, 19517.5394177, 13.1453968754, 2658.49455567, 
Chromsome [3]: (711.566666667)5.3011223251, 38.0751382363, 17261.3678217, 3.85543831169, 2091.46656259, 
Chromsome [4]: (711.433333333)5.91560301519, -26.9063372932, 113950.512037, 8.30892206308, 2553.06731282, 
<------------ GEN 55--------------->
Chromsome [0]: (814.633333333)-63.8127539611, 37.5620098398, 129145.852847, 12.0899555143, 2448.14721262, 
Chromsome [1]: (709.8)5.3011223251, 48.2376282045, 19517.5394177, 3.85543831169, 2091.46656259, 
Chromsome [2]: (707.1)5.3011223251, 38.0751382363, 17261.3678217, 13.1453968754, 2658.49455567, 
Chromsome [3]: (703.966666667)5.91560301519, -26.9063372932, 113950.512037, 8.30892206308, 2553.06731282, 
Chromsome [4]: (702.6)5.3011223251, -33.1023781086, 19517.5394177, 13.1453968754, 2658.49455567, 
<------------ GEN 56--------------->
Chromsome [0]: (798.4)-63.8127539611, 37.5620098398, 129145.852847, 12.0899555143, 2448.14721262, 
Chromsome [1]: (710.233333333)5.3011223251, 48.2376282045, 19517.5394177, 3.85543831169, 2091.46656259, 
Chromsome [2]: (710.166666667)5.3011223251, 38.0751382363, 17261.3678217, 13.1453968754, 1076.46006401, 
Chromsome [3]: (710.033333333)5.91560301519, -28.8427221586, 113950.512037, 8.30892206308, 2553.06731282, 
Chromsome [4]: (707.866666667)5.3011223251, -87.559092176, 83072.6475453, 3.85543831169, 3872.05083958, 
<------------ GEN 57--------------->
Chromsome [0]: (805.166666667)-63.8127539611, 37.5620098398, 129145.852847, 12.0899555143, 2448.14721262, 
Chromsome [1]: (703.7)5.3011223251, 48.2376282045, 19517.5394177, 2.41815708723, -1184.988562, 
Chromsome [2]: (700.633333333)5.3011223251, 38.0751382363, 17261.3678217, 13.1453968754, 1076.46006401, 
Chromsome [3]: (700.166666667)5.91560301519, -28.8427221586, 17261.3678217, 28.5711923275, 1076.46006401, 
Chromsome [4]: (697.5)5.3011223251, -87.559092176, 44021.222791, 9.39808656219, 2315.40864492, 
<------------ GEN 58--------------->
Chromsome [0]: (774.933333333)-15.2635416947, 38.0751382363, 66592.4374596, 9.56055679609, 2553.06731282, 
Chromsome [1]: (774.933333333)-63.8127539611, 37.5620098398, 129145.852847, 12.0899555143, 2448.14721262, 
Chromsome [2]: (680.4)4.36285376202, -82.3620498785, 83367.0706268, 14.3280283226, 1269.80553283, 
Chromsome [3]: (676.9)5.3011223251, 48.2376282045, 19517.5394177, 2.41815708723, 2184.988562, 
Chromsome [4]: (673.833333333)5.3011223251, 38.0751382363, 17261.3678217, 13.1453968754, 1076.46006401, 
<------------ GEN 59--------------->
Chromsome [0]: (806.333333333)-15.2635416947, 38.0751382363, 66592.4374596, 9.56055679609, 2553.06731282, 
Chromsome [1]: (709.066666667)5.3011223251, 48.2376282045, 19517.5394177, 2.41815708723, 2943.16436777, 
Chromsome [2]: (707.533333333)5.8579381863, -87.559092176, 25736.2638785, 3.41267488023, 504.799443463, 
Chromsome [3]: (703.933333333)5.3011223251, 255.142688726, 19517.5394177, 28.9577063075, 2433.76253935, 
Chromsome [4]: (698.333333333)7.2917962157, 22.3600006608, 120595.39724, 18.8794155216, 2184.988562, 
<------------ GEN 60--------------->
Chromsome [0]: (807.2)-15.2635416947, 38.0751382363, 66592.4374596, 9.56055679609, 2553.06731282, 
Chromsome [1]: (684.566666667)5.3011223251, 48.2376282045, 19517.5394177, 10.679002655, 2845.24401641, 
Chromsome [2]: (682.766666667)5.3011223251, -87.559092176, 25736.2638785, 18.5975231724, 504.799443463, 
Chromsome [3]: (679.233333333)7.2917962157, 22.3600006608, 120595.39724, 18.8794155216, 2184.988562, 
Chromsome [4]: (678.233333333)5.91560301519, -28.4451619866, 108735.407421, 4.3588283939, 2585.72720803, 
<------------ GEN 61--------------->
Chromsome [0]: (788.0)-15.2635416947, 38.0751382363, 66592.4374596, 9.56055679609, 2553.06731282, 
Chromsome [1]: (655.8)2.74618193547, -87.559092176, 39661.7950571, 14.2501752481, 2001.62474476, 
Chromsome [2]: (648.433333333)6.35352770976, 72.159367307, 44021.222791, 3.04133498969, 1705.97776517, 
Chromsome [3]: (645.633333333)7.2917962157, 22.3600006608, 120595.39724, 18.8794155216, 2433.76253935, 
Chromsome [4]: (645.033333333)5.91560301519, -28.4451619866, 108735.407421, 19.9760769352, 2553.06731282, 
<------------ GEN 62--------------->
Chromsome [0]: (787.3)-15.2635416947, 38.0751382363, 66592.4374596, 9.56055679609, 2553.06731282, 
Chromsome [1]: (700.0)5.91560301519, -28.4451619866, 108735.407421, 19.9760769352, 2433.76253935, 
Chromsome [2]: (697.566666667)5.3011223251, -36.4943606616, 39661.7950571, 14.2501752481, 2474.13665853, 
Chromsome [3]: (697.466666667)5.3011223251, -40.1661324052, 57316.9059676, 23.9167782472, 5290.52080695, 
Chromsome [4]: (693.666666667)5.3011223251, -33.1023781086, 102049.428506, 14.2501752481, 2001.62474476, 
<------------ GEN 63--------------->
Chromsome [0]: (799.3)-49.6610731625, 83.2044823794, 100866.771994, 12.6425621872, 1173.96429839, 
Chromsome [1]: (799.3)-65.6682179919, -25.1012090618, 66592.4374596, 6.36913263603, 1594.90889205, 
Chromsome [2]: (799.3)-15.2635416947, 38.0751382363, 66592.4374596, 9.56055679609, 2553.06731282, 
Chromsome [3]: (676.766666667)5.3011223251, -36.4943606616, 39661.7950571, 13.1453968754, 2666.32157342, 
Chromsome [4]: (676.6)5.91560301519, -28.4451619866, 108735.407421, -0.750820537347, 2433.76253935, 
<------------ GEN 64--------------->
Chromsome [0]: (798.133333333)-49.6610731625, 83.2044823794, 100866.771994, 12.6425621872, 1173.96429839, 
Chromsome [1]: (658.466666667)5.91560301519, -28.4451619866, 108735.407421, 0.750820537347, 2433.76253935, 
Chromsome [2]: (657.833333333)5.3011223251, -81.3107104537, 135246.940431, 8.77963768141, 1049.90668443, 
Chromsome [3]: (657.133333333)5.8579381863, -75.1426887258, 1427.64657263, 29.0927349296, 2895.3077314, 
Chromsome [4]: (656.766666667)5.3011223251, -40.814387876, 39661.7950571, 13.1453968754, 2666.32157342, 
<------------ GEN 65--------------->
Chromsome [0]: (810.466666667)-49.6610731625, 83.2044823794, 100866.771994, 12.6425621872, 1173.96429839, 
Chromsome [1]: (657.566666667)5.3011223251, -40.814387876, 39661.7950571, 23.9167782472, 709.479193055, 
Chromsome [2]: (657.0)5.91560301519, -28.4451619866, 108735.407421, 0.750820537347, 2433.76253935, 
Chromsome [3]: (656.6)5.8579381863, 33.9103369498, 1427.64657263, 29.0927349296, 2895.3077314, 
Chromsome [4]: (656.3)5.3011223251, -81.3107104537, 135246.940431, 25.3639259751, 1049.90668443, 
<------------ GEN 66--------------->
Chromsome [0]: (819.166666667)-49.6610731625, 83.2044823794, 100866.771994, 12.6425621872, 1173.96429839, 
Chromsome [1]: (687.133333333)5.3011223251, 83.2044823794, 100866.771994, 10.7858982518, 1173.96429839, 
Chromsome [2]: (687.133333333)5.3011223251, -40.814387876, 39661.7950571, 23.9167782472, 709.479193055, 
Chromsome [3]: (687.133333333)5.3011223251, -81.3107104537, 181795.270946, 25.3639259751, 1049.90668443, 
Chromsome [4]: (687.133333333)5.3011223251, -40.1661324052, 63953.5627381, 3.34475281307, 2448.14721262, 
<------------ GEN 67--------------->
Chromsome [0]: (798.033333333)-49.6610731625, 83.2044823794, 100866.771994, 12.6425621872, 1173.96429839, 
Chromsome [1]: (653.866666667)5.3011223251, -81.3107104537, 178204.729054, 25.3639259751, 1049.90668443, 
Chromsome [2]: (653.866666667)5.3011223251, -40.814387876, 90861.8775784, 23.9167782472, 1894.29922086, 
Chromsome [3]: (653.866666667)5.3011223251, -66.9463949701, 178204.729054, 25.3639259751, 1005.00934355, 
Chromsome [4]: (652.466666667)5.91560301519, -28.4451619866, 108735.407421, 3.78489341382, 1049.90668443, 
<------------ GEN 68--------------->
Chromsome [0]: (832.9)-49.6610731625, 83.2044823794, 100866.771994, 12.6425621872, 1173.96429839, 
Chromsome [1]: (690.566666667)5.3011223251, -66.9463949701, 70012.749013, 4.39059123183, 2267.09438637, 
Chromsome [2]: (690.566666667)5.3011223251, -81.3107104537, 178204.729054, 12.6425621872, 2553.06731282, 
Chromsome [3]: (689.3)5.91560301519, -28.4451619866, 100866.771994, 12.6425621872, 1173.96429839, 
Chromsome [4]: (670.966666667)7.2917962157, 22.3600006608, 120595.39724, 51.6938628446, 855.606379021, 
<------------ GEN 69--------------->
Chromsome [0]: (813.4)-49.6610731625, 83.2044823794, 100866.771994, 12.6425621872, 1173.96429839, 
Chromsome [1]: (695.6)5.3011223251, 70.3853940927, 120595.39724, 18.8794155216, 527.246152158, 
Chromsome [2]: (695.6)5.3011223251, -66.9463949701, 70012.749013, 4.39059123183, 1653.93687125, 
Chromsome [3]: (694.466666667)5.91560301519, -28.4451619866, 100866.771994, 21.8959609266, 1154.85180915, 
Chromsome [4]: (676.533333333)7.2917962157, 22.3600006608, 70012.749013, 4.39059123183, 2267.09438637, 
<------------ GEN 70--------------->
Chromsome [0]: (778.1)-6.57326158364, -52.9799609222, 138369.011798, 3.02907161981, 1875.868871, 
Chromsome [1]: (778.1)-49.6610731625, 83.2044823794, 100866.771994, 12.6425621872, 1173.96429839, 
Chromsome [2]: (680.433333333)0.851413196071, 38.0751382363, 163972.834832, 18.8794155216, 2872.46716003, 
Chromsome [3]: (652.533333333)5.3011223251, -61.7680081514, 120595.39724, 18.8794155216, 527.246152158, 
Chromsome [4]: (651.3)7.2917962157, 22.3600006608, 118769.324863, 22.1564653543, 1173.96429839, 
<------------ GEN 71--------------->
Chromsome [0]: (793.4)-6.57326158364, -52.9799609222, 138369.011798, 3.02907161981, 1875.868871, 
Chromsome [1]: (708.133333333)5.91560301519, -28.4451619866, 100866.771994, 14.4644060381, 1379.16458768, 
Chromsome [2]: (699.966666667)5.3011223251, -61.7680081514, 120595.39724, 18.8794155216, 527.246152158, 
Chromsome [3]: (691.266666667)0.851413196071, 38.0751382363, 163972.834832, 14.840163048, 2692.0513824, 
Chromsome [4]: (690.966666667)7.2917962157, 22.3600006608, 70012.749013, 9.56055679609, 2953.58341236, 
<------------ GEN 72--------------->
Chromsome [0]: (780.466666667)-6.57326158364, -52.9799609222, 138369.011798, 3.02907161981, 1875.868871, 
Chromsome [1]: (700.333333333)0.851413196071, 38.0751382363, 163972.834832, 4.5415762412, 1154.85180915, 
Chromsome [2]: (696.866666667)5.3011223251, -61.7680081514, 109717.685106, 9.56055679609, 2953.58341236, 
Chromsome [3]: (696.2)0.851413196071, -49.8442930757, 163972.834832, 3.02907161981, 1875.868871, 
Chromsome [4]: (695.866666667)5.91560301519, -28.4451619866, 100866.771994, 14.4644060381, 8374.01015474, 
<------------ GEN 73--------------->
Chromsome [0]: (781.6)-22.3946063609, -52.9799609222, 138369.011798, 3.02907161981, 1875.868871, 
Chromsome [1]: (781.6)-6.57326158364, -52.9799609222, 138369.011798, 3.02907161981, 1875.868871, 
Chromsome [2]: (733.766666667)0.851413196071, 38.0751382363, -65339.5033926, 22.0385667682, 1704.55942298, 
Chromsome [3]: (691.633333333)5.34737406357, 37.5749737062, 69146.3963981, 18.8794155216, 815.344081864, 
Chromsome [4]: (691.633333333)5.3011223251, -61.7680081514, 73013.8965723, 27.7417980601, 1173.96429839, 
<------------ GEN 74--------------->
Chromsome [0]: (792.366666667)-22.3946063609, -52.9799609222, 138369.011798, 3.02907161981, 1875.868871, 
Chromsome [1]: (740.533333333)0.851413196071, 38.0751382363, 130791.701834, 31.3547820843, 1173.96429839, 
Chromsome [2]: (719.633333333)5.34737406357, 37.5749737062, 69146.3963981, 29.8103022833, 815.344081864, 
Chromsome [3]: (719.633333333)5.3011223251, -40.1661324052, 163972.834832, 5.56504008083, 815.344081864, 
Chromsome [4]: (718.9)5.91560301519, -28.4451619866, 53908.0190108, 14.4644060381, 2743.8872198, 
<------------ GEN 75--------------->
Chromsome [0]: (801.7)-22.3946063609, -52.9799609222, 138369.011798, 3.02907161981, 1875.868871, 
Chromsome [1]: (760.366666667)0.851413196071, 38.8324699594, 130791.701834, 28.6452179157, 2240.25756518, 
Chromsome [2]: (740.933333333)5.34737406357, 37.5749737062, 63999.7078478, 29.5221121896, 2073.86154463, 
Chromsome [3]: (740.933333333)5.3011223251, -40.1661324052, 163972.834832, 5.56504008083, 2415.43399793, 
Chromsome [4]: (740.266666667)5.91560301519, -28.4451619866, 124151.544036, 27.7417980601, 1173.96429839, 
<------------ GEN 76--------------->
Chromsome [0]: (819.233333333)-22.3946063609, -52.9799609222, 138369.011798, 3.02907161981, 1875.868871, 
Chromsome [1]: (787.833333333)0.851413196071, 38.8324699594, 130791.701834, 20.7698194649, 1830.73039387, 
Chromsome [2]: (758.966666667)5.3011223251, -86.1475598824, 160640.713968, 27.9635313214, 2299.06431271, 
Chromsome [3]: (758.966666667)5.34737406357, 37.5749737062, 63999.7078478, 9.49206374972, 2035.77837449, 
Chromsome [4]: (758.366666667)5.91560301519, -28.4451619866, 124151.544036, 27.7417980601, 1173.96429839, 
<------------ GEN 77--------------->
Chromsome [0]: (822.466666667)-13.2519360696, -8.63178316929, 138369.011798, 3.02907161981, 1875.868871, 
Chromsome [1]: (822.466666667)-22.3946063609, -52.9799609222, 138369.011798, 3.02907161981, 1875.868871, 
Chromsome [2]: (800.366666667)0.851413196071, 38.8324699594, 68344.3681589, 20.7698194649, 1875.868871, 
Chromsome [3]: (767.266666667)5.3011223251, -86.1475598824, 160640.713968, 1.34701306647, 2299.06431271, 
Chromsome [4]: (767.266666667)5.3011223251, -86.1475598824, 136007.410996, 27.9635313214, 2299.06431271, 
<------------ GEN 78--------------->
Chromsome [0]: (815.433333333)-13.2519360696, -8.63178316929, 138369.011798, 3.02907161981, 1875.868871, 
Chromsome [1]: (790.4)0.804816314566, 38.8324699594, 68344.3681589, 20.7698194649, 1875.868871, 
Chromsome [2]: (762.8)5.3011223251, -86.1475598824, 160640.713968, 5.28705108567, 2719.25266034, 
Chromsome [3]: (762.8)5.3011223251, -86.1475598824, 69946.224328, 29.8103022833, 815.376389633, 
Chromsome [4]: (762.2)5.91560301519, -28.4451619866, 124151.544036, 16.5727888792, 2743.8872198, 
<------------ GEN 79--------------->
Chromsome [0]: (814.133333333)-19.9196233392, 56.8454033059, 36144.087844, 52.4091690982, 1174.77524081, 
Chromsome [1]: (814.133333333)-13.2519360696, -8.63178316929, 138369.011798, 3.02907161981, 1875.868871, 
Chromsome [2]: (744.4)5.3011223251, -86.1475598824, 160640.713968, 5.28705108567, 2719.25266034, 
Chromsome [3]: (744.4)5.3011223251, -79.544329478, 138369.011798, 3.02907161981, 1875.868871, 
Chromsome [4]: (743.733333333)5.91560301519, -28.4451619866, 107585.142393, 3.02907161981, 2648.53180159, 
<------------ GEN 80--------------->
Chromsome [0]: (793.4)-19.9196233392, 56.8454033059, 36144.087844, 52.4091690982, 1174.77524081, 
Chromsome [1]: (735.566666667)5.91560301519, -28.4451619866, 107585.142393, 13.4720723225, 1073.35293568, 
Chromsome [2]: (735.566666667)5.91560301519, -28.4451619866, 107585.142393, 4.43330895755, 2086.17413042, 
Chromsome [3]: (727.0)5.3011223251, -79.544329478, 138369.011798, 3.02907161981, 1875.868871, 
Chromsome [4]: (719.533333333)6.77326158364, -43.0140840072, 42705.6769803, 29.3948003014, 1239.92732546, 
<------------ GEN 81--------------->
Chromsome [0]: (782.566666667)-19.9196233392, 56.8454033059, 36144.087844, 52.4091690982, 1174.77524081, 
Chromsome [1]: (723.5)5.3011223251, 64.57755632, 42705.6769803, 29.3948003014, 3922.08046275, 
Chromsome [2]: (720.066666667)5.91560301519, -28.4451619866, 107585.142393, 13.4720723225, 1073.35293568, 
Chromsome [3]: (714.6)5.3011223251, -172.331634999, 104665.316814, -35.0637974784, 2068.62691815, 
Chromsome [4]: (710.233333333)5.91560301519, 40.0285229346, 145353.052527, 3.02907161981, 1517.10293212, 
<------------ GEN 82--------------->
Chromsome [0]: (786.133333333)-19.9196233392, 56.8454033059, 36144.087844, 52.4091690982, 1174.77524081, 
Chromsome [1]: (710.733333333)4.98388648105, -87.4150217988, 37281.3651327, 3.02907161981, 1875.868871, 
Chromsome [2]: (709.433333333)5.3011223251, -79.0936777565, 93830.7982807, 3.02907161981, 2648.53180159, 
Chromsome [3]: (702.066666667)5.3011223251, -31.8124234095, 104665.316814, 35.0637974784, 1174.77524081, 
Chromsome [4]: (697.566666667)7.2917962157, -28.4451619866, 107585.142393, 13.4720723225, 1073.35293568, 
<------------ GEN 83--------------->
Chromsome [0]: (768.633333333)-19.9196233392, 56.8454033059, 36144.087844, 52.4091690982, 1174.77524081, 
Chromsome [1]: (715.5)5.3011223251, -31.8124234095, 47667.0845846, 24.9362025216, 1556.34459864, 
Chromsome [2]: (713.7)4.98388648105, -87.4150217988, 37281.3651327, 3.02907161981, 2068.62691815, 
Chromsome [3]: (713.7)4.98388648105, -87.4150217988, 37281.3651327, 3.02907161981, 1875.868871, 
Chromsome [4]: (712.566666667)5.3011223251, -79.0936777565, 93830.7982807, 3.02907161981, 814.796478813, 
<------------ GEN 84--------------->
Chromsome [0]: (782.233333333)-19.9196233392, 56.8454033059, 36144.087844, 52.4091690982, 1174.77524081, 
Chromsome [1]: (715.766666667)4.98388648105, -87.4150217988, 37281.3651327, 3.02907161981, 1875.868871, 
Chromsome [2]: (713.933333333)5.3011223251, -31.8124234095, 47667.0845846, 3.02907161981, 2068.62691815, 
Chromsome [3]: (710.166666667)5.3011223251, -79.0936777565, 93830.7982807, 9.18167674438, 814.796478813, 
Chromsome [4]: (705.366666667)4.98388648105, 219.972511171, 37281.3651327, 3.02907161981, 1875.868871, 
<------------ GEN 85--------------->
Chromsome [0]: (784.0)-19.9196233392, 56.8454033059, 36144.087844, 52.4091690982, 1174.77524081, 
Chromsome [1]: (718.966666667)4.98388648105, -87.4150217988, 37281.3651327, 4.43330895755, 1068.39076413, 
Chromsome [2]: (694.2)5.3011223251, -73.2494363833, 93830.7982807, 9.18167674438, 1743.56928477, 
Chromsome [3]: (686.8)6.77326158364, -54.3076962909, 36144.087844, 7.59083090176, 1174.77524081, 
Chromsome [4]: (683.766666667)4.98388648105, -39.9725111709, 37281.3651327, 6.9443317405, 1174.77524081, 
<------------ GEN 86--------------->
Chromsome [0]: (818.433333333)-19.9196233392, 56.8454033059, 36144.087844, 52.4091690982, 1174.77524081, 
Chromsome [1]: (711.5)4.98388648105, -39.9725111709, 37281.3651327, 9.00404662615, 975.489610589, 
Chromsome [2]: (711.5)4.98388648105, -39.9725111709, 37281.3651327, 0.371270391658, 1174.77524081, 
Chromsome [3]: (711.5)4.98388648105, -39.9725111709, 37281.3651327, 6.9443317405, 1174.77524081, 
Chromsome [4]: (707.5)4.98388648105, -39.2534324548, 164788.828685, 0.889988410272, 1875.868871, 
<------------ GEN 87--------------->
Chromsome [0]: (807.366666667)-19.9196233392, 56.8454033059, 36144.087844, 52.4091690982, 1174.77524081, 
Chromsome [1]: (707.733333333)4.98388648105, -39.9725111709, 37281.3651327, 9.00404662615, 975.489610589, 
Chromsome [2]: (706.933333333)4.98388648105, -39.2534324548, 37281.3651327, 6.9443317405, 2474.43164241, 
Chromsome [3]: (705.433333333)4.98388648105, -39.9725111709, 37281.3651327, 26.3991268406, 1557.66299757, 
Chromsome [4]: (702.433333333)4.98388648105, -39.9725111709, 164788.828685, 0.889988410272, 1875.868871, 
<------------ GEN 88--------------->
Chromsome [0]: (808.433333333)-19.9196233392, 56.8454033059, 36144.087844, 52.4091690982, 1174.77524081, 
Chromsome [1]: (744.0)4.24502385556, 66.1354696535, 36144.087844, 7.59083090176, 1174.77524081, 
Chromsome [2]: (741.166666667)4.98388648105, -63.8973746316, 37281.3651327, 9.00404662615, 975.489610589, 
Chromsome [3]: (701.033333333)4.98388648105, -39.9725111709, 37281.3651327, 26.3991268406, 2649.55659168, 
Chromsome [4]: (701.033333333)4.98388648105, -39.9725111709, 37281.3651327, 26.3991268406, 1557.66299757, 
<------------ GEN 89--------------->
Chromsome [0]: (805.9)-264.457026961, 38.0232870807, 144827.762923, 24.9362025216, 620.892504861, 
Chromsome [1]: (805.9)-139.574943746, 86.9702206771, 178008.373496, 26.3991268406, 2254.320196, 
Chromsome [2]: (805.9)-19.9196233392, 56.8454033059, 36144.087844, 52.4091690982, 1174.77524081, 
Chromsome [3]: (737.233333333)4.24502385556, 66.1354696535, 36144.087844, 7.59083090176, 2741.14525019, 
Chromsome [4]: (727.833333333)4.98388648105, 81.8852012991, 37281.3651327, 1.75366619893, 2592.923562, 
<------------ GEN 90--------------->
Chromsome [0]: (816.266666667)-264.457026961, 38.0232870807, 144827.762923, 24.9362025216, 620.892504861, 
Chromsome [1]: (727.833333333)4.24502385556, 66.1354696535, 37281.3651327, 1.75366619893, 2592.923562, 
Chromsome [2]: (724.766666667)4.98388648105, 81.8852012991, 36144.087844, 7.59083090176, 59.3647372805, 
Chromsome [3]: (713.7)4.98388648105, 85.4453951338, 174590.418373, 7.59083090176, 1174.77524081, 
Chromsome [4]: (673.266666667)4.98388648105, 2.2627343981, 36144.087844, 7.59083090176, 923.865695941, 
<------------ GEN 91--------------->
Chromsome [0]: (798.9)-264.457026961, 38.0232870807, 144827.762923, 24.9362025216, 620.892504861, 
Chromsome [1]: (732.1)4.24502385556, 66.1354696535, 37281.3651327, 12.0839365121, 1146.49734308, 
Chromsome [2]: (721.033333333)4.98388648105, 81.8852012991, 36144.087844, 7.59083090176, 3063.90679092, 
Chromsome [3]: (703.5)4.98388648105, 85.4453951338, 174590.418373, 7.59083090176, 2899.04272577, 
Chromsome [4]: (703.5)4.98388648105, 85.4453951338, 174590.418373, 23.7584853082, 2417.54284744, 
<------------ GEN 92--------------->
Chromsome [0]: (822.0)-64.6570269612, 67.1422946157, 36144.087844, 3.99530157887, 1704.57331338, 
Chromsome [1]: (822.0)-64.6570269612, 38.0232870807, 144827.762923, 14.9126154075, 1174.77524081, 
Chromsome [2]: (822.0)-264.457026961, 38.0232870807, 144827.762923, 24.9362025216, 620.892504861, 
Chromsome [3]: (749.2)4.24502385556, 66.1354696535, 353571.926699, 26.3991268406, 2916.91551482, 
Chromsome [4]: (735.533333333)4.98388648105, -63.8973746316, 10454.5363391, 13.6229490827, 2866.82550823, 
<------------ GEN 93--------------->
Chromsome [0]: (813.9)-31.6547950752, 67.1422946157, 36144.087844, 11.1637822802, 1704.57331338, 
Chromsome [1]: (813.9)-83.3049193023, 11.5052128557, 8660.65970564, 7.59083090176, 916.275554021, 
Chromsome [2]: (813.9)-64.6570269612, 67.1422946157, 36144.087844, 3.99530157887, 1704.57331338, 
Chromsome [3]: (753.233333333)4.24502385556, 66.1354696535, 6428.0733012, 26.3991268406, 2916.91551482, 
Chromsome [4]: (739.6)4.98388648105, 59.3665027476, -112555.521164, 25.6796164514, 2899.04272577, 
<------------ GEN 94--------------->
Chromsome [0]: (831.633333333)-64.6570269612, -86.4366296733, 144827.762923, 26.9487408676, 924.111357364, 
Chromsome [1]: (831.633333333)-31.6547950752, 67.1422946157, 36144.087844, 11.1637822802, 1704.57331338, 
Chromsome [2]: (808.7)2.28503149666, -0.79424315848, 11754.4509228, 0.61691133866, 620.892504861, 
Chromsome [3]: (770.333333333)4.24502385556, 66.1354696535, 6428.0733012, 9.98238220703, 2916.91551482, 
Chromsome [4]: (770.166666667)4.24502385556, 143.908710819, 52909.2567497, 17.0837084452, 923.865695941, 
<------------ GEN 95--------------->
Chromsome [0]: (805.966666667)-64.6570269612, -86.4366296733, 144827.762923, 26.9487408676, 924.111357364, 
Chromsome [1]: (775.533333333)2.28503149666, -0.79424315848, 11754.4509228, 0.61691133866, 620.892504861, 
Chromsome [2]: (752.833333333)4.98388648105, -74.8702645873, 174590.418373, 4.5341513277, 2208.59512729, 
Chromsome [3]: (752.833333333)4.98388648105, -61.334235788, 135335.153179, 10.2317169546, 1903.98287058, 
Chromsome [4]: (752.833333333)4.98388648105, 59.3665027476, 36144.087844, 27.3745260564, 1602.75818575, 
<------------ GEN 96--------------->
Chromsome [0]: (832.533333333)-64.6570269612, -86.4366296733, 144827.762923, 26.9487408676, 924.111357364, 
Chromsome [1]: (819.0)2.28503149666, -0.79424315848, 11754.4509228, 0.61691133866, 2916.91551482, 
Chromsome [2]: (800.466666667)2.28503149666, 142.008568655, 11754.4509228, 0.61691133866, 6349.03809743, 
Chromsome [3]: (796.066666667)4.98388648105, 59.3665027476, 36144.087844, 27.3745260564, 1602.75818575, 
Chromsome [4]: (796.066666667)4.98388648105, -74.8702645873, 88299.3610866, 4.5341513277, 2208.59512729, 
<------------ GEN 97--------------->
Chromsome [0]: (818.533333333)-64.6570269612, -86.4366296733, 144827.762923, 26.9487408676, 924.111357364, 
Chromsome [1]: (790.266666667)4.24502385556, -74.8702645873, 88299.3610866, 4.5341513277, 2208.59512729, 
Chromsome [2]: (789.866666667)4.64377359142, 84.4015299331, 78980.2542501, 17.0837084452, 1704.57331338, 
Chromsome [3]: (789.666666667)4.98388648105, -61.334235788, 135335.153179, 17.3194863259, 1903.98287058, 
Chromsome [4]: (789.666666667)4.98388648105, -61.334235788, 135335.153179, 17.0354069501, 1903.98287058, 
<------------ GEN 98--------------->
Chromsome [0]: (819.233333333)-64.6570269612, -86.4366296733, 144827.762923, 26.9487408676, 924.111357364, 
Chromsome [1]: (785.066666667)4.64377359142, 84.4015299331, 78980.2542501, 0.61691133866, 2916.91551482, 
Chromsome [2]: (784.266666667)2.28503149666, -0.79424315848, 11754.4509228, 22.243714523, 1237.96758467, 
Chromsome [3]: (776.466666667)2.28503149666, 37.9914313452, 10454.5363391, 0.392438226882, 2617.970127, 
Chromsome [4]: (773.266666667)4.98388648105, -61.334235788, 152268.821443, 17.0354069501, 2916.91551482, 
<------------ GEN 99--------------->
Chromsome [0]: (805.0)-64.6570269612, -86.4366296733, 144827.762923, 26.9487408676, 924.111357364, 
Chromsome [1]: (769.533333333)2.28503149666, 37.9914313452, 10454.5363391, 0.392438226882, 2617.970127, 
Chromsome [2]: (764.566666667)4.98388648105, 67.3381989478, 45178.845188, 17.0354069501, 708.118016902, 
Chromsome [3]: (763.166666667)4.64377359142, 84.4015299331, 81171.6330887, 10.7284419875, 620.892504861, 
Chromsome [4]: (762.733333333)4.98388648105, -61.334235788, 135335.153179, 3.26739970915, 1019.34444269, 
<------------ GEN 100--------------->
Chromsome [0]: (837.266666667)-64.6570269612, -86.4366296733, 144827.762923, 26.9487408676, 924.111357364, 
Chromsome [1]: (812.4)4.98388648105, -61.334235788, 152268.821443, 15.9829233916, 1248.1771696, 
Chromsome [2]: (812.4)4.98388648105, -74.8702645873, 110565.426088, 16.7196647484, 2576.89805907, 
Chromsome [3]: (812.4)4.98388648105, 67.3381989478, 45178.845188, 17.0354069501, 2596.05674146, 
Chromsome [4]: (804.133333333)4.64377359142, -202.34216464, 36905.2203865, 20.7291416916, 1934.18416542, 
