<------------ GEN 1--------------->
Chromsome [0]: (798.266666667)0.832644072859, -5.01344687117, 174787.721971, 1.8088698826, 2996.93681113, 
Chromsome [1]: (748.266666667)4.17855254208, -85.5058638629, 172120.808791, 28.8140201305, 2307.17482774, 
Chromsome [2]: (716.333333333)15.4744228239, -28.5210235767, 133386.07976, 20.4406764731, 2560.41108915, 
Chromsome [3]: (703.066666667)16.3358362211, 53.9894729399, 6322.42682869, 2.91940091436, 1000.72724271, 
Chromsome [4]: (702.333333333)12.690494593, 8.62289504824, 97681.839881, 4.51738709426, 1219.93289349, 
<------------ GEN 2--------------->
Chromsome [0]: (766.533333333)0.832644072859, -5.01344687117, 174787.721971, 1.8088698826, 2996.93681113, 
Chromsome [1]: (717.533333333)6.85933766133, -67.3933412789, 107084.730733, 6.23892470092, 1075.31510485, 
Chromsome [2]: (712.1)4.17855254208, -85.5058638629, 172120.808791, 28.8140201305, 2307.17482774, 
Chromsome [3]: (637.666666667)21.6716647438, -3.64752566089, 12757.5422871, 8.83981986453, 2876.85129475, 
Chromsome [4]: (637.133333333)12.690494593, 8.62289504824, 41591.9832979, 4.51738709426, 1219.93289349, 
<------------ GEN 3--------------->
Chromsome [0]: (800.866666667)0.832644072859, -5.01344687117, 120581.558975, 14.6208299291, 2361.20457599, 
Chromsome [1]: (800.866666667)0.832644072859, -5.01344687117, 174787.721971, 1.8088698826, 2996.93681113, 
Chromsome [2]: (735.7)6.85933766133, -67.3933412789, 107084.730733, 28.8140201305, 2307.17482774, 
Chromsome [3]: (661.8)12.690494593, 38.048271253, 170469.677964, 4.94230381056, 748.951295329, 
Chromsome [4]: (591.933333333)13.547060119, -78.561525935, 174787.721971, 1.8088698826, 2996.93681113, 
<------------ GEN 4--------------->
Chromsome [0]: (813.633333333)0.832644072859, -5.01344687117, 120581.558975, 14.6208299291, 2361.20457599, 
Chromsome [1]: (813.633333333)0.832644072859, -5.01344687117, 174787.721971, 1.8088698826, 2996.93681113, 
Chromsome [2]: (813.633333333)0.832644072859, -5.01344687117, 120581.558975, 14.6208299291, 2361.20457599, 
Chromsome [3]: (812.466666667)1.05097845153, -65.5384887607, 41035.3100625, 6.03955369383, 819.345358826, 
Chromsome [4]: (734.433333333)6.85933766133, -28.9070815649, 41184.2477876, 6.23892470092, 1044.96443861, 
<------------ GEN 5--------------->
Chromsome [0]: (794.966666667)0.832644072859, -5.01344687117, 120581.558975, 14.6208299291, 2361.20457599, 
Chromsome [1]: (794.966666667)0.832644072859, -5.01344687117, 36946.7290884, 19.400631683, 2301.94586151, 
Chromsome [2]: (794.966666667)0.832644072859, -5.01344687117, 120581.558975, 14.6208299291, 2361.20457599, 
Chromsome [3]: (794.9)0.832644072859, 8.62289504824, 41591.9832979, 1.49192264178, 2891.57195252, 
Chromsome [4]: (791.133333333)0.832644072859, 79.4933544521, 120581.558975, 8.83981986453, 968.747971912, 
<------------ GEN 6--------------->
Chromsome [0]: (764.5)0.832644072859, -193.803164749, 120581.558975, 8.83981986453, 968.747971912, 
Chromsome [1]: (761.233333333)0.832644072859, 8.62289504824, 53846.4813233, 13.6389279156, 1044.96443861, 
Chromsome [2]: (760.166666667)0.712171600544, 62.2099066219, 34498.5711008, 6.67929416727, 1000.72724271, 
Chromsome [3]: (759.966666667)0.832644072859, -5.01344687117, 120581.558975, 14.6208299291, 2361.20457599, 
Chromsome [4]: (759.966666667)0.832644072859, -5.01344687117, 103937.059069, 9.72825418532, 1245.51237584, 
<------------ GEN 7--------------->
Chromsome [0]: (776.133333333)0.832644072859, -193.803164749, 120581.558975, 8.83981986453, 968.747971912, 
Chromsome [1]: (775.5)0.832644072859, 8.62289504824, 53846.4813233, 13.6389279156, 1595.36860933, 
Chromsome [2]: (775.5)0.832644072859, 13.8031647495, 120581.558975, 8.83981986453, 968.747971912, 
Chromsome [3]: (773.766666667)0.832644072859, -5.01344687117, 120581.558975, 10.5998941521, 1750.46215332, 
Chromsome [4]: (771.033333333)0.832644072859, -72.1041732886, 67767.1909552, 21.9050489309, 4931.56721282, 
<------------ GEN 8--------------->
Chromsome [0]: (756.9)0.832644072859, -193.803164749, 120581.558975, 8.83981986453, 968.747971912, 
Chromsome [1]: (752.4)0.832644072859, 134.516473879, 120581.558975, 9.17159274925, 968.747971912, 
Chromsome [2]: (750.2)0.832644072859, 13.8031647495, 83752.9694289, 8.83981986453, 968.747971912, 
Chromsome [3]: (747.333333333)0.832644072859, -24.6510595792, 36126.7797823, 14.1309898516, 1044.96443861, 
Chromsome [4]: (746.7)1.37034213171, 43.1341158653, 49229.1490133, 6.25121972432, 2361.20457599, 
<------------ GEN 9--------------->
Chromsome [0]: (790.3)-46.0024840805, 59.284104925, 132117.704166, 12.4162989936, 819.345358826, 
Chromsome [1]: (743.233333333)0.832644072859, -193.803164749, 120581.558975, 8.83981986453, 968.747971912, 
Chromsome [2]: (741.166666667)0.832644072859, 8.62289504824, 67743.7037957, 6.93970112636, 1595.36860933, 
Chromsome [3]: (740.5)0.832644072859, 13.8031647495, 120581.558975, 8.83981986453, 968.747971912, 
Chromsome [4]: (737.966666667)0.832644072859, -31.5663656896, 36126.7797823, 14.6208299291, 2361.20457599, 
<------------ GEN 10--------------->
Chromsome [0]: (800.366666667)-32.2157070547, -68.5879861379, 8762.78535216, 6.25121972432, 968.747971912, 
Chromsome [1]: (800.366666667)-46.0024840805, 59.284104925, 132117.704166, 12.4162989936, 819.345358826, 
Chromsome [2]: (734.333333333)0.832644072859, 73.072440484, 83752.9694289, 8.83981986453, 2642.21560848, 
Chromsome [3]: (734.333333333)0.832644072859, 73.072440484, 83752.9694289, 0.980245724658, 1104.48288311, 
Chromsome [4]: (733.5)0.832644072859, -47.9475140241, 46327.0579619, 10.5998941521, 1750.46215332, 
<------------ GEN 11--------------->
Chromsome [0]: (802.933333333)-32.2157070547, -68.5879861379, 8762.78535216, 6.25121972432, 968.747971912, 
Chromsome [1]: (756.433333333)0.832644072859, 73.072440484, 83752.9694289, 8.83981986453, 2642.21560848, 
Chromsome [2]: (749.2)0.832644072859, 13.8031647495, 58989.8505871, 14.6208299291, 537.703311948, 
Chromsome [3]: (748.4)0.832644072859, 8.62289504824, 67743.7037957, 6.67929416727, 2497.56270116, 
Chromsome [4]: (747.633333333)0.832644072859, -31.5663656896, 159962.758894, 18.7862690044, 1044.96443861, 
<------------ GEN 12--------------->
Chromsome [0]: (820.8)-32.2157070547, -68.5879861379, 8762.78535216, 6.25121972432, 968.747971912, 
Chromsome [1]: (781.266666667)8.06993810499, 73.072440484, -135143.2374, -24.9244509091, 1080.02529859, 
Chromsome [2]: (776.4)0.832644072859, 73.072440484, 111209.596101, 8.83981986453, 1823.34757542, 
Chromsome [3]: (771.666666667)0.832644072859, 13.8031647495, 58989.8505871, 21.296436347, 2361.20457599, 
Chromsome [4]: (770.833333333)0.832644072859, -0.331479220215, 151381.409792, 8.83981986453, 968.747971912, 
<------------ GEN 13--------------->
Chromsome [0]: (805.266666667)-94.0930079292, 42.3337294415, 79868.783099, 14.6208299291, 1012.61524637, 
Chromsome [1]: (805.266666667)-32.2157070547, -68.5879861379, 8762.78535216, 6.25121972432, 968.747971912, 
Chromsome [2]: (759.966666667)0.832644072859, 73.072440484, 112690.597472, 8.83981986453, 1823.34757542, 
Chromsome [3]: (759.933333333)0.832644072859, 51.6582480115, 159962.758894, 22.5996512891, 1985.1297799, 
Chromsome [4]: (757.633333333)0.832644072859, 33.3247251246, 58989.8505871, 14.6208299291, 537.703311948, 
<------------ GEN 14--------------->
Chromsome [0]: (820.233333333)-94.0930079292, 42.3337294415, 79868.783099, 14.6208299291, 1012.61524637, 
Chromsome [1]: (786.933333333)0.832644072859, -167.80404453, 58989.8505871, 6.25121972432, 968.747971912, 
Chromsome [2]: (785.233333333)0.832644072859, -104.904568595, 112690.597472, 8.83981986453, 1823.34757542, 
Chromsome [3]: (780.666666667)0.832644072859, 51.6582480115, 79868.783099, 14.6208299291, 1012.61524637, 
Chromsome [4]: (779.533333333)0.832644072859, 33.3247251246, 30240.3449384, 14.6208299291, 537.703311948, 
<------------ GEN 15--------------->
Chromsome [0]: (821.9)-94.0930079292, 42.3337294415, 79868.783099, 14.6208299291, 1012.61524637, 
Chromsome [1]: (773.166666667)0.832644072859, -0.331479220215, 151381.409792, 13.4142265153, 537.703311948, 
Chromsome [2]: (771.666666667)0.832644072859, 51.6582480115, 82679.9403141, 14.1309898516, 887.596600673, 
Chromsome [3]: (768.666666667)0.832644072859, 15.4604150218, 166862.961206, 24.9244509091, 1080.02529859, 
Chromsome [4]: (768.5)0.832644072859, -47.9343697129, 112690.597472, 8.83981986453, 1823.34757542, 
<------------ GEN 16--------------->
Chromsome [0]: (836.433333333)-35.337853481, -19.509927509, 151381.409792, 21.296436347, 2361.20457599, 
Chromsome [1]: (836.433333333)-94.0930079292, 42.3337294415, 79868.783099, 14.6208299291, 1012.61524637, 
Chromsome [2]: (808.6)0.832644072859, 244.757950985, 166862.961206, 24.9244509091, 1891.99334944, 
Chromsome [3]: (797.133333333)0.832644072859, -0.331479220215, 151381.409792, 10.7613524856, 537.703311948, 
Chromsome [4]: (792.566666667)0.832644072859, -12.1959554698, 85612.8003499, 6.25121972432, 968.747971912, 
<------------ GEN 17--------------->
Chromsome [0]: (817.3)-75.3774105483, 33.3247251246, 21055.6562712, 12.4162989936, 2368.45866073, 
Chromsome [1]: (817.3)-35.337853481, -19.509927509, 151381.409792, 21.296436347, 2361.20457599, 
Chromsome [2]: (783.4)0.832644072859, -64.7579509853, 13683.9234918, 12.5457639289, 1823.34757542, 
Chromsome [3]: (772.633333333)0.832644072859, -12.1959554698, 85612.8003499, 6.25121972432, 968.747971912, 
Chromsome [4]: (771.733333333)0.832644072859, -0.331479220215, 151381.409792, 3.26209580341, 537.703311948, 
<------------ GEN 18--------------->
Chromsome [0]: (829.933333333)-75.3774105483, 33.3247251246, 21055.6562712, 12.4162989936, 2368.45866073, 
Chromsome [1]: (805.2)0.832644072859, 233.557287491, 151381.409792, 12.5457639289, 1823.34757542, 
Chromsome [2]: (796.866666667)0.832644072859, -30.342801917, 21055.6562712, 12.4162989936, 2368.45866073, 
Chromsome [3]: (793.5)0.832644072859, -47.9343697129, 150527.953861, 25.1774340815, 537.703311948, 
Chromsome [4]: (793.5)0.832644072859, -47.9343697129, 151381.409792, 25.1774340815, 537.703311948, 
<------------ GEN 19--------------->
Chromsome [0]: (830.733333333)-2.67546030599, 33.3247251246, 85612.8003499, 6.25121972432, 2042.80358753, 
Chromsome [1]: (830.733333333)-75.3774105483, 33.3247251246, 21055.6562712, 12.4162989936, 2368.45866073, 
Chromsome [2]: (821.6)0.832644072859, 173.172042177, -11613.1937024, 21.296436347, 670.818139189, 
Chromsome [3]: (820.933333333)0.832644072859, -30.342801917, 21055.6562712, 12.4162989936, -490.339014812, 
Chromsome [4]: (817.6)0.832644072859, 7.66988088524, 150527.953861, 4.5571020317, 537.703311948, 
<------------ GEN 20--------------->
Chromsome [0]: (827.433333333)-66.0237967944, 6.82795782347, 11613.1937024, 21.296436347, 670.818139189, 
Chromsome [1]: (827.433333333)-2.67546030599, 33.3247251246, 85612.8003499, 6.25121972432, 2042.80358753, 
Chromsome [2]: (813.9)0.832644072859, 10.3818373795, 72618.0148596, 17.1403611369, 1045.84006246, 
Chromsome [3]: (813.9)0.832644072859, 7.66988088524, 150527.953861, 4.5571020317, 530.120985651, 
Chromsome [4]: (813.9)0.832644072859, -64.7579509853, 114861.580681, 18.4381709096, 1490.33901481, 
<------------ GEN 21--------------->
Chromsome [0]: (813.1)-7.20428529456, 33.3247251246, 177906.540482, 12.4162989936, 2368.45866073, 
Chromsome [1]: (813.1)-43.2970195884, 89.8926341814, 1445.0556889, 18.4381709096, 1910.34253154, 
Chromsome [2]: (813.1)-66.0237967944, 6.82795782347, 11613.1937024, 21.296436347, 670.818139189, 
Chromsome [3]: (807.366666667)0.832644072859, 96.9647993511, 25878.0127454, 17.1403611369, 2031.9370511, 
Chromsome [4]: (807.233333333)0.832644072859, -41.7279362874, 150527.953861, 25.1774340815, 2042.80358753, 
<------------ GEN 22--------------->
Chromsome [0]: (834.233333333)-49.1358081996, -47.9343697129, 18891.8428518, 24.1070543435, 1919.99225646, 
Chromsome [1]: (834.233333333)-7.20428529456, 33.3247251246, 177906.540482, 12.4162989936, 2368.45866073, 
Chromsome [2]: (820.7)0.832644072859, -64.7579509853, 114861.580681, 4.5571020317, 530.120985651, 
Chromsome [3]: (820.7)0.832644072859, -64.7579509853, 114861.580681, 4.5571020317, 530.120985651, 
Chromsome [4]: (820.7)0.832644072859, -79.2343468245, 39169.8593544, 20.0856005274, 1842.22767672, 
<------------ GEN 23--------------->
Chromsome [0]: (826.666666667)-12.6190003046, -63.8067446243, 21055.6562712, 22.7373176015, 5992.7944922, 
Chromsome [1]: (826.666666667)-49.1358081996, -47.9343697129, 18891.8428518, 24.1070543435, 1919.99225646, 
Chromsome [2]: (823.733333333)0.832644072859, -64.7579509853, 114861.580681, 4.5571020317, 530.120985651, 
Chromsome [3]: (823.733333333)0.832644072859, -79.2343468245, 150884.764014, 8.83981986453, 2493.52720353, 
Chromsome [4]: (823.733333333)0.832644072859, -64.7579509853, 25878.0127454, 17.1403611369, 2051.42899041, 
<------------ GEN 24--------------->
Chromsome [0]: (823.3)-12.6190003046, -63.8067446243, 21055.6562712, 22.7373176015, 5992.7944922, 
Chromsome [1]: (809.8)0.832644072859, -79.2343468245, 18891.8428518, 24.1070543435, 1919.99225646, 
Chromsome [2]: (809.766666667)0.832644072859, -79.2343468245, 150884.764014, 8.83981986453, 2368.45866073, 
Chromsome [3]: (809.766666667)0.832644072859, 47.3315366161, 114267.447598, 14.1309898516, 1780.65369631, 
Chromsome [4]: (809.766666667)0.832644072859, -64.7579509853, 25878.0127454, 3.16755557308, 2051.42899041, 
<------------ GEN 25--------------->
Chromsome [0]: (825.933333333)-12.6190003046, -63.8067446243, 21055.6562712, 22.7373176015, 5992.7944922, 
Chromsome [1]: (823.033333333)0.832644072859, -79.2343468245, 5651.31971753, 24.1070543435, 1919.99225646, 
Chromsome [2]: (823.0)0.832644072859, -64.7579509853, 114861.580681, 22.7373176015, 2390.35372932, 
Chromsome [3]: (823.0)0.832644072859, 47.3315366161, 114267.447598, 14.1309898516, 1780.65369631, 
Chromsome [4]: (823.0)0.832644072859, -64.7579509853, 25878.0127454, 3.16755557308, 2402.20985558, 
<------------ GEN 26--------------->
Chromsome [0]: (806.133333333)-12.6190003046, -63.8067446243, 21055.6562712, 22.7373176015, 5992.7944922, 
Chromsome [1]: (789.733333333)0.832644072859, -79.2343468245, 5651.31971753, 24.1070543435, 1919.99225646, 
Chromsome [2]: (789.666666667)0.832644072859, -64.7579509853, 114861.580681, 22.7373176015, 2390.35372932, 
Chromsome [3]: (789.666666667)0.832644072859, -79.2343468245, 36009.5123143, 2.92628393122, 2772.44423966, 
Chromsome [4]: (789.666666667)0.832644072859, 68.330666427, 193534.290926, 3.93635578481, 500.590541012, 
<------------ GEN 27--------------->
Chromsome [0]: (829.533333333)-12.6190003046, -63.8067446243, 21055.6562712, 22.7373176015, 5992.7944922, 
Chromsome [1]: (826.633333333)0.832644072859, -79.2343468245, 5651.31971753, 26.8036724212, 2604.1332019, 
Chromsome [2]: (826.6)0.832644072859, -79.2343468245, 36009.5123143, 2.92628393122, 2772.44423966, 
Chromsome [3]: (826.6)0.832644072859, 47.3315366161, 114267.447598, 21.0900516698, 1770.39518942, 
Chromsome [4]: (826.6)0.832644072859, -56.5865560538, 114861.580681, 5.08818368777, 3747.52491735, 
<------------ GEN 28--------------->
Chromsome [0]: (837.0)-12.6190003046, -63.8067446243, 21055.6562712, 22.7373176015, 5992.7944922, 
Chromsome [1]: (834.1)0.832644072859, -79.2343468245, 5651.31971753, 12.832618524, 1814.04246059, 
Chromsome [2]: (834.066666667)0.832644072859, 17.6283957142, 114267.447598, 21.0900516698, 1770.39518942, 
Chromsome [3]: (834.066666667)0.832644072859, -24.0529066602, 72947.1245143, 27.1896618489, 2834.43439554, 
Chromsome [4]: (834.066666667)0.832644072859, -24.0529066602, 72947.1245143, 1.85230762933, 2368.45866073, 
<------------ GEN 29--------------->
Chromsome [0]: (827.766666667)-6.30109153748, -61.0161648049, 78497.2986389, 4.40863460702, 1919.99225646, 
Chromsome [1]: (827.766666667)-81.2382264663, -56.5865560538, 115588.313082, 27.2124889271, 1242.23992445, 
Chromsome [2]: (827.766666667)-12.6190003046, -63.8067446243, 21055.6562712, 22.7373176015, 5992.7944922, 
Chromsome [3]: (824.866666667)0.832644072859, -79.2343468245, 10482.8670053, 12.832618524, 1814.04246059, 
Chromsome [4]: (824.833333333)0.832644072859, 17.6283957142, 114267.447598, 21.0900516698, 1770.39518942, 
<------------ GEN 30--------------->
Chromsome [0]: (818.833333333)-6.30109153748, -61.0161648049, 78497.2986389, 4.40863460702, 1919.99225646, 
Chromsome [1]: (815.933333333)0.832644072859, -79.2343468245, 10482.8670053, 12.832618524, 1814.04246059, 
Chromsome [2]: (815.9)0.832644072859, 17.6283957142, 114267.447598, 2.92628393122, 1073.40858439, 
Chromsome [3]: (815.9)0.832644072859, 17.6283957142, 114267.447598, 21.0900516698, 7034.30308084, 
Chromsome [4]: (774.233333333)2.87546030599, 76.868773173, 114861.580681, 6.25121972432, 561.051692098, 
<------------ GEN 31--------------->
Chromsome [0]: (809.366666667)-6.30109153748, -61.0161648049, 78497.2986389, 4.40863460702, 1919.99225646, 
Chromsome [1]: (800.033333333)0.832644072859, 109.420761598, -202.979876808, 2.92628393122, 1073.40858439, 
Chromsome [2]: (799.966666667)0.832644072859, 17.6283957142, 82302.269779, 21.0900516698, 992.794492204, 
Chromsome [3]: (799.966666667)0.832644072859, 17.6283957142, 114267.447598, 22.7373176015, 2881.37652979, 
Chromsome [4]: (799.866666667)0.832644072859, -79.2343468245, 5570.95611976, 12.832618524, 204.327701921, 
<------------ GEN 32--------------->
Chromsome [0]: (796.133333333)-6.30109153748, -61.0161648049, 78497.2986389, 4.40863460702, 1919.99225646, 
Chromsome [1]: (782.533333333)0.832644072859, -211.15267749, 82302.269779, 21.0900516698, 1073.40858439, 
Chromsome [2]: (780.866666667)0.832644072859, 14.0034213539, 54155.582749, 2.92628393122, 992.794492204, 
Chromsome [3]: (780.866666667)0.832644072859, 17.6283957142, 114267.447598, 22.7373176015, 2881.37652979, 
Chromsome [4]: (780.866666667)0.832644072859, 17.6283957142, 82302.269779, 21.0900516698, 1693.69259865, 
<------------ GEN 33--------------->
Chromsome [0]: (817.133333333)-76.2264997903, 19.070569691, 64618.4792889, 21.0180162498, 2967.30219516, 
Chromsome [1]: (817.133333333)-6.30109153748, -61.0161648049, 78497.2986389, 4.40863460702, 1919.99225646, 
Chromsome [2]: (797.4)0.832644072859, -0.256942983468, 115588.313082, 4.40863460702, 1919.99225646, 
Chromsome [3]: (797.133333333)0.832644072859, 17.6283957142, 82302.269779, 2.92628393122, 1202.77125494, 
Chromsome [4]: (797.133333333)0.832644072859, 17.6283957142, 82302.269779, 21.0900516698, 2942.780243, 
<------------ GEN 34--------------->
Chromsome [0]: (805.566666667)-76.2264997903, 19.070569691, 64618.4792889, 21.0180162498, 2967.30219516, 
Chromsome [1]: (776.533333333)0.832644072859, -0.256942983468, 115588.313082, 4.40863460702, 1693.69259865, 
Chromsome [2]: (776.266666667)0.832644072859, -4.71863228218, 82302.269779, 21.0900516698, 992.794492204, 
Chromsome [3]: (776.166666667)0.832644072859, 17.6283957142, 82302.269779, 2.92628393122, 1202.77125494, 
Chromsome [4]: (776.166666667)0.832644072859, 14.0034213539, 54155.582749, 2.92628393122, 992.794492204, 
<------------ GEN 35--------------->
Chromsome [0]: (807.3)-76.2264997903, 19.070569691, 64618.4792889, 21.0180162498, 2967.30219516, 
Chromsome [1]: (778.266666667)0.832644072859, -0.256942983468, 115588.313082, 4.40863460702, 1693.69259865, 
Chromsome [2]: (778.266666667)0.832644072859, -0.256942983468, 115588.313082, 24.8491681146, 992.794492204, 
Chromsome [3]: (778.0)0.832644072859, -4.71863228218, 82302.269779, 27.2124889271, 1242.23992445, 
Chromsome [4]: (777.9)0.832644072859, 14.0034213539, 54155.582749, 2.92628393122, 1693.69259865, 
<------------ GEN 36--------------->
Chromsome [0]: (817.7)-19.1997955209, 76.868773173, -18778.0401043, 25.1400812104, 2554.99303067, 
Chromsome [1]: (817.7)-76.2264997903, 19.070569691, 64618.4792889, 21.0180162498, 2967.30219516, 
Chromsome [2]: (778.566666667)0.832644072859, -0.256942983468, 115588.313082, 24.8491681146, 1693.69259865, 
Chromsome [3]: (778.566666667)0.832644072859, -0.256942983468, 115588.313082, 24.8491681146, 3791.14487737, 
Chromsome [4]: (778.366666667)0.832644072859, -4.71863228218, 18275.5749787, 27.2124889271, 1693.69259865, 
<------------ GEN 37--------------->
Chromsome [0]: (792.2)-19.1997955209, 76.868773173, -18778.0401043, 25.1400812104, 2554.99303067, 
Chromsome [1]: (754.2)0.832644072859, -0.256942983468, 103769.62869, 24.8491681146, 1919.99225646, 
Chromsome [2]: (754.066666667)0.832644072859, -4.71863228218, 271795.212571, 22.8212979027, 1693.69259865, 
Chromsome [3]: (747.9)0.832644072859, 78.5783574008, 54155.582749, 2.92628393122, 992.794492204, 
Chromsome [4]: (734.0)0.832644072859, -78.8949230051, 115588.313082, 24.8491681146, 1693.69259865, 
<------------ GEN 38--------------->
Chromsome [0]: (790.9)-15.7467611165, -82.0215339163, 64618.4792889, 21.0180162498, 2967.30219516, 
Chromsome [1]: (790.9)-19.1997955209, 76.868773173, -18778.0401043, 25.1400812104, 2554.99303067, 
Chromsome [2]: (751.566666667)0.832644072859, -4.71863228218, 88204.7874289, 22.8212979027, 1693.69259865, 
Chromsome [3]: (751.566666667)0.832644072859, -4.71863228218, 88204.7874289, 22.8212979027, 1693.69259865, 
Chromsome [4]: (747.8)0.832644072859, 78.5783574008, 54155.582749, 8.28230552162, 992.794492204, 
<------------ GEN 39--------------->
Chromsome [0]: (814.333333333)-15.7467611165, -82.0215339163, 64618.4792889, 21.0180162498, 2967.30219516, 
Chromsome [1]: (781.466666667)0.832644072859, -4.71863228218, 88204.7874289, 27.3417010667, 2967.30219516, 
Chromsome [2]: (781.466666667)0.832644072859, -4.71863228218, 88204.7874289, 22.8212979027, 1693.69259865, 
Chromsome [3]: (781.4)0.832644072859, 10.1705827187, 47505.3906776, 2.36703409012, 2334.49514901, 
Chromsome [4]: (769.4)0.832644072859, 86.8371664741, 109192.177096, 21.0180162498, 2967.30219516, 
<------------ GEN 40--------------->
Chromsome [0]: (835.7)-15.7467611165, -82.0215339163, 64618.4792889, 21.0180162498, 2967.30219516, 
Chromsome [1]: (813.4)0.832644072859, -4.71863228218, 88204.7874289, 18.280978781, 1027.46259299, 
Chromsome [2]: (813.4)0.832644072859, -4.71863228218, 50782.6319077, 9.54634006072, 1693.69259865, 
Chromsome [3]: (813.366666667)0.832644072859, 10.1705827187, 47505.3906776, 2.36703409012, 2216.66415017, 
Chromsome [4]: (801.466666667)0.832644072859, 62.7091777837, 109192.177096, 22.7526935834, 1224.50131141, 
<------------ GEN 41--------------->
Chromsome [0]: (844.8)-15.7467611165, -82.0215339163, 64618.4792889, 21.0180162498, 2967.30219516, 
Chromsome [1]: (815.833333333)0.826258671805, 62.7091777837, -27303.4265623, 24.5382779204, 2464.34669692, 
Chromsome [2]: (811.933333333)0.832644072859, -4.71863228218, 50782.6319077, 26.930344087, 1693.69259865, 
Chromsome [3]: (811.933333333)0.832644072859, -4.71863228218, 88204.7874289, 28.4734959691, 852.645814594, 
Chromsome [4]: (811.933333333)0.832644072859, 6.43438949712, 47505.3906776, 2.36703409012, 2216.66415017, 
<------------ GEN 42--------------->
Chromsome [0]: (844.966666667)-15.7467611165, -82.0215339163, 64618.4792889, 21.0180162498, 2967.30219516, 
Chromsome [1]: (818.333333333)0.832644072859, 6.43438949712, 50782.6319077, 9.54634006072, 1794.66383478, 
Chromsome [2]: (818.333333333)0.832644072859, 6.43438949712, 88999.1842804, 21.0180162498, 2967.30219516, 
Chromsome [3]: (818.333333333)0.832644072859, -4.71863228218, 107065.186394, 23.3433133001, 2942.67862556, 
Chromsome [4]: (818.333333333)0.832644072859, -4.71863228218, 88204.7874289, 28.4734959691, 852.645814594, 
<------------ GEN 43--------------->
Chromsome [0]: (848.6)-15.7467611165, -82.0215339163, 64618.4792889, 21.0180162498, 2967.30219516, 
Chromsome [1]: (821.966666667)0.832644072859, 6.43438949712, 50782.6319077, 9.54634006072, 1306.00672405, 
Chromsome [2]: (821.966666667)0.832644072859, -4.71863228218, 159654.704484, 28.4734959691, 852.645814594, 
Chromsome [3]: (821.966666667)0.832644072859, -4.71863228218, 88204.7874289, 28.4734959691, 852.645814594, 
Chromsome [4]: (820.633333333)0.832644072859, -26.4869146162, 88999.1842804, 21.0180162498, 2967.30219516, 
<------------ GEN 44--------------->
Chromsome [0]: (839.3)-15.7467611165, -82.0215339163, 64618.4792889, 21.0180162498, 2967.30219516, 
Chromsome [1]: (820.333333333)0.832644072859, -4.71863228218, 159654.704484, 28.4734959691, 2617.83980312, 
Chromsome [2]: (820.333333333)0.832644072859, -4.71863228218, 88204.7874289, -10.3386850284, 852.645814594, 
Chromsome [3]: (820.333333333)0.832644072859, 6.43438949712, 50782.6319077, 9.54634006072, 540.007273417, 
Chromsome [4]: (819.0)0.832644072859, -26.4869146162, 88999.1842804, 21.0180162498, 1020.8401958, 
<------------ GEN 45--------------->
Chromsome [0]: (844.3)-15.7467611165, -82.0215339163, 64618.4792889, 21.0180162498, 2967.30219516, 
Chromsome [1]: (817.666666667)0.832644072859, -4.71863228218, 50012.867546, 10.3386850284, 2908.25218349, 
Chromsome [2]: (817.666666667)0.832644072859, -4.71863228218, 43106.0516999, 24.5382779204, 1693.69259865, 
Chromsome [3]: (817.666666667)0.832644072859, 6.43438949712, 50782.6319077, 9.54634006072, 1770.39518942, 
Chromsome [4]: (817.666666667)0.832644072859, -4.71863228218, 88204.7874289, 10.3386850284, 852.645814594, 
<------------ GEN 46--------------->
Chromsome [0]: (842.6)-15.7467611165, -82.0215339163, 64618.4792889, 21.0180162498, 2967.30219516, 
Chromsome [1]: (826.533333333)0.832644072859, -4.71863228218, 43106.0516999, 24.5382779204, 1693.69259865, 
Chromsome [2]: (825.233333333)0.832644072859, -26.4869146162, 88999.1842804, 28.5932836837, 1672.52433781, 
Chromsome [3]: (824.433333333)0.826258671805, 71.2275883303, 15948.961953, 11.0385984948, 1054.79736224, 
Chromsome [4]: (822.266666667)0.832644072859, 41.3779582383, 50782.6319077, 9.54634006072, 1770.39518942, 
<------------ GEN 47--------------->
Chromsome [0]: (840.0)-15.7467611165, -82.0215339163, 64618.4792889, 21.0180162498, 2967.30219516, 
Chromsome [1]: (828.533333333)0.826258671805, 71.2275883303, 15948.961953, 0.717808109533, 2170.09143219, 
Chromsome [2]: (810.466666667)0.832644072859, -4.71863228218, 43106.0516999, 5.18212611585, 1693.69259865, 
Chromsome [3]: (809.033333333)0.826258671805, 71.2275883303, 10997.8688551, 28.6507339604, 2967.30219516, 
Chromsome [4]: (804.133333333)0.832644072859, 41.3779582383, 50782.6319077, 9.54634006072, 288.250130476, 
<------------ GEN 48--------------->
Chromsome [0]: (840.466666667)-15.7467611165, -82.0215339163, 64618.4792889, 21.0180162498, 2967.30219516, 
Chromsome [1]: (829.633333333)0.826258671805, 71.2275883303, 15948.961953, 0.717808109533, 2791.62195268, 
Chromsome [2]: (823.233333333)0.826258671805, 71.2275883303, 10997.8688551, 28.6507339604, 816.998993908, 
Chromsome [3]: (817.466666667)0.832644072859, -45.5846920607, 43106.0516999, 29.0299465638, 1693.83136421, 
Chromsome [4]: (817.133333333)0.832644072859, 41.3779582383, 64626.0166214, 20.7774453918, 954.454455712, 
<------------ GEN 49--------------->
Chromsome [0]: (842.866666667)-15.7467611165, -82.0215339163, 64618.4792889, 21.0180162498, 2967.30219516, 
Chromsome [1]: (832.8)0.826258671805, 71.2275883303, 10997.8688551, 28.6507339604, 816.998993908, 
Chromsome [2]: (830.266666667)0.832644072859, -45.5846920607, 43106.0516999, 8.08630210384, 2958.65264255, 
Chromsome [3]: (829.733333333)0.832644072859, 41.3779582383, 50782.6319077, 9.54634006072, 1060.38915048, 
Chromsome [4]: (829.566666667)0.832644072859, -49.9810215511, 64626.0166214, 20.7774453918, 1693.69259865, 
<------------ GEN 50--------------->
Chromsome [0]: (827.533333333)-15.7467611165, -82.0215339163, 64618.4792889, 21.0180162498, 2967.30219516, 
Chromsome [1]: (797.033333333)0.832644072859, -1.35775272748, 64618.4792889, 10.3386850284, 1647.45657667, 
Chromsome [2]: (796.266666667)0.826258671805, 71.2275883303, 10997.8688551, 28.6507339604, 816.998993908, 
Chromsome [3]: (793.2)0.832644072859, 41.3779582383, 112927.249213, 5.42699745844, 524.375275114, 
Chromsome [4]: (793.033333333)0.826258671805, 71.2275883303, 55573.8301444, 25.1815048425, 1468.64767997, 
<------------ GEN 51--------------->
Chromsome [0]: (813.366666667)-15.7467611165, -82.0215339163, 64618.4792889, 21.0180162498, 2967.30219516, 
Chromsome [1]: (801.166666667)0.832644072859, 49.7400532283, -149731.214615, 12.6648078265, 1020.8401958, 
Chromsome [2]: (801.033333333)0.832644072859, 29.7208697158, 47342.8407087, 11.0385984948, 1474.31207674, 
Chromsome [3]: (800.4)0.826258671805, 71.2275883303, 10997.8688551, 28.6507339604, 2506.98119737, 
Chromsome [4]: (797.266666667)0.832644072859, -42.3541577212, 112927.249213, 5.42699745844, 524.375275114, 
<------------ GEN 52--------------->
Chromsome [0]: (831.6)-78.9573492382, 71.2275883303, 55573.8301444, 25.1815048425, 1349.28825217, 
Chromsome [1]: (831.6)-15.7467611165, -82.0215339163, 64618.4792889, 21.0180162498, 2967.30219516, 
Chromsome [2]: (828.666666667)0.832644072859, 84.7829459746, 133914.425732, 0.51752666123, 2233.32772173, 
Chromsome [3]: (828.666666667)0.826258671805, -14.0851742329, 124350.37786, 21.0180162498, 2912.54069542, 
Chromsome [4]: (828.666666667)0.832644072859, 62.7091777837, 62436.7798883, 11.3563089627, 1693.69259865, 
<------------ GEN 53--------------->
Chromsome [0]: (820.666666667)-78.9573492382, 71.2275883303, 55573.8301444, 25.1815048425, 1349.28825217, 
Chromsome [1]: (815.866666667)0.826258671805, 243.342792462, 124350.37786, 12.6648078265, 682.268625398, 
Chromsome [2]: (814.8)0.832644072859, -39.0693831658, 44594.6266369, 11.3563089627, 2233.32772173, 
Chromsome [3]: (814.8)0.832644072859, 84.7829459746, 133914.425732, 0.51752666123, 1693.69259865, 
Chromsome [4]: (814.8)0.832644072859, -82.2483033086, 47342.8407087, 11.8693510041, 1432.3282759, 
<------------ GEN 54--------------->
Chromsome [0]: (820.2)-78.9573492382, 71.2275883303, 55573.8301444, 25.1815048425, 1349.28825217, 
Chromsome [1]: (817.266666667)0.832644072859, 84.7829459746, 160160.41761, 29.3871045711, 1349.28825217, 
Chromsome [2]: (817.266666667)0.73867152355, -11.5238238701, 130364.67867, 24.6496088231, 1148.43891326, 
Chromsome [3]: (817.266666667)0.832644072859, 84.7829459746, 158569.872281, 0.51752666123, 524.375275114, 
Chromsome [4]: (817.266666667)0.826258671805, 35.8034532156, 64618.4792889, 21.0180162498, 1649.93474001, 
<------------ GEN 55--------------->
Chromsome [0]: (809.8)-78.9573492382, 71.2275883303, 55573.8301444, 25.1815048425, 1349.28825217, 
Chromsome [1]: (800.2)0.832644072859, -73.8384917289, 1184.05063584, 15.4999890297, 6288.24487966, 
Chromsome [2]: (796.633333333)0.832644072859, 9.9014760377, 147320.447432, 8.4194606954, 1432.3282759, 
Chromsome [3]: (796.433333333)0.832644072859, 12.6535423776, 115847.878353, 10.3666684338, 2880.58173316, 
Chromsome [4]: (796.3)0.832644072859, 22.9307348854, 64618.4792889, 16.7969558237, 1220.31576262, 
<------------ GEN 56--------------->
Chromsome [0]: (813.133333333)-19.4105992347, 71.2275883303, 153491.085607, 24.6496088231, 2560.66852637, 
Chromsome [1]: (813.133333333)-78.9573492382, 71.2275883303, 55573.8301444, 25.1815048425, 1349.28825217, 
Chromsome [2]: (807.333333333)0.832644072859, 12.6535423776, 1184.05063584, 15.4999890297, -288.24487966, 
Chromsome [3]: (807.266666667)0.832644072859, -73.8384917289, 115847.878353, 10.3666684338, 2880.58173316, 
Chromsome [4]: (807.266666667)0.832644072859, -47.4026891702, 97726.0312909, 14.840310257, 1349.28825217, 
<------------ GEN 57--------------->
Chromsome [0]: (813.1)-19.4105992347, 71.2275883303, 153491.085607, 24.6496088231, 2560.66852637, 
Chromsome [1]: (803.866666667)0.832644072859, 111.991259742, 51595.1061297, 11.3563089627, 2233.32772173, 
Chromsome [2]: (799.533333333)0.832644072859, 84.7829459746, 158569.872281, 8.28602983738, 524.375275114, 
Chromsome [3]: (799.533333333)0.826258671805, 35.8034532156, 21308.4796752, 25.1815048425, 625.204766253, 
Chromsome [4]: (799.5)0.832644072859, -82.0215339163, 35668.8850878, 11.4359074096, 2702.32775093, 
<------------ GEN 58--------------->
Chromsome [0]: (836.233333333)-19.4105992347, 71.2275883303, 153491.085607, 24.6496088231, 2560.66852637, 
Chromsome [1]: (823.666666667)0.832644072859, 35.8034532156, 21308.4796752, 1.5572096557, 2029.08713974, 
Chromsome [2]: (809.966666667)0.832644072859, -21.9283955553, 35668.8850878, 24.6496088231, 2560.66852637, 
Chromsome [3]: (805.7)0.832644072859, 68.008740258, 51595.1061297, 15.4520204074, 1349.28825217, 
Chromsome [4]: (803.566666667)0.832644072859, -63.342792462, 86167.7171325, 5.06835193094, 1288.24487966, 
<------------ GEN 59--------------->
Chromsome [0]: (812.533333333)-115.792043647, -0.933830315561, 158569.872281, 19.7713880784, 1678.34997225, 
Chromsome [1]: (812.533333333)-57.2227362233, -66.907599675, 98243.6672732, 23.8398765683, 2681.02666287, 
Chromsome [2]: (812.533333333)-52.6082391452, 9.9014760377, 147320.447432, 8.4194606954, 1999.62191639, 
Chromsome [3]: (812.533333333)-19.4105992347, 71.2275883303, 153491.085607, 24.6496088231, 2560.66852637, 
Chromsome [4]: (810.533333333)0.832644072859, -43.4974138683, 7137.11583533, 1.05297804126, 2662.71876565, 
<------------ GEN 60--------------->
Chromsome [0]: (820.833333333)-115.792043647, -0.933830315561, 158569.872281, 19.7713880784, 1678.34997225, 
Chromsome [1]: (818.233333333)0.832644072859, -43.4974138683, 7137.11583533, 1.05297804126, 2662.71876565, 
Chromsome [2]: (801.0)0.832644072859, -21.9283955553, 35795.9540617, 9.42761822183, 1349.28825217, 
Chromsome [3]: (799.533333333)0.832644072859, 35.8034532156, 21308.4796752, 21.0180162498, 400.34442262, 
Chromsome [4]: (797.9)0.832644072859, 68.008740258, 51595.1061297, 15.4520204074, 1999.62191639, 
<------------ GEN 61--------------->
Chromsome [0]: (796.7)-115.792043647, -0.933830315561, 158569.872281, 19.7713880784, 1678.34997225, 
Chromsome [1]: (783.8)0.832644072859, 179.388773337, 97726.0312909, 0.734006913852, 1432.3282759, 
Chromsome [2]: (774.5)0.832644072859, 121.081419339, 7137.11583533, 19.7713880784, 1404.91619895, 
Chromsome [3]: (774.366666667)0.832644072859, 68.008740258, 51595.1061297, 15.4520204074, 1999.62191639, 
Chromsome [4]: (774.366666667)0.832644072859, -68.9517367361, 97726.0312909, 14.840310257, 1776.40097768, 
<------------ GEN 62--------------->
Chromsome [0]: (838.766666667)-115.792043647, -0.933830315561, 158569.872281, 19.7713880784, 1678.34997225, 
Chromsome [1]: (835.866666667)0.832644072859, 58.9185806611, 7137.11583533, 19.7713880784, 1404.91619895, 
Chromsome [2]: (835.833333333)0.832644072859, 68.008740258, 51595.1061297, 3.1819780507, 1334.67547454, 
Chromsome [3]: (835.833333333)0.832644072859, -66.907599675, 65705.074312, 20.7999250109, 2815.43199835, 
Chromsome [4]: (835.833333333)0.832644072859, 12.2398958628, 163948.004876, 8.4194606954, 1999.62191639, 
<------------ GEN 63--------------->
Chromsome [0]: (822.366666667)-78.1453447317, -13.5422591113, 98496.2044065, 16.9324302123, 1221.03663577, 
Chromsome [1]: (822.366666667)-115.792043647, -0.933830315561, 158569.872281, 19.7713880784, 1678.34997225, 
Chromsome [2]: (816.633333333)1.15593542124, 0.611226663039, 97726.0312909, 0.734006913852, 1432.3282759, 
Chromsome [3]: (816.5)0.832644072859, 29.8091902046, 21308.4796752, 21.0180162498, 928.413427412, 
Chromsome [4]: (816.5)0.832644072859, -382.084311773, 87436.3808007, 19.7713880784, 2983.22352056, 
<------------ GEN 64--------------->
Chromsome [0]: (831.2)-78.1453447317, -13.5422591113, 98496.2044065, 16.9324302123, 1221.03663577, 
Chromsome [1]: (828.833333333)0.832644072859, 202.084311773, 84382.4341546, 19.7713880784, 1678.34997225, 
Chromsome [2]: (828.366666667)0.832644072859, -0.487690465731, 127800.173804, 15.4563392068, 1164.60240967, 
Chromsome [3]: (828.333333333)1.15593542124, 0.611226663039, 97726.0312909, 1.34336559894, 1432.3282759, 
Chromsome [4]: (828.266666667)0.832644072859, -66.907599675, 67122.8444492, 20.7999250109, 2243.49546613, 
<------------ GEN 65--------------->
Chromsome [0]: (816.0)-64.2110129422, 29.8091902046, 119910.833088, 0.734006913852, -282.32147862, 
Chromsome [1]: (816.0)-4.66133981773, -5.88751426771, 39464.8858668, 25.1512535184, 1678.34997225, 
Chromsome [2]: (816.0)-78.1453447317, -13.5422591113, 98496.2044065, 16.9324302123, 1221.03663577, 
Chromsome [3]: (813.133333333)1.15593542124, 0.611226663039, 97726.0312909, 12.5976481918, 1404.91619895, 
Chromsome [4]: (813.133333333)1.15593542124, 0.611226663039, 179727.593943, 23.3418310158, 1432.3282759, 
<------------ GEN 66--------------->
Chromsome [0]: (832.766666667)-12.6900673658, 65.6584521408, 4271.51424444, 29.4553070815, 728.592653161, 
Chromsome [1]: (832.766666667)-64.2110129422, 29.8091902046, 119910.833088, 0.734006913852, -282.32147862, 
Chromsome [2]: (808.533333333)0.745872664865, 0.611226663039, 179727.593943, 21.0180162498, 1326.11018096, 
Chromsome [3]: (808.433333333)1.15593542124, 0.611226663039, 97726.0312909, 12.5976481918, 1432.3282759, 
Chromsome [4]: (808.4)0.832644072859, -89.8601399878, 13897.362064, 16.9324302123, 1221.03663577, 
<------------ GEN 67--------------->
Chromsome [0]: (805.0)-33.777445534, 29.8091902046, 21308.4796752, 18.1509227937, 1144.39475894, 
Chromsome [1]: (805.0)-64.7611146504, 29.8091902046, 36027.6966849, 0.734006913852, 2739.95028224, 
Chromsome [2]: (805.0)-12.6900673658, 65.6584521408, 4271.51424444, 29.4553070815, 728.592653161, 
Chromsome [3]: (773.033333333)0.832644072859, 58.9051827961, 157726.086703, 27.9902985732, 1221.03663577, 
Chromsome [4]: (772.9)1.15593542124, 51.7525479414, 97726.0312909, 15.6299308496, 1432.3282759, 
<------------ GEN 68--------------->
Chromsome [0]: (799.3)-33.777445534, 29.8091902046, 21308.4796752, 18.1509227937, 1144.39475894, 
Chromsome [1]: (782.233333333)0.832644072859, 29.8091902046, 21308.4796752, 1.99592042141, 1225.87663933, 
Chromsome [2]: (778.0)0.832644072859, -52.2118174701, 440.00661746, 15.4563392068, 1839.0877558, 
Chromsome [3]: (777.2)0.745872664865, 93.9165477612, 19617.2276103, 16.9324302123, 1213.39818933, 
Chromsome [4]: (773.166666667)0.832644072859, 58.9051827961, 35299.3553138, 23.9001431902, 1678.34997225, 
<------------ GEN 69--------------->
Chromsome [0]: (817.8)-33.777445534, 29.8091902046, 21308.4796752, 18.1509227937, 1144.39475894, 
Chromsome [1]: (808.7)0.745872664865, 86.0834522388, 19617.2276103, -4.09856794784, 660.752399139, 
Chromsome [2]: (808.166666667)0.832644072859, 29.8091902046, 14301.6491625, 1.99592042141, 1221.03663577, 
Chromsome [3]: (804.666666667)1.15593542124, -149.948865265, 97726.0312909, 26.3757261266, 1302.01215854, 
Chromsome [4]: (802.633333333)0.832644072859, -52.2118174701, 440.00661746, 15.4563392068, 1839.0877558, 
<------------ GEN 70--------------->
Chromsome [0]: (816.566666667)-33.777445534, 29.8091902046, 21308.4796752, 18.1509227937, 1144.39475894, 
Chromsome [1]: (805.966666667)0.832644072859, 29.8091902046, 14301.6491625, 1.99592042141, 1221.03663577, 
Chromsome [2]: (792.4)1.15593542124, 34.7904412707, 10329.9855, 15.6299308496, 3273.2794755, 
Chromsome [3]: (791.966666667)0.745872664865, 86.0834522388, 19617.2276103, 4.09856794784, 2474.78504768, 
Chromsome [4]: (790.8)0.832644072859, -52.2118174701, 440.00661746, 15.4563392068, 2681.50256731, 
<------------ GEN 71--------------->
Chromsome [0]: (835.133333333)-33.777445534, 29.8091902046, 21308.4796752, 18.1509227937, 1144.39475894, 
Chromsome [1]: (825.833333333)0.832644072859, 29.8091902046, 14301.6491625, 1.99592042141, 1919.95611737, 
Chromsome [2]: (810.366666667)0.450552579411, -52.2118174701, -20097.6158071, 15.4563392068, 1058.67516564, 
Chromsome [3]: (807.366666667)0.745872664865, 86.0834522388, 19617.2276103, 4.09856794784, 2474.78504768, 
Chromsome [4]: (806.466666667)0.832644072859, -52.2118174701, 440.00661746, 15.4563392068, 2681.50256731, 
<------------ GEN 72--------------->
Chromsome [0]: (847.766666667)-33.777445534, 29.8091902046, 21308.4796752, 18.1509227937, 1144.39475894, 
Chromsome [1]: (838.033333333)0.832644072859, 29.8091902046, 14301.6491625, 3.16132546595, 1376.40278308, 
Chromsome [2]: (832.433333333)0.450552579411, -52.2118174701, 20097.6158071, 29.4553070815, 2204.70357539, 
Chromsome [3]: (832.366666667)0.832644072859, 87.1623150744, 160990.62244, 14.6526510274, 2396.59098058, 
Chromsome [4]: (832.366666667)0.745872664865, 86.0834522388, 430088.492122, 4.09856794784, 2474.78504768, 
<------------ GEN 73--------------->
Chromsome [0]: (844.966666667)-3.29421466988, 50.8818306841, 82144.0874206, 7.88364904347, 2301.38878091, 
Chromsome [1]: (844.966666667)-51.718111087, 60.6480364012, 164361.485587, 14.6526510274, 2396.59098058, 
Chromsome [2]: (844.966666667)-33.777445534, 29.8091902046, 21308.4796752, 18.1509227937, 1144.39475894, 
Chromsome [3]: (830.6)0.832644072859, 29.8091902046, 14301.6491625, 3.16132546595, 1144.39475894, 
Chromsome [4]: (829.233333333)0.745872664865, 86.0834522388, -70088.4921219, 4.09856794784, 2267.75074188, 
<------------ GEN 74--------------->
Chromsome [0]: (826.433333333)-97.6303337084, 29.8091902046, 21308.4796752, 14.6526510274, 2396.59098058, 
Chromsome [1]: (826.433333333)-3.29421466988, 50.8818306841, 82144.0874206, 7.88364904347, 2301.38878091, 
Chromsome [2]: (798.033333333)0.832644072859, 29.8091902046, 14301.6491625, 3.16132546595, 1144.39475894, 
Chromsome [3]: (789.1)0.745872664865, 86.0834522388, 70088.4921219, 4.09856794784, 2267.75074188, 
Chromsome [4]: (789.1)0.745872664865, 86.0834522388, 64150.987719, 18.1509227937, 611.279430356, 
<------------ GEN 75--------------->
Chromsome [0]: (812.433333333)-0.862690697808, -123.996321761, 90648.7534762, 29.4495281378, 1144.39475894, 
Chromsome [1]: (812.433333333)-97.6303337084, 29.8091902046, 21308.4796752, 14.6526510274, 2396.59098058, 
Chromsome [2]: (809.5)0.745872664865, 87.1623150744, 128325.326957, 18.1509227937, 2083.73530648, 
Chromsome [3]: (809.5)0.832644072859, 29.8091902046, 16270.473335, 5.8334760618, 1144.39475894, 
Chromsome [4]: (809.5)0.745872664865, 86.0834522388, 64150.987719, 18.1509227937, 611.279430356, 
<------------ GEN 76--------------->
Chromsome [0]: (805.366666667)-0.862690697808, -123.996321761, 90648.7534762, 29.4495281378, 1144.39475894, 
Chromsome [1]: (802.466666667)0.745872664865, -3.83481345511, 64150.987719, 18.1509227937, 611.279430356, 
Chromsome [2]: (802.433333333)0.832644072859, 37.7259818899, 70088.4921219, 15.5781352698, 1705.14769903, 
Chromsome [3]: (802.433333333)0.745872664865, 87.1623150744, 96921.5390136, 26.3757261266, 705.888670508, 
Chromsome [4]: (802.433333333)0.832644072859, 29.8091902046, 16270.473335, 5.8334760618, 1144.39475894, 
<------------ GEN 77--------------->
Chromsome [0]: (815.1)-0.862690697808, -123.996321761, 90648.7534762, 29.4495281378, 1144.39475894, 
Chromsome [1]: (812.0)0.745872664865, 87.1623150744, 14301.6491625, 3.16132546595, 1144.39475894, 
Chromsome [2]: (803.3)0.832644072859, 29.8091902046, 16270.473335, 24.4219662372, 1711.57356721, 
Chromsome [3]: (802.433333333)0.832644072859, 37.7259818899, 70088.4921219, 15.5781352698, 1144.39475894, 
Chromsome [4]: (802.2)0.745872664865, 50.3303364323, 64150.987719, 18.1509227937, 611.279430356, 
<------------ GEN 78--------------->
Chromsome [0]: (809.033333333)-0.862690697808, -123.996321761, 90648.7534762, 29.4495281378, 1144.39475894, 
Chromsome [1]: (776.1)0.832644072859, 29.8091902046, 16270.473335, 24.4219662372, 2846.51861059, 
Chromsome [2]: (775.0)0.745872664865, 50.3303364323, 64150.987719, 18.1509227937, 634.32785754, 
Chromsome [3]: (774.966666667)0.745872664865, 87.1623150744, 164361.485587, 25.1479471377, 1144.39475894, 
Chromsome [4]: (774.4)0.832644072859, -32.1762608154, 70088.4921219, 12.7240530615, 1025.21238178, 
<------------ GEN 79--------------->
Chromsome [0]: (820.633333333)-44.4480018574, 32.9768489332, 107444.425155, 29.4495281378, 807.19346536, 
Chromsome [1]: (820.633333333)-0.862690697808, -123.996321761, 90648.7534762, 29.4495281378, 1144.39475894, 
Chromsome [2]: (800.8)0.832644072859, 29.8091902046, 16270.473335, 24.4219662372, 2846.51861059, 
Chromsome [3]: (800.8)0.832644072859, 29.8091902046, 16270.473335, 26.6342770616, 1144.39475894, 
Chromsome [4]: (797.166666667)0.745872664865, 87.1623150744, 164361.485587, 4.76465913056, 1144.39475894, 
<------------ GEN 80--------------->
Chromsome [0]: (808.433333333)-44.4480018574, 32.9768489332, 107444.425155, 29.4495281378, 807.19346536, 
Chromsome [1]: (799.966666667)0.832644072859, 29.8091902046, 16270.473335, 0.857802424148, 2846.51861059, 
Chromsome [2]: (775.233333333)0.832644072859, 88.219096075, 16270.473335, 17.3178188619, 1144.39475894, 
Chromsome [3]: (771.433333333)0.745872664865, 87.1623150744, 164361.485587, 4.76465913056, 1144.39475894, 
Chromsome [4]: (770.766666667)0.832644072859, -32.1762608154, 70088.4921219, 14.6526510274, 834.292483765, 
<------------ GEN 81--------------->
Chromsome [0]: (824.233333333)-44.4480018574, 32.9768489332, 107444.425155, 29.4495281378, 807.19346536, 
Chromsome [1]: (801.066666667)0.832644072859, 88.219096075, 16270.473335, 14.6526510274, 834.292483765, 
Chromsome [2]: (800.233333333)0.745872664865, 87.1623150744, 164361.485587, 27.9818309854, 793.696861694, 
Chromsome [3]: (800.033333333)0.832644072859, -32.1762608154, 70088.4921219, 17.3178188619, 1520.74758681, 
Chromsome [4]: (771.4)1.15593542124, -67.2609580201, -65082.370624, 9.13138662509, 1705.14769903, 
<------------ GEN 82--------------->
Chromsome [0]: (823.233333333)-44.4480018574, 32.9768489332, 107444.425155, 29.4495281378, 807.19346536, 
Chromsome [1]: (794.5)0.832644072859, 88.219096075, 16270.473335, 14.6526510274, 834.292483765, 
Chromsome [2]: (793.7)0.745872664865, 87.1623150744, 164361.485587, 26.5646493677, 793.696861694, 
Chromsome [3]: (781.9)1.06269069781, 29.8091902046, -39869.9019562, 17.3178188619, 1520.74758681, 
Chromsome [4]: (772.033333333)1.06269069781, 44.6241877683, 18205.1344446, 29.0601336079, 727.381463644, 
<------------ GEN 83--------------->
Chromsome [0]: (800.333333333)-44.4480018574, 32.9768489332, 107444.425155, 29.4495281378, 807.19346536, 
Chromsome [1]: (774.533333333)0.832644072859, 88.219096075, 38959.1054267, 14.6526510274, 834.292483765, 
Chromsome [2]: (774.366666667)0.900234549482, -59.7317395382, 16270.473335, 25.1479471377, 1144.39475894, 
Chromsome [3]: (753.966666667)1.06269069781, 44.6241877683, 18205.1344446, 29.0601336079, 727.381463644, 
Chromsome [4]: (753.566666667)1.15593542124, -47.5718141752, 33691.0232449, 9.13138662509, 671.97473692, 
<------------ GEN 84--------------->
Chromsome [0]: (780.966666667)-62.7707046841, 251.184162214, 170159.710826, 8.22544360738, 2128.14822771, 
Chromsome [1]: (780.966666667)-44.4480018574, 32.9768489332, 107444.425155, 29.4495281378, 807.19346536, 
Chromsome [2]: (726.833333333)1.06269069781, 85.0249818118, 164361.485587, 26.5646493677, 1539.71373208, 
Chromsome [3]: (724.066666667)1.06269069781, 44.6241877683, 18205.1344446, 29.0601336079, 1341.54624505, 
Chromsome [4]: (723.6)1.15593542124, -47.5718141752, 33691.0232449, 9.13138662509, 671.97473692, 
<------------ GEN 85--------------->
Chromsome [0]: (785.966666667)-62.7707046841, 251.184162214, 170159.710826, 8.22544360738, 2128.14822771, 
Chromsome [1]: (762.766666667)0.312530907706, -30.0452867802, 107444.425155, 20.810603933, 1144.39475894, 
Chromsome [2]: (752.933333333)1.06269069781, -172.699836244, 136803.42592, 10.3172359637, 1520.74758681, 
Chromsome [3]: (742.233333333)1.06269069781, 85.0249818118, 33691.0232449, 9.13138662509, 671.97473692, 
Chromsome [4]: (741.666666667)1.06269069781, 115.686734636, 15668.8100877, 29.0601336079, 1341.54624505, 
<------------ GEN 86--------------->
Chromsome [0]: (798.5)-62.7707046841, 251.184162214, 170159.710826, 8.22544360738, 2128.14822771, 
Chromsome [1]: (782.5)0.312530907706, 73.5279307707, 107444.425155, 0.115953496797, 1544.73455827, 
Chromsome [2]: (782.066666667)0.312530907706, -30.0452867802, 107444.425155, 20.810603933, 2117.04734049, 
Chromsome [3]: (769.0)1.06269069781, 29.8091902046, 41586.0331974, 17.3178188619, 3134.99350119, 
Chromsome [4]: (766.066666667)1.15593542124, 26.3119229337, 29695.7254267, 24.8101082787, 2209.54369798, 
<------------ GEN 87--------------->
Chromsome [0]: (804.633333333)-62.7707046841, 251.184162214, 170159.710826, 8.22544360738, 2128.14822771, 
Chromsome [1]: (781.366666667)0.312530907706, 73.5279307707, 147444.484186, 0.115953496797, 1544.73455827, 
Chromsome [2]: (780.466666667)0.312530907706, -30.0452867802, 21898.301403, 29.7481276885, 1981.89944711, 
Chromsome [3]: (764.633333333)1.15593542124, 26.3119229337, 151673.919627, 29.4495281378, 1144.39475894, 
Chromsome [4]: (763.966666667)1.06269069781, 64.3132653641, 40191.1722151, 21.1814493746, 1257.30612885, 
<------------ GEN 88--------------->
Chromsome [0]: (794.3)-62.7707046841, 251.184162214, 170159.710826, 8.22544360738, 2128.14822771, 
Chromsome [1]: (749.466666667)1.06269069781, -30.0452867802, 21898.301403, -9.24031411999, 1981.89944711, 
Chromsome [2]: (740.7)1.06269069781, -7.30016375553, 122609.25172, 16.2123726829, 1351.90061649, 
Chromsome [3]: (740.533333333)1.15593542124, -16.3296346816, 51277.8781538, 22.2508243681, 2865.00649881, 
Chromsome [4]: (740.533333333)1.15593542124, -16.3296346816, 51277.8781538, 5.52714289797, 2954.02716656, 
<------------ GEN 89--------------->
Chromsome [0]: (791.366666667)-62.7707046841, 251.184162214, 170159.710826, 8.22544360738, 2128.14822771, 
Chromsome [1]: (742.866666667)1.15593542124, -16.3296346816, 41586.0331974, 29.5899257503, 1153.51109671, 
Chromsome [2]: (742.4)1.15593542124, -16.3296346816, 51277.8781538, 22.2508243681, 1019.39519825, 
Chromsome [3]: (742.2)1.06269069781, 68.3313146076, 51277.8781538, 14.570747047, 2954.02716656, 
Chromsome [4]: (740.933333333)1.06269069781, -7.30016375553, 161931.256645, 16.2123726829, 1351.90061649, 
<------------ GEN 90--------------->
Chromsome [0]: (806.4)-62.7707046841, 251.184162214, 170159.710826, 8.22544360738, 2128.14822771, 
Chromsome [1]: (777.966666667)1.06269069781, -43.2383525557, 26105.6407091, 10.3172359637, 917.531977953, 
Chromsome [2]: (776.433333333)1.06269069781, 76.1420017842, 21898.301403, 17.938506192, 1153.51109671, 
Chromsome [3]: (776.366666667)1.15593542124, -16.3296346816, 28871.7582286, 17.7180553957, 1119.26851574, 
Chromsome [4]: (773.966666667)1.06269069781, -20.1125795495, 86153.9023948, 8.22544360738, 2128.14822771, 
<------------ GEN 91--------------->
Chromsome [0]: (819.133333333)-11.8076870115, 112.678431983, 115666.718853, 29.7481276885, 1341.54624505, 
Chromsome [1]: (819.133333333)-43.7763385446, 76.8304307049, 118454.864287, 8.22544360738, -996.821652187, 
Chromsome [2]: (819.133333333)-62.7707046841, 251.184162214, 170159.710826, 8.22544360738, 2128.14822771, 
Chromsome [3]: (768.7)1.15593542124, 40.5839862845, 51277.8781538, 22.2508243681, 869.757767285, 
Chromsome [4]: (768.666666667)1.06269069781, 21.037388727, 136803.42592, 22.2508243681, 2272.59054201, 
<------------ GEN 92--------------->
Chromsome [0]: (828.466666667)-90.5453560309, -9.33054291328, 107444.425155, 3.49327453519, 1153.51109671, 
Chromsome [1]: (828.466666667)-11.8076870115, 112.678431983, 115666.718853, 29.7481276885, 1341.54624505, 
Chromsome [2]: (820.433333333)1.06269069781, -7.86326610326, 26105.6407091, 10.3172359637, 2611.8263496, 
Chromsome [3]: (819.6)1.15593542124, 21.037388727, 136803.42592, 18.7233815231, 2055.97805025, 
Chromsome [4]: (817.866666667)1.06269069781, -43.2383525557, 26105.6407091, 10.3172359637, 917.531977953, 
<------------ GEN 93--------------->
Chromsome [0]: (831.366666667)-90.5453560309, -9.33054291328, 107444.425155, 3.49327453519, 1153.51109671, 
Chromsome [1]: (780.8)1.06269069781, -7.86326610326, 26105.6407091, 10.3172359637, 2611.8263496, 
Chromsome [2]: (780.8)1.06269069781, -7.86326610326, 26105.6407091, 10.3172359637, 2692.38478369, 
Chromsome [3]: (780.066666667)1.15593542124, 21.037388727, 90246.2448877, 16.2123726829, 1351.90061649, 
Chromsome [4]: (776.766666667)1.06269069781, -14.3905591966, 95844.8736883, 10.3172359637, 1996.82165219, 
<------------ GEN 94--------------->
Chromsome [0]: (826.2)-47.6345892799, 74.2573098462, 107444.425155, 20.810603933, 1340.56654356, 
Chromsome [1]: (826.2)-64.498668481, 193.042339245, 148685.894706, 17.7180553957, 1307.49911026, 
Chromsome [2]: (826.2)-90.5453560309, -9.33054291328, 107444.425155, 3.49327453519, 1153.51109671, 
Chromsome [3]: (791.233333333)1.06269069781, -7.86326610326, 26105.6407091, 10.3172359637, 850.868937968, 
Chromsome [4]: (791.133333333)1.15593542124, -30.491067905, 90246.2448877, 27.348650314, 1351.90061649, 
<------------ GEN 95--------------->
Chromsome [0]: (819.4)-9.92497404779, 83.2599226764, 50321.9546669, 7.52903942866, 1307.49911026, 
Chromsome [1]: (819.4)-15.890553578, -4.10614079233, 107444.425155, 3.49327453519, 2592.63332857, 
Chromsome [2]: (819.4)-47.6345892799, 74.2573098462, 107444.425155, 20.810603933, 1340.56654356, 
Chromsome [3]: (781.3)0.993514199094, -9.33054291328, 98975.4273153, 29.5584091819, 2092.7561874, 
Chromsome [4]: (781.233333333)1.06269069781, -7.86326610326, 26105.6407091, 10.3172359637, 850.868937968, 
<------------ GEN 96--------------->
Chromsome [0]: (804.833333333)-58.323658694, -9.33054291328, 164361.485587, 27.8543674252, 1222.55697577, 
Chromsome [1]: (804.833333333)-9.92497404779, 83.2599226764, 50321.9546669, 7.52903942866, 1307.49911026, 
Chromsome [2]: (785.0)1.06269069781, -7.86326610326, 26105.6407091, 20.810603933, 1340.56654356, 
Chromsome [3]: (784.9)0.993514199094, -23.1943229459, 98975.4273153, 29.5584091819, 2092.7561874, 
Chromsome [4]: (778.033333333)2.13515888222, 5.9447974578, 112156.382878, 16.8580477501, 2055.97805025, 
<------------ GEN 97--------------->
Chromsome [0]: (817.066666667)-58.323658694, -9.33054291328, 164361.485587, 27.8543674252, 1222.55697577, 
Chromsome [1]: (770.8)1.06269069781, -9.33054291328, 77800.8949155, 22.2302736704, 1815.64723952, 
Chromsome [2]: (770.8)1.06269069781, -7.86326610326, 26105.6407091, 28.5994697752, 1340.56654356, 
Chromsome [3]: (770.766666667)0.993514199094, -23.1943229459, 98975.4273153, 29.5584091819, 1307.49911026, 
Chromsome [4]: (754.233333333)2.13515888222, -43.644963918, 148685.894706, 17.7180553957, 3473.8103068, 
<------------ GEN 98--------------->
Chromsome [0]: (814.133333333)-58.323658694, -9.33054291328, 164361.485587, 27.8543674252, 1222.55697577, 
Chromsome [1]: (786.833333333)1.06269069781, -7.86326610326, 26105.6407091, 28.5994697752, 1340.56654356, 
Chromsome [2]: (785.733333333)1.06269069781, -9.33054291328, 50321.9546669, 10.1041712618, 1771.75175191, 
Chromsome [3]: (783.866666667)0.993514199094, -23.1943229459, 98975.4273153, 29.3735024243, 1307.49911026, 
Chromsome [4]: (776.433333333)2.13515888222, -17.4281585796, -159188.074972, 3.60003800482, 2526.1896932, 
<------------ GEN 99--------------->
Chromsome [0]: (815.9)-71.3877283944, 26.3420450571, 112156.382878, 7.52903942866, 1125.63022914, 
Chromsome [1]: (815.9)-58.323658694, -9.33054291328, 164361.485587, 27.8543674252, 1222.55697577, 
Chromsome [2]: (781.066666667)0.993514199094, -23.1943229459, 98975.4273153, 29.3735024243, 1307.49911026, 
Chromsome [3]: (780.466666667)1.06269069781, -7.86326610326, 26105.6407091, 28.5994697752, 1340.56654356, 
Chromsome [4]: (780.3)1.06269069781, -9.33054291328, 50321.9546669, 10.1041712618, 1771.75175191, 
<------------ GEN 100--------------->
Chromsome [0]: (814.5)-44.6938002063, 83.2599226764, 50321.9546669, 10.3172359637, 2055.97805025, 
Chromsome [1]: (814.5)-71.3877283944, 26.3420450571, 112156.382878, 7.52903942866, 1125.63022914, 
Chromsome [2]: (774.766666667)1.06269069781, -7.86326610326, 26105.6407091, 28.5994697752, 1340.56654356, 
Chromsome [3]: (769.033333333)0.993514199094, -23.1943229459, 98975.4273153, 23.673088788, 1351.46348256, 
Chromsome [4]: (749.8)3.45735466474, 47.6690861838, 118066.628502, 4.96286426215, 897.996225816, 
