<------------ GEN 1--------------->
Chromsome [0]: (808.7)5.75991671299, 40.894847516, 136963.773009, 2.51301144694, 2177.55076158, 
Chromsome [1]: (808.1)9.91119524368, -17.5971855025, 31082.8802892, 22.1071915296, 737.373851192, 
Chromsome [2]: (808.1)9.24897023759, 31.3516034474, 133546.231681, 6.37999406792, 1056.46126413, 
Chromsome [3]: (803.233333333)15.3065745254, 44.2372245144, 123786.104547, 18.461327655, 2950.69907192, 
Chromsome [4]: (803.233333333)16.6485476682, -52.211065436, 165943.168927, 28.2843032125, 676.296220564, 
<------------ GEN 2--------------->
Chromsome [0]: (807.233333333)5.75991671299, 40.894847516, 136963.773009, 43.8056681959, 2177.55076158, 
Chromsome [1]: (807.233333333)5.75991671299, 40.894847516, 136963.773009, 2.51301144694, 707.715150671, 
Chromsome [2]: (807.233333333)5.75991671299, 40.894847516, 136963.773009, 2.51301144694, 2177.55076158, 
Chromsome [3]: (796.233333333)9.91119524368, -17.5971855025, 68276.2198272, 19.746392209, 2024.8095306, 
Chromsome [4]: (795.933333333)9.05657742506, -43.5117218959, 170364.714509, 14.1873525418, 1700.49923251, 
<------------ GEN 3--------------->
Chromsome [0]: (784.233333333)4.35744269691, -1.56576685377, 123786.104547, 18.461327655, 2950.69907192, 
Chromsome [1]: (783.833333333)5.75991671299, 40.894847516, 26258.7621322, 27.6533693335, 1538.82622195, 
Chromsome [2]: (783.3)5.75991671299, 40.894847516, 59491.8179791, 0.984253995672, 2515.09325282, 
Chromsome [3]: (783.3)5.75991671299, 40.894847516, 136963.773009, 43.8056681959, 2177.55076158, 
Chromsome [4]: (776.833333333)5.75991671299, -3.64277209174, 73331.6255965, 5.30472958419, 2128.7684839, 
<------------ GEN 4--------------->
Chromsome [0]: (759.633333333)5.75991671299, 40.894847516, 22918.8133208, 0.984253995672, 2515.09325282, 
Chromsome [1]: (757.033333333)5.75991671299, 40.894847516, 26258.7621322, 27.6533693335, 1538.82622195, 
Chromsome [2]: (754.666666667)5.75991671299, 40.894847516, 179452.887756, 12.5194463079, 1797.23191253, 
Chromsome [3]: (744.9)4.35744269691, -1.56576685377, 123786.104547, 13.6493754865, 2901.31248671, 
Chromsome [4]: (744.9)4.35744269691, -1.56576685377, 123786.104547, 18.461327655, 2950.69907192, 
<------------ GEN 5--------------->
Chromsome [0]: (769.633333333)5.75991671299, 40.894847516, 22918.8133208, 0.984253995672, 2515.09325282, 
Chromsome [1]: (760.666666667)5.75991671299, 40.894847516, 26258.7621322, 27.6533693335, 1538.82622195, 
Chromsome [2]: (760.666666667)5.75991671299, 40.894847516, 73331.6255965, 5.30472958419, 2128.7684839, 
Chromsome [3]: (760.666666667)5.75991671299, 35.46990514, 136963.773009, 18.8733832767, 2177.55076158, 
Chromsome [4]: (754.0)4.35744269691, -1.56576685377, 123786.104547, 20.5696397666, 509.404465315, 
<------------ GEN 6--------------->
Chromsome [0]: (816.666666667)-31.1723310248, -34.5271124414, 18073.5895812, -21.3191244693, 1501.38442384, 
Chromsome [1]: (790.0)4.35744269691, 85.6022028124, 91765.1834793, 13.6493754865, 2901.31248671, 
Chromsome [2]: (779.5)5.75991671299, 40.894847516, 22918.8133208, 0.984253995672, 1801.96882241, 
Chromsome [3]: (779.5)5.75991671299, 40.894847516, 22918.8133208, 0.984253995672, 2515.09325282, 
Chromsome [4]: (771.866666667)5.75991671299, -51.7809133228, 171558.071038, -8.96712497045, 2305.34394354, 
<------------ GEN 7--------------->
Chromsome [0]: (815.5)-31.1723310248, -34.5271124414, 18073.5895812, -21.3191244693, 1501.38442384, 
Chromsome [1]: (795.9)4.35744269691, 85.6022028124, 91765.1834793, 13.6493754865, 1538.82622195, 
Chromsome [2]: (785.633333333)5.75991671299, 40.894847516, 22918.8133208, 0.984253995672, 2850.09894341, 
Chromsome [3]: (780.7)4.35744269691, -1.56576685377, 123786.104547, 12.7002055908, 2177.55076158, 
Chromsome [4]: (780.466666667)6.56758022306, 40.894847516, 76427.5060352, 0.984253995672, 2515.09325282, 
<------------ GEN 8--------------->
Chromsome [0]: (810.3)-13.9226109046, -51.7809133228, 38716.4702289, 15.5841481685, 600.348973086, 
Chromsome [1]: (810.3)-31.1723310248, -34.5271124414, 18073.5895812, -21.3191244693, 1501.38442384, 
Chromsome [2]: (776.866666667)6.56758022306, 40.894847516, 21853.5313427, 0.984253995672, 2515.09325282, 
Chromsome [3]: (774.633333333)5.75991671299, -31.1257147884, 33177.2231816, 27.9554028542, 2946.9259837, 
Chromsome [4]: (773.833333333)6.56758022306, 85.6022028124, 91765.1834793, 16.3491931279, 1538.82622195, 
<------------ GEN 9--------------->
Chromsome [0]: (820.566666667)-13.9226109046, -51.7809133228, 38716.4702289, 15.5841481685, 600.348973086, 
Chromsome [1]: (792.0)4.35744269691, -1.56576685377, -5691.64483649, 30.1187551689, 2832.73253677, 
Chromsome [2]: (778.9)6.56758022306, 40.894847516, 123786.104547, 14.5034210291, 2901.31248671, 
Chromsome [3]: (778.433333333)6.76540235557, 40.894847516, 22918.8133208, 18.8724502045, 2083.91588662, 
Chromsome [4]: (776.666666667)5.75991671299, -31.1257147884, 57841.0808475, 27.9554028542, 2946.9259837, 
<------------ GEN 10--------------->
Chromsome [0]: (801.366666667)-13.9226109046, -51.7809133228, 38716.4702289, 15.5841481685, 600.348973086, 
Chromsome [1]: (767.466666667)5.75991671299, -31.1257147884, 57841.0808475, 27.9554028542, 2319.1154297, 
Chromsome [2]: (767.466666667)5.75991671299, 40.894847516, 58345.1183159, 14.7529015575, 1902.18907846, 
Chromsome [3]: (767.233333333)5.75991671299, 66.276890592, 138647.527514, 15.5841481685, 1154.99802039, 
Chromsome [4]: (767.233333333)5.75991671299, 64.4211962776, 57841.0808475, 27.9554028542, 2946.9259837, 
<------------ GEN 11--------------->
Chromsome [0]: (797.166666667)-86.0626555097, 35.46990514, 136963.773009, 24.6250795681, 2877.93158741, 
Chromsome [1]: (797.166666667)-13.9226109046, -51.7809133228, 38716.4702289, 15.5841481685, 600.348973086, 
Chromsome [2]: (735.566666667)5.75991671299, 64.4211962776, 22918.8133208, 18.8724502045, 2083.91588662, 
Chromsome [3]: (733.1)5.75991671299, 40.894847516, 58345.1183159, 14.7529015575, 1622.75381391, 
Chromsome [4]: (732.433333333)5.75991671299, 66.276890592, 138647.527514, 17.8741003939, 1154.99802039, 
<------------ GEN 12--------------->
Chromsome [0]: (797.433333333)-86.0626555097, 35.46990514, 136963.773009, 24.6250795681, 2877.93158741, 
Chromsome [1]: (744.666666667)5.75991671299, 64.4211962776, 22918.8133208, 18.8724502045, 2083.91588662, 
Chromsome [2]: (741.533333333)5.75991671299, 66.276890592, 138647.527514, 4.81058871729, 1271.18488166, 
Chromsome [3]: (740.333333333)5.75991671299, -86.305621541, 22918.8133208, 5.30472958419, 2807.9868984, 
Chromsome [4]: (738.0)4.35744269691, -89.9305938034, 57472.5549301, 18.8724502045, -593.852942254, 
<------------ GEN 13--------------->
Chromsome [0]: (816.7)-86.0626555097, 35.46990514, 136963.773009, 24.6250795681, 2877.93158741, 
Chromsome [1]: (737.266666667)5.75991671299, -86.305621541, 116427.231261, 7.01446986988, 1154.99802039, 
Chromsome [2]: (735.533333333)4.35744269691, -89.9305938034, 109942.703844, 25.8121968523, 1593.85294225, 
Chromsome [3]: (721.466666667)4.7062616372, 12.0135691888, 22918.8133208, 18.8724502045, 2083.91588662, 
Chromsome [4]: (718.0)9.1652476031, 40.894847516, 58345.1183159, 14.7529015575, 44.3778808663, 
<------------ GEN 14--------------->
Chromsome [0]: (825.566666667)-87.1302955651, 35.4708628013, 272235.753661, 15.5841481685, 600.348973086, 
Chromsome [1]: (825.566666667)-86.0626555097, 35.46990514, 136963.773009, 24.6250795681, 2877.93158741, 
Chromsome [2]: (737.5)5.75991671299, -86.305621541, 116427.231261, 7.01446986988, 1154.99802039, 
Chromsome [3]: (736.633333333)4.35744269691, -89.9305938034, 126127.20415, 25.8121968523, 1593.85294225, 
Chromsome [4]: (731.333333333)4.7062616372, 12.0135691888, 22918.8133208, 0.810375009385, 816.434928372, 
<------------ GEN 15--------------->
Chromsome [0]: (809.366666667)-87.1302955651, 35.4708628013, 272235.753661, 15.5841481685, 600.348973086, 
Chromsome [1]: (727.0)9.1652476031, -20.0052851723, 73331.6255965, 18.8724502045, 2083.91588662, 
Chromsome [2]: (727.0)9.1652476031, -20.0052851723, 73331.6255965, 0.810375009385, 1426.15244576, 
Chromsome [3]: (726.6)9.24897023759, 23.5054554982, 155825.092761, 28.785341466, 1837.4578435, 
Chromsome [4]: (722.866666667)4.7062616372, -88.3032592488, 171558.071038, 28.608682269, 1154.99802039, 
<------------ GEN 16--------------->
Chromsome [0]: (835.166666667)-87.1302955651, 35.4708628013, 272235.753661, 15.5841481685, 600.348973086, 
Chromsome [1]: (769.866666667)4.7062616372, 46.7007662722, 171558.071038, 28.608682269, 1154.99802039, 
Chromsome [2]: (761.033333333)4.35744269691, -10.9882617083, 29649.699126, 18.8724502045, 664.798392394, 
Chromsome [3]: (757.633333333)4.7062616372, -3.64277209174, 84057.0471565, 17.8741003939, 1154.99802039, 
Chromsome [4]: (731.866666667)9.1652476031, -20.0052851723, 73331.6255965, 0.810375009385, 1426.15244576, 
<------------ GEN 17--------------->
Chromsome [0]: (830.533333333)-87.1302955651, 35.4708628013, 272235.753661, 15.5841481685, 600.348973086, 
Chromsome [1]: (752.133333333)4.7062616372, -3.64277209174, 84057.0471565, 8.82042918098, 2341.51087852, 
Chromsome [2]: (749.1)4.35744269691, -10.9882617083, 29649.699126, 15.5841481685, 2963.71923099, 
Chromsome [3]: (743.4)4.7062616372, 46.7007662722, 295627.915904, 12.4744574317, 1154.99802039, 
Chromsome [4]: (698.5)9.1652476031, -20.0052851723, 68881.6885365, 28.785341466, 1837.4578435, 
<------------ GEN 18--------------->
Chromsome [0]: (849.033333333)-87.1302955651, 35.4708628013, 272235.753661, 15.5841481685, 600.348973086, 
Chromsome [1]: (783.233333333)4.7062616372, 46.7007662722, 73331.6255965, 0.810375009385, 3382.8884843, 
Chromsome [2]: (774.6)4.35744269691, -10.9882617083, 29649.699126, 15.5841481685, 955.622119134, 
Chromsome [3]: (771.666666667)4.35744269691, 49.4749749637, 40883.2572848, 14.4277407952, 1088.57037371, 
Chromsome [4]: (711.533333333)9.1652476031, -20.0052851723, 64372.0840959, 29.3457840525, 1154.99802039, 
<------------ GEN 19--------------->
Chromsome [0]: (826.533333333)-87.1302955651, 35.4708628013, 272235.753661, 15.5841481685, 600.348973086, 
Chromsome [1]: (794.533333333)4.7062616372, 87.3761688281, 1677.1457438, 0.810375009385, 2617.1115157, 
Chromsome [2]: (760.933333333)4.35744269691, 49.4749749637, 87764.2463395, 11.3242796361, 1837.4578435, 
Chromsome [3]: (760.933333333)4.35744269691, 49.4749749637, 40883.2572848, 14.4277407952, 820.141441671, 
Chromsome [4]: (760.933333333)4.35744269691, -46.1659780955, 29649.699126, 15.5841481685, 925.22412669, 
<------------ GEN 20--------------->
Chromsome [0]: (848.7)-62.2729670362, 8.91594406964, 84057.0471565, 11.5046504048, 925.22412669, 
Chromsome [1]: (848.7)-87.1302955651, 35.4708628013, 272235.753661, 15.5841481685, 600.348973086, 
Chromsome [2]: (793.233333333)4.35744269691, 49.4749749637, 87764.2463395, 11.3242796361, 1837.4578435, 
Chromsome [3]: (793.233333333)4.35744269691, 49.4749749637, 38174.298502, 24.8062376138, 4097.9962877, 
Chromsome [4]: (792.666666667)4.35744269691, 14.4792313892, 29649.699126, 15.0002962661, 600.348973086, 
<------------ GEN 21--------------->
Chromsome [0]: (834.533333333)-62.2729670362, 8.91594406964, 84057.0471565, 11.5046504048, 925.22412669, 
Chromsome [1]: (764.2)4.35744269691, 49.4749749637, 8563.13714356, 29.3457840525, 2049.44315342, 
Chromsome [2]: (764.2)4.35744269691, 49.4749749637, 164598.288035, 25.4196094207, 781.758577717, 
Chromsome [3]: (763.266666667)4.35744269691, 14.4792313892, 29649.699126, 15.0002962661, 600.348973086, 
Chromsome [4]: (698.5)9.1652476031, -27.4878696729, 38174.298502, 24.8062376138, 1902.0037123, 
<------------ GEN 22--------------->
Chromsome [0]: (831.233333333)-62.2729670362, 8.91594406964, 84057.0471565, 11.5046504048, 925.22412669, 
Chromsome [1]: (767.0)4.35744269691, -88.4722320713, 177622.717454, 5.30472958419, 1795.6777499, 
Chromsome [2]: (724.666666667)4.35744269691, 49.4749749637, 77882.3690827, 14.8487115202, 502.16359493, 
Chromsome [3]: (724.333333333)4.35744269691, -41.6306912638, 8563.13714356, 29.3457840525, 2582.07272014, 
Chromsome [4]: (723.333333333)4.35744269691, 14.4792313892, 172978.401577, 3.22332987541, 600.348973086, 
<------------ GEN 23--------------->
Chromsome [0]: (822.133333333)-189.000557273, 34.7760911883, 40883.2572848, 14.4277407952, 2655.37823713, 
Chromsome [1]: (822.133333333)-15.8558783145, 8.91594406964, 84057.0471565, 11.5046504048, 925.22412669, 
Chromsome [2]: (822.133333333)-62.2729670362, 8.91594406964, 84057.0471565, 11.5046504048, 925.22412669, 
Chromsome [3]: (743.5)4.35744269691, -88.4722320713, 177622.717454, 2.03167773721, 2667.62140276, 
Chromsome [4]: (743.5)4.35744269691, -88.4722320713, 177622.717454, 5.30472958419, 1795.6777499, 
<------------ GEN 24--------------->
Chromsome [0]: (805.5)-125.089930113, 13.5367359372, 18104.1021521, 3.28088073704, 2049.44315342, 
Chromsome [1]: (805.5)-123.667317851, 8.91594406964, 84057.0471565, 21.5866279795, 925.22412669, 
Chromsome [2]: (805.5)-189.000557273, 34.7760911883, 40883.2572848, 14.4277407952, 2655.37823713, 
Chromsome [3]: (745.1)4.35744269691, -88.4722320713, 177622.717454, 2.03167773721, 2667.62140276, 
Chromsome [4]: (705.133333333)4.35744269691, 177.54829452, 14051.3510935, 11.5046504048, 2219.01538914, 
<------------ GEN 25--------------->
Chromsome [0]: (826.466666667)-125.089930113, 13.5367359372, 18104.1021521, 3.28088073704, 2049.44315342, 
Chromsome [1]: (759.866666667)4.35744269691, -88.4722320713, -78036.8353818, 12.5648216444, 2375.12637188, 
Chromsome [2]: (696.933333333)4.35744269691, 2.45170548041, 14051.3510935, 26.2842358133, 2219.01538914, 
Chromsome [3]: (689.333333333)4.35744269691, 34.7760911883, 32787.0281618, 14.8487115202, 502.16359493, 
Chromsome [4]: (688.9)4.35744269691, 56.9470636906, 164598.288035, 23.2188005485, 1038.84321194, 
<------------ GEN 26--------------->
Chromsome [0]: (811.966666667)-97.9315660513, -71.2103207253, 104421.896722, 29.9401258531, 2205.52286799, 
Chromsome [1]: (811.966666667)-125.089930113, 13.5367359372, 18104.1021521, 3.28088073704, 2049.44315342, 
Chromsome [2]: (729.366666667)4.35744269691, -88.4722320713, 102460.111674, 5.30472958419, 1795.6777499, 
Chromsome [3]: (700.766666667)4.35744269691, 1.53152985972, 78036.8353818, 12.5648216444, 2667.62140276, 
Chromsome [4]: (699.533333333)4.35744269691, 2.45170548041, 14051.3510935, 26.2842358133, 2219.01538914, 
<------------ GEN 27--------------->
Chromsome [0]: (818.633333333)-52.369616074, 11.6203450413, 90575.5329779, 2.03167773721, 2375.12637188, 
Chromsome [1]: (818.633333333)-97.9315660513, -71.2103207253, 104421.896722, 29.9401258531, 2205.52286799, 
Chromsome [2]: (735.3)4.35744269691, -88.4722320713, 104421.896722, 29.9401258531, 2205.52286799, 
Chromsome [3]: (719.266666667)4.35744269691, 1.53152985972, 78036.8353818, 8.46546522055, 2128.50749981, 
Chromsome [4]: (718.133333333)4.35744269691, 2.45170548041, 14051.3510935, 23.2188005485, 1038.84321194, 
<------------ GEN 28--------------->
Chromsome [0]: (813.4)-41.7788466957, -3.29786245517, 142642.351703, 20.6945234725, 2111.94483903, 
Chromsome [1]: (813.4)-52.369616074, 11.6203450413, 90575.5329779, 2.03167773721, 2375.12637188, 
Chromsome [2]: (718.033333333)4.35744269691, -88.4722320713, 104421.896722, 5.30472958419, 1795.6777499, 
Chromsome [3]: (712.733333333)4.35744269691, 159.45885025, 107445.08534, -10.1868868934, 2667.62140276, 
Chromsome [4]: (680.3)4.35744269691, 2.45170548041, 14051.3510935, 23.2188005485, 1161.71876308, 
<------------ GEN 29--------------->
Chromsome [0]: (800.766666667)-42.4295852427, 32.3813063197, 9551.71098795, 25.4196094207, 2159.33146463, 
Chromsome [1]: (800.766666667)-41.7788466957, -3.29786245517, 142642.351703, 20.6945234725, 2111.94483903, 
Chromsome [2]: (705.1)4.35744269691, 75.7169230937, 78036.8353818, 25.8345775882, 1006.34293109, 
Chromsome [3]: (698.1)4.35744269691, 59.9644077372, 107445.08534, 10.1868868934, 2667.62140276, 
Chromsome [4]: (667.266666667)4.35744269691, 2.45170548041, 23894.6782235, 23.2188005485, 1161.71876308, 
<------------ GEN 30--------------->
Chromsome [0]: (801.6)-42.4295852427, 32.3813063197, 9551.71098795, 25.4196094207, 2159.33146463, 
Chromsome [1]: (724.166666667)4.35744269691, 75.7169230937, 78036.8353818, 25.8345775882, 1184.14205024, 
Chromsome [2]: (717.933333333)4.35744269691, 59.9644077372, 107445.08534, 10.1868868934, 2667.62140276, 
Chromsome [3]: (680.366666667)4.35744269691, -12.905191264, 84057.0471565, 16.2619125946, 2577.06144513, 
Chromsome [4]: (677.466666667)4.35744269691, 20.54114975, 47399.8285104, 28.3308563877, 1278.57658214, 
<------------ GEN 31--------------->
Chromsome [0]: (814.966666667)-42.4295852427, 32.3813063197, 9551.71098795, 25.4196094207, 2159.33146463, 
Chromsome [1]: (728.266666667)4.35744269691, 75.7169230937, 78036.8353818, 25.8345775882, 1060.52784977, 
Chromsome [2]: (721.466666667)4.35744269691, 59.9644077372, 107445.08534, 3.28088073704, 2096.35247688, 
Chromsome [3]: (677.866666667)4.35744269691, -55.8883238045, 136964.668953, 24.4786141858, 1217.32811636, 
Chromsome [4]: (677.266666667)4.35744269691, 20.54114975, 47399.8285104, 28.3308563877, 2143.77421763, 
<------------ GEN 32--------------->
Chromsome [0]: (784.866666667)-61.6837645559, 75.7169230937, 23898.331777, 3.89600181035, 781.758577717, 
Chromsome [1]: (784.866666667)-42.4295852427, 32.3813063197, 9551.71098795, 25.4196094207, 2159.33146463, 
Chromsome [2]: (746.766666667)0.768245799742, 32.3813063197, 9551.71098795, 25.4196094207, 2159.33146463, 
Chromsome [3]: (712.833333333)4.35744269691, 75.7169230937, 78036.8353818, 26.2521812508, 2111.94483903, 
Chromsome [4]: (712.833333333)4.35744269691, 81.6476544764, 107445.08534, 5.06762270246, 2867.23513694, 
<------------ GEN 33--------------->
Chromsome [0]: (799.9)-61.6837645559, 75.7169230937, 23898.331777, 3.89600181035, 781.758577717, 
Chromsome [1]: (728.033333333)0.768245799742, -68.1653868448, 50009.7656067, 12.4919114923, 2375.12637188, 
Chromsome [2]: (722.1)4.35744269691, 81.6476544764, 107445.08534, 5.06762270246, 2867.23513694, 
Chromsome [3]: (695.866666667)8.86446203805, 27.4475853341, 23894.6782235, 9.94198670014, 2159.33146463, 
Chromsome [4]: (695.0)8.86446203805, 27.4475853341, 50009.7656067, 12.4919114923, 783.511456114, 
<------------ GEN 34--------------->
Chromsome [0]: (809.166666667)-61.6837645559, 75.7169230937, 23898.331777, 3.89600181035, 781.758577717, 
Chromsome [1]: (706.266666667)0.768245799742, -68.1653868448, 50009.7656067, 12.4919114923, 835.010017429, 
Chromsome [2]: (641.866666667)8.86446203805, 27.4475853341, 50009.7656067, 3.85842091865, 2667.60697327, 
Chromsome [3]: (641.866666667)8.86446203805, 27.4475853341, 50009.7656067, 12.4919114923, 642.669370588, 
Chromsome [4]: (640.966666667)18.2252800331, 21.0655214353, 52720.7857623, 6.15454357216, 2375.12637188, 
<------------ GEN 35--------------->
Chromsome [0]: (821.933333333)-61.6837645559, 75.7169230937, 23898.331777, 3.89600181035, 781.758577717, 
Chromsome [1]: (747.466666667)0.768245799742, 20.8459581086, 50009.7656067, 27.8436584421, 3107.73807898, 
Chromsome [2]: (715.166666667)6.46932576534, 75.7169230937, 23898.331777, 3.89600181035, 1178.38555115, 
Chromsome [3]: (695.333333333)2.8546805053, 11.6203450413, 138764.904912, 27.3721344068, 846.174611782, 
Chromsome [4]: (662.833333333)8.86446203805, 27.4475853341, 151444.231331, 12.4919114923, 2649.30904026, 
<------------ GEN 36--------------->
Chromsome [0]: (798.966666667)-61.6837645559, 75.7169230937, 23898.331777, 3.89600181035, 781.758577717, 
Chromsome [1]: (709.333333333)0.768245799742, 75.7169230937, 153885.68382, 7.79742311611, 781.758577717, 
Chromsome [2]: (659.133333333)6.46932576534, 75.7169230937, 51271.9997797, 3.28088073704, 1769.51996153, 
Chromsome [3]: (645.933333333)7.54750935194, -36.6377898568, 90260.1777504, 13.1076282653, 835.010017429, 
Chromsome [4]: (629.833333333)8.86446203805, 27.4475853341, 151444.231331, 12.4919114923, 2649.30904026, 
<------------ GEN 37--------------->
Chromsome [0]: (798.333333333)-6.41432286438, 43.2403243526, 23898.331777, 3.89600181035, 781.758577717, 
Chromsome [1]: (798.333333333)-61.6837645559, 75.7169230937, 23898.331777, 3.89600181035, 781.758577717, 
Chromsome [2]: (715.966666667)0.768245799742, 75.7169230937, 153885.68382, 7.79742311611, 1228.15277275, 
Chromsome [3]: (692.233333333)6.09052528556, -84.763788686, 25949.4285006, 6.15454357216, 2380.44009168, 
Chromsome [4]: (674.066666667)6.46932576534, 75.7169230937, 51271.9997797, 5.75062547307, 1184.14205024, 
<------------ GEN 38--------------->
Chromsome [0]: (806.633333333)-6.41432286438, 43.2403243526, 23898.331777, 3.89600181035, 781.758577717, 
Chromsome [1]: (708.433333333)6.09052528556, -84.763788686, 23898.331777, 3.89600181035, 781.758577717, 
Chromsome [2]: (694.3)1.96166891477, 13.5367359372, 8026.96184146, 3.44101525227, 833.915421728, 
Chromsome [3]: (692.0)9.64485497951, -36.5816306572, -943.913618058, 3.89600181035, 781.758577717, 
Chromsome [4]: (663.133333333)6.61432286438, 43.2403243526, 23898.331777, 23.7809157609, 781.758577717, 
<------------ GEN 39--------------->
Chromsome [0]: (814.933333333)-6.41432286438, 43.2403243526, 23898.331777, 3.89600181035, 781.758577717, 
Chromsome [1]: (777.133333333)1.67907295267, -131.133815608, 175786.992227, 25.5144592209, 1816.04037478, 
Chromsome [2]: (700.8)6.61432286438, -85.2870136226, 25949.4285006, 25.5976802566, 2380.44009168, 
Chromsome [3]: (700.8)6.61432286438, -85.2870136226, 25949.4285006, 6.15454357216, 1761.67547428, 
Chromsome [4]: (698.333333333)6.61432286438, 43.2403243526, 23898.331777, 19.9050979538, 781.758577717, 
<------------ GEN 40--------------->
Chromsome [0]: (825.433333333)-73.0148948353, -53.5142689027, 151444.231331, 15.5228721844, 1933.11692138, 
Chromsome [1]: (825.433333333)-6.41432286438, 43.2403243526, 23898.331777, 3.89600181035, 781.758577717, 
Chromsome [2]: (726.5)6.61432286438, 43.2403243526, 23898.331777, 3.89600181035, 898.926199719, 
Chromsome [3]: (721.833333333)6.61432286438, 43.2403243526, 44238.9787001, 7.74363755987, 781.758577717, 
Chromsome [4]: (721.7)6.61432286438, -85.2870136226, 25949.4285006, 0.86785315297, 781.758577717, 
<------------ GEN 41--------------->
Chromsome [0]: (811.133333333)-21.2545194177, 129.202920909, 23898.331777, 3.89600181035, 898.926199719, 
Chromsome [1]: (811.133333333)-73.0148948353, -53.5142689027, 151444.231331, 15.5228721844, 1933.11692138, 
Chromsome [2]: (744.866666667)6.61432286438, 43.2403243526, 44238.9787001, 7.74363755987, 781.758577717, 
Chromsome [3]: (744.866666667)6.61432286438, 43.2403243526, 44238.9787001, 7.74363755987, 781.758577717, 
Chromsome [4]: (737.0)6.61432286438, 43.2403243526, 23898.331777, 17.3849434994, -359.713344611, 
<------------ GEN 42--------------->
Chromsome [0]: (798.0)-21.2545194177, 129.202920909, 23898.331777, 3.89600181035, 898.926199719, 
Chromsome [1]: (718.766666667)6.61432286438, 43.2403243526, 44238.9787001, 13.0496230568, 781.758577717, 
Chromsome [2]: (697.933333333)6.61432286438, 13.5367359372, 18104.1021521, 27.3721344068, 1652.37529814, 
Chromsome [3]: (692.2)8.86446203805, 32.7528532563, 163618.050352, 20.4469224884, 2380.44009168, 
Chromsome [4]: (688.1)9.64485497951, 40.921570104, 14142.5968483, 25.7538058131, 781.758577717, 
<------------ GEN 43--------------->
Chromsome [0]: (804.566666667)-21.2545194177, 129.202920909, 23898.331777, 3.89600181035, 898.926199719, 
Chromsome [1]: (719.3)21.4545194177, 50.7970790914, -177412.702361, 0.66240872424, 1927.3790335, 
Chromsome [2]: (702.2)9.64485497951, 40.921570104, 14142.5968483, 25.5216084648, 781.758577717, 
Chromsome [3]: (701.666666667)8.86446203805, 32.7528532563, 48858.9341418, 20.4469224884, 2458.2487935, 
Chromsome [4]: (700.533333333)6.61432286438, -8.5697668099, 44238.9787001, 13.0496230568, 1866.79816907, 
<------------ GEN 44--------------->
Chromsome [0]: (797.733333333)-43.8839049044, -16.5552849737, 40348.7931042, 16.6761192284, 2356.88532959, 
Chromsome [1]: (797.733333333)-0.341698061275, 72.465122677, 157738.957795, 25.5216084648, 781.758577717, 
Chromsome [2]: (797.733333333)-106.507549995, 76.6345933623, 151444.231331, 21.4553181382, 1233.82892081, 
Chromsome [3]: (797.733333333)-21.2545194177, 129.202920909, 23898.331777, 3.89600181035, 898.926199719, 
Chromsome [4]: (702.266666667)6.61432286438, -56.5935293389, 44238.9787001, 24.8291187048, 1866.79816907, 
<------------ GEN 45--------------->
Chromsome [0]: (790.633333333)-43.8839049044, -16.5552849737, 40348.7931042, 16.6761192284, 2356.88532959, 
Chromsome [1]: (750.233333333)0.541698061275, 72.465122677, 157738.957795, 28.4109890038, 781.758577717, 
Chromsome [2]: (715.1)6.61432286438, -28.4477388082, 27013.6586529, 17.6671301273, 835.010017429, 
Chromsome [3]: (711.8)6.61432286438, -36.0008272467, 44238.9787001, 25.7538058131, 781.758577717, 
Chromsome [4]: (710.366666667)6.61432286438, -45.4587685031, 157738.957795, 25.5216084648, 781.758577717, 
<------------ GEN 46--------------->
Chromsome [0]: (800.166666667)-43.8839049044, -16.5552849737, 40348.7931042, 16.6761192284, 2356.88532959, 
Chromsome [1]: (766.833333333)0.541698061275, 35.8198025776, 157738.957795, 28.4109890038, 848.812509994, 
Chromsome [2]: (714.433333333)6.61432286438, -71.0630738013, 44238.9787001, 25.7538058131, 781.758577717, 
Chromsome [3]: (713.733333333)6.61432286438, 72.465122677, 1737.43866201, 23.7650089572, 1707.70602511, 
Chromsome [4]: (707.533333333)6.61432286438, -45.4587685031, 66807.7741018, 21.4553181382, 1233.82892081, 
<------------ GEN 47--------------->
Chromsome [0]: (799.933333333)-43.8839049044, -16.5552849737, 40348.7931042, 16.6761192284, 2356.88532959, 
Chromsome [1]: (751.333333333)1.11283165021, 58.3198306112, 160401.932063, 25.4939411919, 1698.75433313, 
Chromsome [2]: (702.0)6.61432286438, -71.0630738013, 44238.9787001, 25.7538058131, 781.758577717, 
Chromsome [3]: (701.9)6.61432286438, 72.465122677, 1737.43866201, 16.6761192284, 2356.88532959, 
Chromsome [4]: (699.833333333)6.61432286438, -71.0630738013, 151028.378815, 25.7538058131, 781.758577717, 
<------------ GEN 48--------------->
Chromsome [0]: (801.033333333)-13.8315976579, 14.0392115984, 5927.55486317, 6.98516651543, 870.21087968, 
Chromsome [1]: (801.033333333)-43.8839049044, -16.5552849737, 40348.7931042, 16.6761192284, 2356.88532959, 
Chromsome [2]: (683.633333333)6.61432286438, 63.1510936582, 3597.78107426, 2.4919373912, 1401.18350394, 
Chromsome [3]: (660.0)6.61432286438, 72.465122677, 1737.43866201, 23.1155856686, 1455.88924812, 
Chromsome [4]: (660.0)6.61432286438, 72.465122677, 1737.43866201, 16.6761192284, 2356.88532959, 
<------------ GEN 49--------------->
Chromsome [0]: (792.666666667)-13.8315976579, 14.0392115984, 5927.55486317, 6.98516651543, 870.21087968, 
Chromsome [1]: (679.3)6.61432286438, 63.1510936582, 3597.78107426, 3.77831769803, 973.623040998, 
Chromsome [2]: (678.333333333)6.61432286438, 63.1510936582, 3597.78107426, 2.4919373912, 713.90829485, 
Chromsome [3]: (676.333333333)6.61432286438, 72.465122677, 11850.0629334, 23.1155856686, 1455.88924812, 
Chromsome [4]: (674.466666667)6.61432286438, -71.0630738013, 27013.6586529, 9.46589814215, 2081.76260098, 
<------------ GEN 50--------------->
Chromsome [0]: (799.966666667)-13.8315976579, 14.0392115984, 5927.55486317, 6.98516651543, 870.21087968, 
Chromsome [1]: (678.3)6.61432286438, 30.2238967668, 14142.5968483, 15.9500964713, 1866.79816907, 
Chromsome [2]: (677.3)6.61432286438, 63.1510936582, 3597.78107426, 2.4919373912, 870.21087968, 
Chromsome [3]: (676.866666667)6.61432286438, 56.1027917288, 11850.0629334, 6.98516651543, 2012.43218748, 
Chromsome [4]: (675.733333333)6.61432286438, 63.1510936582, 50378.9697653, 7.41155860534, 878.192593171, 
<------------ GEN 51--------------->
Chromsome [0]: (809.533333333)-13.8315976579, 14.0392115984, 5927.55486317, 6.98516651543, 870.21087968, 
Chromsome [1]: (748.533333333)1.98442651624, -71.0630738013, 27013.6586529, 8.20588421508, 2081.76260098, 
Chromsome [2]: (745.166666667)2.11232617753, 63.1510936582, 3597.78107426, 14.0373974457, 870.21087968, 
Chromsome [3]: (680.866666667)6.61432286438, 21.820101559, 14142.5968483, 15.9500964713, 1866.79816907, 
Chromsome [4]: (678.7)6.61432286438, 63.1510936582, 50378.9697653, 7.41155860534, 878.192593171, 
<------------ GEN 52--------------->
Chromsome [0]: (797.8)-12.9126191932, -28.3335078132, 41966.943849, 29.8660840265, 2309.55360426, 
Chromsome [1]: (797.8)-13.8315976579, 14.0392115984, 5927.55486317, 6.98516651543, 870.21087968, 
Chromsome [2]: (699.166666667)2.11232617753, 63.1510936582, 3597.78107426, 14.0373974457, 870.21087968, 
Chromsome [3]: (644.333333333)6.61432286438, 69.2752501032, 14142.5968483, 15.9500964713, 1866.79816907, 
Chromsome [4]: (641.7)6.61432286438, 21.820101559, 14142.5968483, 15.9500964713, 1866.79816907, 
<------------ GEN 53--------------->
Chromsome [0]: (801.233333333)-12.9126191932, -28.3335078132, 41966.943849, 29.8660840265, 2309.55360426, 
Chromsome [1]: (736.266666667)2.82048043476, 21.820101559, 14142.5968483, 15.9500964713, 1306.0411964, 
Chromsome [2]: (734.533333333)2.11232617753, 63.1510936582, 3597.78107426, 10.2514327229, 1132.00770607, 
Chromsome [3]: (658.133333333)6.61432286438, 21.820101559, 14142.5968483, 6.98516651543, 2323.78628254, 
Chromsome [4]: (646.766666667)6.61432286438, 63.1510936582, 8281.4469317, 20.0747584028, 870.21087968, 
<------------ GEN 54--------------->
Chromsome [0]: (827.366666667)-12.9126191932, -28.3335078132, 41966.943849, 29.8660840265, 2309.55360426, 
Chromsome [1]: (760.233333333)2.82048043476, 7.49065711091, 100866.944598, 7.87553947694, 2803.30016242, 
Chromsome [2]: (759.966666667)2.11232617753, 63.1510936582, 3597.78107426, 15.9129235811, 2309.55360426, 
Chromsome [3]: (757.9)2.82048043476, 21.820101559, 14142.5968483, 16.3281719836, 1455.88924812, 
Chromsome [4]: (750.0)4.41024314942, -28.3335078132, 172688.929468, 4.93222560419, 1616.9436029, 
<------------ GEN 55--------------->
Chromsome [0]: (850.8)-15.7032293655, -3.80364390863, 149630.712464, 29.4974087265, 2356.88532959, 
Chromsome [1]: (850.8)-12.9126191932, -28.3335078132, 41966.943849, 29.8660840265, 2309.55360426, 
Chromsome [2]: (848.933333333)2.11232617753, 63.1510936582, 3597.78107426, 0.858111436803, 621.979910811, 
Chromsome [3]: (759.866666667)2.82048043476, 21.820101559, 14142.5968483, 16.3281719836, 1455.88924812, 
Chromsome [4]: (746.166666667)4.41024314942, -28.3335078132, 156714.149401, 29.5535966714, 2133.6196104, 
<------------ GEN 56--------------->
Chromsome [0]: (860.666666667)-15.7032293655, -3.80364390863, 149630.712464, 29.4974087265, 2356.88532959, 
Chromsome [1]: (805.366666667)2.11232617753, 63.1510936582, 104103.900362, 15.9500964713, 1866.79816907, 
Chromsome [2]: (805.033333333)2.82048043476, 40.9692686024, 167907.866412, 24.1050735977, 1306.0411964, 
Chromsome [3]: (787.533333333)4.41024314942, -28.3335078132, 156714.149401, 29.5535966714, 2133.6196104, 
Chromsome [4]: (787.533333333)4.41024314942, -28.3335078132, 156714.149401, 29.5535966714, 2133.6196104, 
<------------ GEN 57--------------->
Chromsome [0]: (869.366666667)-15.7032293655, -3.80364390863, 149630.712464, 29.4974087265, 2356.88532959, 
Chromsome [1]: (824.833333333)2.11232617753, 63.1510936582, 107809.613571, 22.6638411592, 1866.79816907, 
Chromsome [2]: (824.5)2.82048043476, -21.5774916012, 115373.672774, 21.3975134681, 757.101105407, 
Chromsome [3]: (824.333333333)4.41024314942, 9.01936470197, 156714.149401, 29.5535966714, 2133.6196104, 
Chromsome [4]: (823.833333333)4.41024314942, -28.3335078132, 156714.149401, 14.2566242162, 3800.4926553, 
<------------ GEN 58--------------->
Chromsome [0]: (872.266666667)-15.7032293655, -3.80364390863, 149630.712464, 29.4974087265, 2356.88532959, 
Chromsome [1]: (836.4)4.41024314942, 75.546041672, 107809.613571, 10.0160045437, 1866.79816907, 
Chromsome [2]: (817.766666667)2.82048043476, -21.5774916012, 115373.672774, -21.7630768568, 982.899449276, 
Chromsome [3]: (817.766666667)2.82048043476, -21.5774916012, 115373.672774, 10.5059433989, 757.101105407, 
Chromsome [4]: (814.966666667)4.41024314942, -28.3335078132, 41966.943849, 24.1050735977, 1306.0411964, 
<------------ GEN 59--------------->
Chromsome [0]: (829.7)-15.7032293655, -3.80364390863, 149630.712464, 29.4974087265, 2356.88532959, 
Chromsome [1]: (790.933333333)4.41024314942, 75.546041672, 107809.613571, 10.0160045437, 3791.1755115, 
Chromsome [2]: (784.4)2.82048043476, 75.546041672, 107809.613571, 10.0160045437, 1866.79816907, 
Chromsome [3]: (784.233333333)2.80728041121, -28.3335078132, 149630.712464, 29.4974087265, 2356.88532959, 
Chromsome [4]: (769.833333333)4.41024314942, -28.3335078132, 14142.5968483, 21.225582136, 1560.03462158, 
<------------ GEN 60--------------->
Chromsome [0]: (836.5)-15.7032293655, -3.80364390863, 149630.712464, 29.4974087265, 2356.88532959, 
Chromsome [1]: (790.466666667)4.41024314942, 83.5005735303, 142064.844918, 20.8016660817, 2309.55360426, 
Chromsome [2]: (779.866666667)2.82048043476, 75.546041672, 107809.613571, 21.225582136, 1560.03462158, 
Chromsome [3]: (779.666666667)2.80728041121, -28.3335078132, 149630.712464, 29.4974087265, 2356.88532959, 
Chromsome [4]: (765.133333333)4.41024314942, -28.3335078132, 14142.5968483, 10.0160045437, 1866.79816907, 
<------------ GEN 61--------------->
Chromsome [0]: (850.3)-27.5087189994, 60.5959034979, 42951.0409636, 26.9801305176, 1898.00617707, 
Chromsome [1]: (850.3)-7.2782325886, 75.546041672, 107809.613571, 21.225582136, 1560.03462158, 
Chromsome [2]: (850.3)-15.7032293655, -3.80364390863, 149630.712464, 29.4974087265, 2356.88532959, 
Chromsome [3]: (818.6)4.41024314942, -91.9497640692, 103520.933649, 9.40946557713, 2163.12906946, 
Chromsome [4]: (794.6)2.82048043476, -5.00451254834, 41966.943849, 14.2411632814, 647.206559884, 
<------------ GEN 62--------------->
Chromsome [0]: (841.2)-27.5087189994, 60.5959034979, 42951.0409636, 26.9801305176, 1898.00617707, 
Chromsome [1]: (806.833333333)2.80728041121, -28.3335078132, -124514.359476, 29.4974087265, 2356.88532959, 
Chromsome [2]: (802.033333333)4.41024314942, 73.7029136566, 42951.0409636, 26.9801305176, 1898.00617707, 
Chromsome [3]: (786.033333333)2.82048043476, -5.00451254834, 41966.943849, 14.2411632814, 870.21087968, 
Chromsome [4]: (785.1)2.80728041121, -28.3335078132, 149630.712464, 10.5059433989, 1362.56930043, 
<------------ GEN 63--------------->
Chromsome [0]: (844.733333333)-118.604171933, -21.5774916012, 62766.8717663, 8.14484447788, 2208.8244885, 
Chromsome [1]: (844.733333333)-27.5087189994, 60.5959034979, 42951.0409636, 26.9801305176, 1898.00617707, 
Chromsome [2]: (835.866666667)2.80728041121, 106.234422994, 149630.712464, 73.0364925468, 1607.69129737, 
Chromsome [3]: (830.9)2.80728041121, 87.1840550841, 137137.192085, 24.1050735977, 1082.52956634, 
Chromsome [4]: (819.8)2.82048043476, -49.3017161825, 41966.943849, 24.1050735977, 1306.0411964, 
<------------ GEN 64--------------->
Chromsome [0]: (840.066666667)-118.604171933, -21.5774916012, 62766.8717663, 8.14484447788, 2208.8244885, 
Chromsome [1]: (825.0)2.80728041121, 87.1840550841, 137137.192085, 24.1050735977, 1082.52956634, 
Chromsome [2]: (823.766666667)4.41024314942, 150.627901932, 14870.580825, 1.47566812354, 1232.81276233, 
Chromsome [3]: (819.733333333)4.41024314942, -89.4171331216, 27834.882305, -12.368601923, 900.795947676, 
Chromsome [4]: (818.766666667)2.80728041121, 22.0381770286, 137137.192085, 24.1050735977, 1082.52956634, 
<------------ GEN 65--------------->
Chromsome [0]: (852.733333333)-4.99591558756, 60.5959034979, 45569.2957693, 2.9454484948, 2854.50496971, 
Chromsome [1]: (852.733333333)-118.604171933, -21.5774916012, 62766.8717663, 8.14484447788, 2208.8244885, 
Chromsome [2]: (819.066666667)2.80728041121, -45.2711442179, 28905.2460679, 28.1946031127, 2381.28522171, 
Chromsome [3]: (818.966666667)2.80728041121, 73.7655770064, 42260.1820552, 12.368601923, 1998.14828534, 
Chromsome [4]: (817.066666667)2.82048043476, -36.9263826108, 142476.887393, 5.53527193878, 1340.71490974, 
<------------ GEN 66--------------->
Chromsome [0]: (855.4)-4.99591558756, 60.5959034979, 45569.2957693, 2.9454484948, 2854.50496971, 
Chromsome [1]: (820.633333333)2.80728041121, 0.767463657405, 178928.98369, 0.209364124315, 2956.19834022, 
Chromsome [2]: (815.566666667)4.41024314942, 73.9798595548, 41966.943849, 19.5193053533, 1781.17506257, 
Chromsome [3]: (812.133333333)4.41024314942, 62.274184974, 86363.0615887, 1.19006066062, 687.494504542, 
Chromsome [4]: (806.1)2.80728041121, 73.7655770064, 42260.1820552, 12.368601923, 1762.58650942, 
<------------ GEN 67--------------->
Chromsome [0]: (854.033333333)-4.99591558756, 60.5959034979, 45569.2957693, 2.9454484948, 2854.50496971, 
Chromsome [1]: (830.5)2.80728041121, -477.242203618, 139545.769322, 23.6342615063, 344.352995773, 
Chromsome [2]: (829.266666667)2.80728041121, 73.7655770064, 42260.1820552, 21.2406201308, 2208.8244885, 
Chromsome [3]: (828.7)2.82048043476, -36.9263826108, 161309.164009, 16.6169519253, 1194.16729512, 
Chromsome [4]: (822.6)4.41024314942, 86.6192299111, 176569.974953, 0.209364124315, 1940.41696531, 
<------------ GEN 68--------------->
Chromsome [0]: (845.8)-4.99591558756, 60.5959034979, 45569.2957693, 2.9454484948, 2854.50496971, 
Chromsome [1]: (816.733333333)2.15267178048, 297.242203618, -31162.5828916, 28.9649711518, 2733.78385792, 
Chromsome [2]: (796.133333333)4.41024314942, 86.6192299111, 176569.974953, 0.209364124315, 1607.69129737, 
Chromsome [3]: (783.466666667)2.82048043476, -36.9263826108, 126912.141306, 16.6169519253, 628.814293441, 
Chromsome [4]: (783.466666667)2.82048043476, -36.9263826108, 161309.164009, 16.6169519253, 1194.16729512, 
<------------ GEN 69--------------->
Chromsome [0]: (839.666666667)-4.99591558756, 60.5959034979, 45569.2957693, 2.9454484948, 2854.50496971, 
Chromsome [1]: (803.933333333)2.82048043476, -36.9263826108, 126912.141306, 4.47620313014, 1506.30051051, 
Chromsome [2]: (801.533333333)4.41024314942, 86.6192299111, 176569.974953, 0.209364124315, 1607.69129737, 
Chromsome [3]: (784.5)4.41024314942, -11.3123885867, 97753.3110799, 1.7068490155, 1344.03355711, 
Chromsome [4]: (782.966666667)5.19591558756, 60.5959034979, 9165.74368765, 2.9454484948, 2854.50496971, 
<------------ GEN 70--------------->
Chromsome [0]: (796.233333333)-4.99591558756, 60.5959034979, 45569.2957693, 2.9454484948, 2854.50496971, 
Chromsome [1]: (768.966666667)4.41024314942, -11.3123885867, -145284.03559, 17.0112075356, 626.443231394, 
Chromsome [2]: (762.566666667)5.19591558756, 60.5959034979, 9165.74368765, 0.0628544085311, 2854.50496971, 
Chromsome [3]: (761.633333333)2.82048043476, -36.9263826108, 42270.9495126, 25.9015631256, 688.706217061, 
Chromsome [4]: (749.433333333)4.41024314942, -36.9263826108, 126912.141306, 16.4283516178, 1506.30051051, 
<------------ GEN 71--------------->
Chromsome [0]: (787.533333333)-4.99591558756, 60.5959034979, 45569.2957693, 2.9454484948, 2854.50496971, 
Chromsome [1]: (738.9)2.82048043476, -36.9263826108, 42270.9495126, 25.9015631256, 586.666351391, 
Chromsome [2]: (731.066666667)5.19591558756, 60.5959034979, 9165.74368765, 16.4752724871, 2854.50496971, 
Chromsome [3]: (722.766666667)4.41024314942, -11.3123885867, 8601.32033976, 9.01941142498, 1960.4704264, 
Chromsome [4]: (720.466666667)4.41024314942, -35.9701015957, 16757.7065037, 1.82834982257, 2307.11313104, 
<------------ GEN 72--------------->
Chromsome [0]: (812.366666667)-4.99591558756, 60.5959034979, 45569.2957693, 2.9454484948, 2854.50496971, 
Chromsome [1]: (768.533333333)2.82048043476, -36.9263826108, -16373.056905, 15.9410324623, 1343.59057348, 
Chromsome [2]: (731.833333333)5.19591558756, 60.5959034979, 9165.74368765, 26.8608034444, 688.706217061, 
Chromsome [3]: (719.2)4.41024314942, -11.3123885867, 8601.32033976, 9.01941142498, 1960.4704264, 
Chromsome [4]: (717.066666667)5.19591558756, 60.5959034979, 45569.2957693, 11.4012200329, 1944.75934858, 
<------------ GEN 73--------------->
Chromsome [0]: (806.0)-4.99591558756, 60.5959034979, 45569.2957693, 2.9454484948, 2854.50496971, 
Chromsome [1]: (735.533333333)4.41024314942, 71.71438509, 49512.4828662, 10.4953256648, 1388.43706034, 
Chromsome [2]: (720.2)2.82048043476, -36.9263826108, 16373.056905, 15.9410324623, -1589.13524382, 
Chromsome [3]: (715.366666667)5.19591558756, 59.5969948145, 7351.41093699, 4.07671384772, 993.818506597, 
Chromsome [4]: (702.266666667)4.41024314942, -11.3123885867, 8601.32033976, 9.01941142498, 1960.4704264, 
<------------ GEN 74--------------->
Chromsome [0]: (820.133333333)-4.99591558756, 60.5959034979, 45569.2957693, 2.9454484948, 2854.50496971, 
Chromsome [1]: (756.6)4.41024314942, 71.71438509, 143826.27685, 10.4953256648, 2683.7499437, 
Chromsome [2]: (744.833333333)2.82048043476, -36.9263826108, 16373.056905, 15.9410324623, 1626.37414239, 
Chromsome [3]: (742.166666667)5.19591558756, 59.5969948145, 7351.41093699, 19.0427089231, 1979.69019701, 
Chromsome [4]: (730.066666667)4.41024314942, -11.3123885867, 8601.32033976, 7.91154301069, 2643.03399026, 
<------------ GEN 75--------------->
Chromsome [0]: (814.1)-145.303578474, -25.1510961676, 45569.2957693, 28.0910999131, 2854.50496971, 
Chromsome [1]: (814.1)-4.99591558756, 60.5959034979, 45569.2957693, 2.9454484948, 2854.50496971, 
Chromsome [2]: (763.4)4.41024314942, 71.71438509, 107684.802764, 10.4953256648, 657.724513237, 
Chromsome [3]: (761.3)4.41024314942, -62.7577963822, 84666.6649043, 7.06424794733, 1944.75934858, 
Chromsome [4]: (759.8)4.41024314942, 60.5959034979, 45569.2957693, 23.0737410013, 2854.50496971, 
<------------ GEN 76--------------->
Chromsome [0]: (804.366666667)-145.303578474, -25.1510961676, 45569.2957693, 28.0910999131, 2854.50496971, 
Chromsome [1]: (754.933333333)4.41024314942, 83.2171880941, 107684.802764, 19.0427089231, 1979.69019701, 
Chromsome [2]: (753.233333333)2.82048043476, 86.6419433786, 150638.00589, 2.9454484948, 2854.50496971, 
Chromsome [3]: (752.6)4.41024314942, -62.7577963822, 84666.6649043, 2.63791425093, 1944.75934858, 
Chromsome [4]: (750.933333333)4.41024314942, 60.5959034979, 45569.2957693, 23.0737410013, 735.965369009, 
<------------ GEN 77--------------->
Chromsome [0]: (805.5)-145.303578474, -25.1510961676, 45569.2957693, 28.0910999131, 2854.50496971, 
Chromsome [1]: (767.033333333)2.82048043476, 86.6419433786, 150638.00589, 2.9454484948, 2854.50496971, 
Chromsome [2]: (754.5)4.41024314942, 83.2171880941, 163965.21631, 19.0427089231, 1979.69019701, 
Chromsome [3]: (752.633333333)4.41024314942, -62.7577963822, 84666.6649043, 2.63791425093, 2583.72972059, 
Chromsome [4]: (745.7)4.41024314942, 57.9422015551, 158602.235275, -40.1912293837, 2162.05461916, 
<------------ GEN 78--------------->
Chromsome [0]: (819.3)-32.5085863694, 60.5959034979, 49512.4828662, 2.9454484948, 2854.50496971, 
Chromsome [1]: (819.3)-145.303578474, -25.1510961676, 45569.2957693, 28.0910999131, 2854.50496971, 
Chromsome [2]: (789.866666667)2.82048043476, 86.6419433786, -124269.395893, 2.9454484948, 2854.50496971, 
Chromsome [3]: (751.533333333)4.41024314942, 83.2171880941, 163965.21631, 19.0427089231, 1979.69019701, 
Chromsome [4]: (751.533333333)4.41024314942, -87.4358064606, 168641.201534, 6.49404968892, 1184.67890711, 
<------------ GEN 79--------------->
Chromsome [0]: (803.6)-32.5085863694, 60.5959034979, 49512.4828662, 2.9454484948, 2854.50496971, 
Chromsome [1]: (750.433333333)2.82048043476, 86.6419433786, 124269.395893, 2.9454484948, 2854.50496971, 
Chromsome [2]: (747.4)4.41024314942, -87.4358064606, 91487.7745481, 27.6083690264, 2742.50207151, 
Chromsome [3]: (747.4)4.41024314942, 83.2171880941, 163965.21631, 19.0427089231, 1286.6689905, 
Chromsome [4]: (745.3)4.41024314942, -62.7577963822, 84666.6649043, 25.5764836323, 940.050450775, 
<------------ GEN 80--------------->
Chromsome [0]: (815.533333333)-32.5085863694, 60.5959034979, 49512.4828662, 2.9454484948, 2854.50496971, 
Chromsome [1]: (777.033333333)4.41024314942, -77.093013236, 53949.8827903, 2.9454484948, 2854.50496971, 
Chromsome [2]: (773.566666667)4.41024314942, 83.2171880941, -4556.0517224, 19.0427089231, 940.050450775, 
Chromsome [3]: (769.2)4.41024314942, 198.971219158, 84666.6649043, 24.39121421, 1286.6689905, 
Chromsome [4]: (766.533333333)2.82048043476, -47.8509907098, 158602.235275, 11.1402250039, 1875.09561606, 
<------------ GEN 81--------------->
Chromsome [0]: (819.1)-32.5085863694, 60.5959034979, 49512.4828662, 2.9454484948, 2854.50496971, 
Chromsome [1]: (777.666666667)4.41024314942, 83.2171880941, 5483.23811405, 2.9454484948, 2854.50496971, 
Chromsome [2]: (769.6)4.41024314942, -77.093013236, 75700.0502165, 3.31846577946, 2162.05461916, 
Chromsome [3]: (769.6)4.41024314942, -77.093013236, 53949.8827903, 19.0427089231, 940.050450775, 
Chromsome [4]: (764.233333333)2.82048043476, -47.8509907098, 113485.388072, 27.6083690264, 2742.50207151, 
<------------ GEN 82--------------->
Chromsome [0]: (812.633333333)-32.5085863694, 60.5959034979, 49512.4828662, 2.9454484948, 2854.50496971, 
Chromsome [1]: (747.333333333)4.41024314942, -77.093013236, 75700.0502165, 3.31846577946, 2162.05461916, 
Chromsome [2]: (747.333333333)4.41024314942, -77.093013236, 75700.0502165, 13.858976944, 2355.95475754, 
Chromsome [3]: (747.333333333)4.41024314942, -77.093013236, 53949.8827903, 19.0427089231, 940.050450775, 
Chromsome [4]: (739.9)4.41024314942, 83.2171880941, 79315.0735946, 2.9454484948, 1128.86888364, 
<------------ GEN 83--------------->
Chromsome [0]: (807.566666667)-29.494819562, 2.90670927535, 157527.808293, 15.0907945331, 761.321380819, 
Chromsome [1]: (807.566666667)-32.5085863694, 60.5959034979, 49512.4828662, 2.9454484948, 2854.50496971, 
Chromsome [2]: (744.633333333)4.85495935656, 5.17218182802, -90949.7995676, 2.9454484948, 1661.956442, 
Chromsome [3]: (738.333333333)4.41024314942, -77.093013236, 46582.2093551, 23.6508328528, 2477.03874352, 
Chromsome [4]: (724.566666667)4.41024314942, 112.844875835, 59817.141053, 27.4228220028, 1036.97167476, 
<------------ GEN 84--------------->
Chromsome [0]: (826.666666667)-29.494819562, 2.90670927535, 157527.808293, 15.0907945331, 761.321380819, 
Chromsome [1]: (713.133333333)4.41024314942, -77.093013236, 46582.2093551, 23.6508328528, 2379.19432928, 
Chromsome [2]: (707.3)4.41024314942, 67.1551241648, 49512.4828662, 5.49110986829, 2854.50496971, 
Chromsome [3]: (698.5)5.19591558756, 70.4825870005, -140316.334938, 16.5618269261, 1184.67890711, 
Chromsome [4]: (675.733333333)7.12651092171, -70.6776530671, 75700.0502165, 3.31846577946, 2162.05461916, 
<------------ GEN 85--------------->
Chromsome [0]: (838.2)-29.494819562, 2.90670927535, 157527.808293, 15.0907945331, 761.321380819, 
Chromsome [1]: (744.5)7.12651092171, -70.6776530671, -75643.2216369, 3.31846577946, 3831.68279469, 
Chromsome [2]: (687.4)4.41024314942, 67.1551241648, 59880.8567033, 5.49110986829, 709.804640618, 
Chromsome [3]: (676.7)5.19591558756, 40.4905689767, -25382.3822577, 11.1402250039, 2049.59987808, 
Chromsome [4]: (671.633333333)5.19591558756, 37.2633614495, 49512.4828662, 2.9454484948, 2233.17825655, 
<------------ GEN 86--------------->
Chromsome [0]: (841.133333333)-29.494819562, 2.90670927535, 157527.808293, 15.0907945331, 761.321380819, 
Chromsome [1]: (708.566666667)5.19591558756, 40.4905689767, 25382.3822577, 0.393476171685, 2049.59987808, 
Chromsome [2]: (707.266666667)4.41024314942, 67.1551241648, 59880.8567033, 5.49110986829, 1441.72779575, 
Chromsome [3]: (690.233333333)7.12651092171, -70.6776530671, 177817.712833, 16.5618269261, 761.321380819, 
Chromsome [4]: (690.233333333)7.12651092171, -70.6776530671, 75643.2216369, 25.882747708, 1913.9531675, 
<------------ GEN 87--------------->
Chromsome [0]: (850.466666667)-29.494819562, 2.90670927535, 157527.808293, 15.0907945331, 761.321380819, 
Chromsome [1]: (749.366666667)4.41024314942, 67.1551241648, 59880.8567033, 25.3992976876, 1441.72779575, 
Chromsome [2]: (738.1)5.19591558756, -134.804472526, 25382.3822577, 20.3162613877, 1397.07799236, 
Chromsome [3]: (736.9)7.12651092171, -70.6776530671, 177817.712833, 16.5618269261, 761.321380819, 
Chromsome [4]: (736.9)7.12651092171, -70.6776530671, 75643.2216369, 25.882747708, 1913.9531675, 
<------------ GEN 88--------------->
Chromsome [0]: (833.333333333)-29.494819562, 2.90670927535, 157527.808293, 15.0907945331, 761.321380819, 
Chromsome [1]: (725.566666667)5.19591558756, -45.1955274736, 25382.3822577, 20.3162613877, 643.804168697, 
Chromsome [2]: (723.566666667)4.41024314942, 67.1551241648, 59880.8567033, 25.3992976876, 1441.72779575, 
Chromsome [3]: (723.566666667)4.41024314942, 67.1551241648, 59880.8567033, 25.3992976876, 2049.59987808, 
Chromsome [4]: (713.833333333)5.19591558756, 70.4825870005, 100943.965752, 4.23682764109, 2708.14719006, 
<------------ GEN 89--------------->
Chromsome [0]: (861.166666667)-10.5970847975, -72.9626586016, 157527.808293, 15.0907945331, 643.804168697, 
Chromsome [1]: (861.166666667)-29.494819562, 2.90670927535, 157527.808293, 15.0907945331, 761.321380819, 
Chromsome [2]: (732.566666667)4.41024314942, 67.1551241648, 59880.8567033, 25.3992976876, 2049.59987808, 
Chromsome [3]: (722.266666667)5.19591558756, -45.1955274736, 25382.3822577, 20.3162613877, 761.321380819, 
Chromsome [4]: (718.433333333)4.85495935656, 57.1342878471, 71774.8637039, 11.9733005502, 1684.71868666, 
<------------ GEN 90--------------->
Chromsome [0]: (823.3)-10.5970847975, -72.9626586016, 157527.808293, 15.0907945331, 643.804168697, 
Chromsome [1]: (702.933333333)4.41024314942, 67.1551241648, 59880.8567033, 25.3992976876, 2035.80296246, 
Chromsome [2]: (698.0)7.12651092171, 23.4059900066, 59880.8567033, 4.59808002123, 1684.71868666, 
Chromsome [3]: (692.0)7.12651092171, -70.6776530671, 25382.3822577, 20.3162613877, 2700.43481568, 
Chromsome [4]: (689.333333333)4.85495935656, 57.1342878471, 71774.8637039, 11.9733005502, 761.321380819, 
<------------ GEN 91--------------->
Chromsome [0]: (812.633333333)-10.5970847975, -72.9626586016, 157527.808293, 15.0907945331, 643.804168697, 
Chromsome [1]: (745.866666667)3.91447035123, 83.4936431515, 69018.146787, 1.17521578072, 1881.83303612, 
Chromsome [2]: (694.066666667)7.12651092171, 23.4059900066, 59880.8567033, 21.6144877784, 720.121492844, 
Chromsome [3]: (694.066666667)7.12651092171, 23.4059900066, 47812.349872, 10.8324314043, 1968.93149266, 
Chromsome [4]: (686.966666667)4.85495935656, -78.9070000741, 25382.3822577, 20.3162613877, 2700.43481568, 
<------------ GEN 92--------------->
Chromsome [0]: (821.266666667)-10.5970847975, -72.9626586016, 157527.808293, 15.0907945331, 643.804168697, 
Chromsome [1]: (744.966666667)3.91447035123, 83.4936431515, 69018.146787, 2.72514790732, 1881.83303612, 
Chromsome [2]: (686.6)4.85495935656, -78.9070000741, 25382.3822577, 29.1828896874, 2700.43481568, 
Chromsome [3]: (685.566666667)7.12651092171, 23.4059900066, 59880.8567033, 21.6144877784, 720.121492844, 
Chromsome [4]: (685.566666667)7.12651092171, 23.4059900066, 59880.8567033, 21.6144877784, 720.121492844, 
<------------ GEN 93--------------->
Chromsome [0]: (806.066666667)-10.5970847975, -72.9626586016, 157527.808293, 15.0907945331, 643.804168697, 
Chromsome [1]: (708.466666667)3.91447035123, 83.4936431515, 100308.335796, 14.7683322227, 1461.14905763, 
Chromsome [2]: (677.0)4.85495935656, 57.1342878471, 69018.146787, 2.72514790732, 1881.83303612, 
Chromsome [3]: (675.6)4.85495935656, 65.9971987787, 89144.5241643, 8.15019647618, 1239.07062981, 
Chromsome [4]: (675.233333333)4.85495935656, 57.1342878471, 59880.8567033, 21.6144877784, 720.121492844, 
<------------ GEN 94--------------->
Chromsome [0]: (810.133333333)-125.169475921, -73.313852892, 71774.8637039, 24.4297385694, 2978.89336851, 
Chromsome [1]: (810.133333333)-10.5970847975, -72.9626586016, 157527.808293, 15.0907945331, 643.804168697, 
Chromsome [2]: (747.3)3.91447035123, 83.4936431515, -21050.8568349, 29.0178091373, 2548.19395977, 
Chromsome [3]: (688.1)4.85495935656, 57.1342878471, 44243.6250362, 2.72514790732, 1244.90339218, 
Chromsome [4]: (688.1)4.85495935656, 57.1342878471, 59880.8567033, 15.0907945331, 643.804168697, 
<------------ GEN 95--------------->
Chromsome [0]: (811.066666667)-48.7339555132, -55.3075622204, 49218.8126762, 26.6756853585, 1806.68173183, 
Chromsome [1]: (811.066666667)-125.169475921, -73.313852892, 71774.8637039, 24.4297385694, 2978.89336851, 
Chromsome [2]: (736.633333333)3.91447035123, 83.4936431515, 21050.8568349, 29.0178091373, 1906.16978633, 
Chromsome [3]: (728.3)3.91447035123, 83.4936431515, 43997.3773293, 25.5125907872, 2049.59987808, 
Chromsome [4]: (700.066666667)4.85495935656, 57.1342878471, 59880.8567033, 15.0907945331, 720.121492844, 
<------------ GEN 96--------------->
Chromsome [0]: (824.6)-48.7339555132, -55.3075622204, 49218.8126762, 26.6756853585, 1806.68173183, 
Chromsome [1]: (707.866666667)4.85495935656, 57.1342878471, 59880.8567033, 15.0907945331, 720.121492844, 
Chromsome [2]: (707.333333333)4.85495935656, 65.9971987787, 91754.8919496, 5.56965710473, 2061.95521067, 
Chromsome [3]: (703.766666667)4.85495935656, -66.8501005804, 71774.8637039, 24.4297385694, 2978.89336851, 
Chromsome [4]: (699.966666667)4.85495935656, 130.27676876, 105967.808275, 26.4661039154, 2395.95979958, 
<------------ GEN 97--------------->
Chromsome [0]: (805.166666667)-34.8296675337, 93.9382605922, 137251.542025, 25.5125907872, 1587.21502893, 
Chromsome [1]: (805.166666667)-48.7339555132, -55.3075622204, 49218.8126762, 26.6756853585, 1806.68173183, 
Chromsome [2]: (727.6)4.85495935656, 83.4936431515, 21050.8568349, 29.0178091373, 1906.16978633, 
Chromsome [3]: (726.466666667)4.85495935656, 52.9854409349, 49218.8126762, 26.6756853585, 1806.68173183, 
Chromsome [4]: (725.966666667)4.85495935656, -66.8501005804, 59880.8567033, 15.0907945331, 720.121492844, 
<------------ GEN 98--------------->
Chromsome [0]: (820.633333333)-34.8296675337, 93.9382605922, 137251.542025, 25.5125907872, 1587.21502893, 
Chromsome [1]: (719.666666667)4.85495935656, 52.9854409349, 49218.8126762, 26.6756853585, 1806.68173183, 
Chromsome [2]: (719.133333333)4.85495935656, -66.8501005804, 59880.8567033, 15.0907945331, 720.121492844, 
Chromsome [3]: (718.533333333)4.85495935656, -66.8501005804, 71774.8637039, -9.81099428087, 1498.04323832, 
Chromsome [4]: (718.266666667)4.85495935656, -72.9626586016, 157527.808293, 4.43611557645, 720.121492844, 
<------------ GEN 99--------------->
Chromsome [0]: (842.666666667)-34.8296675337, 93.9382605922, 137251.542025, 25.5125907872, 1587.21502893, 
Chromsome [1]: (791.133333333)1.87862435206, -21.9407566474, 153858.071898, 11.1782147483, 1274.75603164, 
Chromsome [2]: (779.933333333)4.85495935656, 67.9149864289, -32424.6073217, 10.5987424063, 1347.17312742, 
Chromsome [3]: (747.366666667)4.85495935656, -57.6716220336, 49218.8126762, 3.20941338501, 693.735282156, 
Chromsome [4]: (747.3)4.85495935656, -55.3075622204, 49218.8126762, 8.03217423906, 754.032054768, 
<------------ GEN 100--------------->
Chromsome [0]: (821.4)-114.47025817, -72.9626586016, 60476.8830333, 9.07071249778, 615.607636147, 
Chromsome [1]: (821.4)-34.8296675337, 93.9382605922, 137251.542025, 25.5125907872, 1587.21502893, 
Chromsome [2]: (754.1)1.87862435206, -11.9766796316, 77686.7160261, 2.72514790732, 1315.7378315, 
Chromsome [3]: (691.4)4.85495935656, 67.9149864289, 32424.6073217, 5.58241050883, 1347.17312742, 
Chromsome [4]: (689.3)4.85495935656, -55.3075622204, 49218.8126762, 8.03217423906, 754.032054768, 
