<------------ GEN 1--------------->
Chromsome [0]: (793.966666667)3.13902358659, 21.3702472127, 159896.88198, 23.665491063, 1763.35264293, 
Chromsome [1]: (773.166666667)11.1929238205, -57.1408194751, 73179.3623732, 14.2207960758, 2129.66728179, 
Chromsome [2]: (770.8)14.5095566429, 31.3883444819, 111325.384585, 3.66018993985, 1765.4527733, 
Chromsome [3]: (737.3)23.5262530688, 30.1454132156, 52928.514032, 28.3061662921, 1382.64081684, 
Chromsome [4]: (736.233333333)22.0960377452, -27.3922941981, 144418.311406, 21.0238754218, 1093.07994255, 
<------------ GEN 2--------------->
Chromsome [0]: (783.766666667)7.60654863331, 31.3883444819, 111325.384585, 3.66018993985, 2783.5542152, 
Chromsome [1]: (783.4)3.13902358659, 7.11758817092, 176665.029899, 27.3288883976, 2860.72861325, 
Chromsome [2]: (782.7)3.13902358659, 21.3702472127, 159896.88198, 23.665491063, 1763.35264293, 
Chromsome [3]: (767.233333333)3.88992554112, -57.1408194751, 73179.3623732, 14.2207960758, 2129.66728179, 
Chromsome [4]: (710.5)22.0960377452, -27.3922941981, 144418.311406, 21.0238754218, 2149.38240925, 
<------------ GEN 3--------------->
Chromsome [0]: (761.933333333)7.60654863331, 31.3883444819, 111325.384585, 20.1332190842, 1765.4527733, 
Chromsome [1]: (761.933333333)7.60654863331, 31.3883444819, 111325.384585, 3.66018993985, 2783.5542152, 
Chromsome [2]: (758.333333333)3.13902358659, 7.11758817092, 176665.029899, -9.73926577695, 2860.72861325, 
Chromsome [3]: (757.933333333)3.13902358659, -58.793759806, 74582.201454, 13.9481554932, 2755.55198881, 
Chromsome [4]: (757.733333333)3.13902358659, 21.3702472127, 168487.718544, 6.35802708943, 1403.62563297, 
<------------ GEN 4--------------->
Chromsome [0]: (805.966666667)3.13902358659, -107.802041256, 176665.029899, 9.73926577695, 994.723097902, 
Chromsome [1]: (789.966666667)3.13902358659, 143.947609306, 74582.201454, 13.9481554932, 2755.55198881, 
Chromsome [2]: (785.8)3.13902358659, 21.3702472127, 168487.718544, 6.35802708943, 1403.62563297, 
Chromsome [3]: (785.8)3.13902358659, 21.3702472127, 168487.718544, 6.35802708943, 836.578342949, 
Chromsome [4]: (780.533333333)7.60654863331, 31.3883444819, 111325.384585, 3.66018993985, 2783.5542152, 
<------------ GEN 5--------------->
Chromsome [0]: (768.7)3.13902358659, -107.802041256, 176665.029899, 9.73926577695, 994.723097902, 
Chromsome [1]: (747.533333333)18.6526364461, -27.3922941981, -37487.8879698, 0.792776765628, 2397.37631867, 
Chromsome [2]: (743.266666667)3.13902358659, 1.91677080662, 59625.6969356, 20.1332190842, 1261.49276007, 
Chromsome [3]: (742.633333333)7.60654863331, 31.3883444819, 105263.670012, 17.595880679, 2230.06717706, 
Chromsome [4]: (742.633333333)7.60654863331, 31.3883444819, 225332.583321, 3.66018993985, 2783.5542152, 
<------------ GEN 6--------------->
Chromsome [0]: (803.8)-34.6686143779, 14.2996641155, 176665.029899, 6.35802708943, 836.578342949, 
Chromsome [1]: (803.8)-14.3761472532, -27.3922941981, 144418.311406, 33.705320117, 1403.62563297, 
Chromsome [2]: (748.966666667)3.13902358659, -107.802041256, 176665.029899, 9.73926577695, 994.723097902, 
Chromsome [3]: (705.966666667)7.60654863331, 31.3883444819, 34102.7262382, 3.66018993985, 2783.5542152, 
Chromsome [4]: (705.966666667)7.60654863331, -27.3922941981, 44803.6923765, 0.792776765628, 2397.37631867, 
<------------ GEN 7--------------->
Chromsome [0]: (804.4)-34.6686143779, 14.2996641155, 176665.029899, 6.35802708943, 836.578342949, 
Chromsome [1]: (687.033333333)3.13902358659, 62.6140435322, 96986.3647171, 6.97218984138, 759.809792831, 
Chromsome [2]: (687.033333333)3.13902358659, -72.1979587441, 30818.4749606, 26.9040322874, 1403.62563297, 
Chromsome [3]: (687.033333333)3.13902358659, -72.1979587441, 176665.029899, 9.73926577695, 994.723097902, 
Chromsome [4]: (687.033333333)3.13902358659, -69.8266609527, 168487.718544, 7.16300970105, 1355.58633153, 
<------------ GEN 8--------------->
Chromsome [0]: (807.433333333)-34.6686143779, 14.2996641155, 176665.029899, 6.35802708943, 836.578342949, 
Chromsome [1]: (720.166666667)3.13902358659, -72.1979587441, 190801.646879, 26.294679883, 836.578342949, 
Chromsome [2]: (720.166666667)3.13902358659, -72.1979587441, 71629.2957191, 4.16976058111, 652.316430414, 
Chromsome [3]: (720.166666667)3.13902358659, -69.8266609527, 115471.151314, 28.1566446155, 2860.72861325, 
Chromsome [4]: (720.166666667)3.13902358659, -72.1979587441, 71521.4452411, 9.38660924915, 1787.18777167, 
<------------ GEN 9--------------->
Chromsome [0]: (802.166666667)-34.6686143779, 14.2996641155, 176665.029899, 6.35802708943, 836.578342949, 
Chromsome [1]: (745.3)3.13902358659, -69.8266609527, 4.60822937229, 28.1566446155, 2860.72861325, 
Chromsome [2]: (701.133333333)3.13902358659, -55.5814717708, 71629.2957191, 6.50058498803, 652.316430414, 
Chromsome [3]: (701.133333333)3.13902358659, 62.6140435322, 96986.3647171, 6.97218984138, 759.809792831, 
Chromsome [4]: (701.133333333)3.13902358659, -72.1979587441, 169198.353121, 26.294679883, 2556.77372953, 
<------------ GEN 10--------------->
Chromsome [0]: (813.366666667)-7.17088046915, 27.0463213863, 100785.107962, 7.34378551385, 759.809792831, 
Chromsome [1]: (813.366666667)-34.6686143779, 14.2996641155, 176665.029899, 6.35802708943, 836.578342949, 
Chromsome [2]: (755.866666667)3.13902358659, -25.5235853389, 4.60822937229, 28.1566446155, 2860.72861325, 
Chromsome [3]: (719.533333333)3.13902358659, -19.4785872104, 96986.3647171, 4.92029024339, 836.578342949, 
Chromsome [4]: (715.7)3.13902358659, -72.1979587441, 169198.353121, 26.294679883, 836.578342949, 
<------------ GEN 11--------------->
Chromsome [0]: (799.2)-7.17088046915, 27.0463213863, 100785.107962, 7.34378551385, 759.809792831, 
Chromsome [1]: (749.6)3.13902358659, -72.1979587441, 7563.02791764, 26.294679883, 836.578342949, 
Chromsome [2]: (719.166666667)3.13902358659, -72.1979587441, 34950.6029361, 6.35802708943, 2824.7450792, 
Chromsome [3]: (718.933333333)3.13902358659, -19.4785872104, 96986.3647171, 4.92029024339, 5775.80960878, 
Chromsome [4]: (715.066666667)3.13902358659, -69.8266609527, 101767.909615, 3.89764704189, 2711.39328618, 
<------------ GEN 12--------------->
Chromsome [0]: (806.633333333)-7.17088046915, 27.0463213863, 100785.107962, 7.34378551385, 759.809792831, 
Chromsome [1]: (728.833333333)4.42345707665, -1.75191570569, 15402.1346468, 0.792776765628, 2308.95603616, 
Chromsome [2]: (711.9)3.13902358659, -72.1979587441, 34950.6029361, 6.35802708943, 1880.86217442, 
Chromsome [3]: (711.633333333)3.13902358659, -19.4785872104, 152969.18021, 16.2929005926, 2944.22968959, 
Chromsome [4]: (711.633333333)3.13902358659, -19.4785872104, 96986.3647171, 4.92029024339, 224.190391221, 
<------------ GEN 13--------------->
Chromsome [0]: (810.5)-22.6409599026, 31.3883444819, 100785.107962, 19.3134257306, 929.798934362, 
Chromsome [1]: (810.5)-112.684608774, -98.4867746335, 22485.7970216, 28.8315308146, 2860.72861325, 
Chromsome [2]: (810.5)-35.1347363977, 59.1456502873, 14370.6011845, 26.294679883, 2556.77372953, 
Chromsome [3]: (810.5)-7.17088046915, 27.0463213863, 100785.107962, 7.34378551385, 759.809792831, 
Chromsome [4]: (742.633333333)3.35455105281, -72.1979587441, 7563.02791764, 27.5768262876, 836.578342949, 
<------------ GEN 14--------------->
Chromsome [0]: (810.566666667)-22.6409599026, 31.3883444819, 100785.107962, 19.3134257306, 929.798934362, 
Chromsome [1]: (719.533333333)3.35455105281, -72.1979587441, 248006.615499, 26.294679883, 2556.77372953, 
Chromsome [2]: (718.933333333)3.13902358659, -69.8266609527, 22485.7970216, 1.63073591356, 2102.78104079, 
Chromsome [3]: (718.933333333)3.13902358659, -52.0972540369, 34950.6029361, 24.4646285539, 775.809608779, 
Chromsome [4]: (718.633333333)3.13902358659, 36.9903942005, 71521.4452411, 24.9602691376, 1190.16264559, 
<------------ GEN 15--------------->
Chromsome [0]: (796.133333333)-12.5306082254, -38.5514979823, 24065.5648686, 26.7216053785, 1587.68004363, 
Chromsome [1]: (796.133333333)-22.6409599026, 31.3883444819, 100785.107962, 19.3134257306, 929.798934362, 
Chromsome [2]: (697.666666667)2.32495593991, 27.0463213863, 100785.107962, 10.1703755307, -1001.36167226, 
Chromsome [3]: (697.666666667)2.32495593991, 27.0463213863, 100785.107962, 7.34378551385, 759.809792831, 
Chromsome [4]: (696.933333333)3.13902358659, -69.8266609527, 146773.85343, 1.63073591356, 1979.28239572, 
<------------ GEN 16--------------->
Chromsome [0]: (797.233333333)-30.4916534765, 45.0749463601, 72668.0112336, 24.4646285539, 775.809608779, 
Chromsome [1]: (797.233333333)-12.5306082254, -38.5514979823, 24065.5648686, 26.7216053785, 1587.68004363, 
Chromsome [2]: (689.4)3.13902358659, -219.621804072, 136643.230816, 1.54415178041, 2001.36167226, 
Chromsome [3]: (683.4)4.42345707665, -1.75191570569, 100785.107962, 15.5496613067, 759.809792831, 
Chromsome [4]: (683.066666667)2.32495593991, 27.0463213863, 19439.3697305, 15.1266081584, 1513.62109435, 
<------------ GEN 17--------------->
Chromsome [0]: (816.033333333)-30.4916534765, 45.0749463601, 72668.0112336, 24.4646285539, 775.809608779, 
Chromsome [1]: (704.266666667)2.32495593991, 27.0463213863, 100785.107962, 27.3514218887, 2263.02607495, 
Chromsome [2]: (703.0)4.42345707665, -1.75191570569, 44875.5734794, 15.5496613067, 759.809792831, 
Chromsome [3]: (699.0)3.13902358659, -69.8266609527, 94361.7450629, 24.9602691376, 2521.97133005, 
Chromsome [4]: (698.6)3.13902358659, 36.9903942005, 146773.85343, 1.63073591356, 640.3990395, 
<------------ GEN 18--------------->
Chromsome [0]: (812.866666667)-30.4916534765, 45.0749463601, 72668.0112336, 24.4646285539, 775.809608779, 
Chromsome [1]: (742.133333333)4.42345707665, -75.2420239054, 44875.5734794, 12.8567920352, 696.492804551, 
Chromsome [2]: (738.366666667)87.7200703669, -52.0972540369, -9910.56094713, -2.9084078865, 2610.55096399, 
Chromsome [3]: (736.366666667)3.13902358659, -69.8266609527, -65380.8858792, 27.3514218887, 2263.02607495, 
Chromsome [4]: (732.4)3.13902358659, 86.1500295686, 100785.107962, 27.3514218887, 2263.02607495, 
<------------ GEN 19--------------->
Chromsome [0]: (806.6)-30.4916534765, 45.0749463601, 72668.0112336, 24.4646285539, 775.809608779, 
Chromsome [1]: (751.7)4.42345707665, -75.2420239054, 44875.5734794, 12.8567920352, 2413.87762616, 
Chromsome [2]: (747.233333333)3.13902358659, 86.1500295686, 100785.107962, 27.3514218887, 2263.02607495, 
Chromsome [3]: (710.9)3.2140959048, -71.2133826004, 217802.975877, 6.35802708943, 622.244547048, 
Chromsome [4]: (709.966666667)3.13902358659, 36.9903942005, 146773.85343, 1.63073591356, 1645.77578436, 
<------------ GEN 20--------------->
Chromsome [0]: (837.966666667)-34.3804971479, 44.0409023011, 100785.107962, 3.35068045537, 696.492804551, 
Chromsome [1]: (837.966666667)-30.4916534765, 45.0749463601, 72668.0112336, 24.4646285539, 775.809608779, 
Chromsome [2]: (779.433333333)3.13902358659, 86.1500295686, 100785.107962, 27.3514218887, 2606.40556965, 
Chromsome [3]: (771.166666667)4.42345707665, -64.3014652382, 44875.5734794, 10.348376595, 777.529533935, 
Chromsome [4]: (757.466666667)3.13902358659, 36.9903942005, 72668.0112336, 24.4646285539, 775.809608779, 
<------------ GEN 21--------------->
Chromsome [0]: (813.4)-34.3804971479, 44.0409023011, 100785.107962, 3.35068045537, 696.492804551, 
Chromsome [1]: (756.066666667)3.13902358659, 86.1500295686, 100785.107962, 24.4646285539, 1253.34508449, 
Chromsome [2]: (755.533333333)3.13902358659, -84.5016442094, 358434.151755, 27.3514218887, 2263.02607495, 
Chromsome [3]: (754.266666667)4.42345707665, -64.3014652382, 44875.5734794, 10.348376595, 777.529533935, 
Chromsome [4]: (726.5)3.13902358659, 27.0463213863, 44875.5734794, 12.8567920352, 696.492804551, 
<------------ GEN 22--------------->
Chromsome [0]: (814.2)-2.66835460459, -84.5016442094, 41391.9410322, 9.21326881423, 1285.96950003, 
Chromsome [1]: (814.2)-34.3804971479, 44.0409023011, 100785.107962, 3.35068045537, 696.492804551, 
Chromsome [2]: (779.7)3.13902358659, -84.5016442094, 1565.84824513, 4.00042802968, 1211.72368711, 
Chromsome [3]: (758.8)2.32495593991, 67.2049780501, 168580.990501, 10.4474596781, 953.279448787, 
Chromsome [4]: (758.766666667)2.32495593991, 44.0409023011, 100785.107962, 3.35068045537, 696.492804551, 
<------------ GEN 23--------------->
Chromsome [0]: (817.733333333)-2.66835460459, -84.5016442094, 41391.9410322, 9.21326881423, 1285.96950003, 
Chromsome [1]: (777.966666667)3.13902358659, -84.5016442094, 1565.84824513, 4.00042802968, 1211.72368711, 
Chromsome [2]: (765.166666667)3.13902358659, -98.8279278096, 100785.107962, 3.35068045537, 696.492804551, 
Chromsome [3]: (761.933333333)4.42345707665, -64.3014652382, 44875.5734794, 57.8863532687, 777.529533935, 
Chromsome [4]: (749.266666667)2.32495593991, 67.2049780501, 168580.990501, 10.4474596781, 2649.68406623, 
<------------ GEN 24--------------->
Chromsome [0]: (815.766666667)-2.66835460459, -84.5016442094, 41391.9410322, 9.21326881423, 1285.96950003, 
Chromsome [1]: (761.566666667)4.42345707665, 202.248403764, 59588.5072566, 31.1566394637, 901.532070218, 
Chromsome [2]: (760.4)2.32495593991, 44.0409023011, 118085.415162, 12.6901510548, 2622.84670692, 
Chromsome [3]: (760.4)4.42345707665, -64.3014652382, 102102.235128, 2.11364673133, 777.529533935, 
Chromsome [4]: (755.733333333)3.2140959048, -3.86589588817, 46157.4407137, 24.4646285539, 1211.72368711, 
<------------ GEN 25--------------->
Chromsome [0]: (819.766666667)-31.8989607466, -35.7837481684, 94361.7450629, 21.7188492086, 1532.94598044, 
Chromsome [1]: (819.766666667)-2.66835460459, -84.5016442094, 41391.9410322, 9.21326881423, 1285.96950003, 
Chromsome [2]: (772.133333333)0.960998504133, -81.1720721904, 44875.5734794, 12.8567920352, 696.492804551, 
Chromsome [3]: (771.933333333)4.42345707665, -23.9548902818, -136307.040923, 29.4225202546, 1227.31905909, 
Chromsome [4]: (766.933333333)3.13902358659, 62.1146728588, 146267.179047, 11.1177867652, 1699.7472754, 
<------------ GEN 26--------------->
Chromsome [0]: (817.8)-31.8989607466, -35.7837481684, 94361.7450629, 21.7188492086, 1532.94598044, 
Chromsome [1]: (787.133333333)3.13902358659, -31.7552418053, 1565.84824513, 27.3514218887, 696.492804551, 
Chromsome [2]: (772.633333333)0.960998504133, -81.1720721904, 85903.5018905, 35.7219953732, 1285.96950003, 
Chromsome [3]: (769.333333333)5.63385008517, -42.0107718023, 77065.5699648, 4.00042802968, 1211.72368711, 
Chromsome [4]: (763.2)3.2140959048, 41.190265949, 46157.4407137, 4.04171487654, 696.492804551, 
<------------ GEN 27--------------->
Chromsome [0]: (812.533333333)-35.8983780524, 62.1146728588, 146267.179047, 14.7280346292, 2835.18512597, 
Chromsome [1]: (812.533333333)-76.6314422931, -84.5016442094, 41391.9410322, 4.04171487654, 696.492804551, 
Chromsome [2]: (812.533333333)-31.8989607466, -35.7837481684, 94361.7450629, 21.7188492086, 1532.94598044, 
Chromsome [3]: (761.9)0.960998504133, 8.64755832715, 338539.097584, 24.2780046268, 1285.96950003, 
Chromsome [4]: (758.033333333)4.42345707665, -79.600192902, 43857.9358983, 8.46476238753, 1699.7472754, 
<------------ GEN 28--------------->
Chromsome [0]: (794.966666667)-35.8983780524, 62.1146728588, 146267.179047, 14.7280346292, 2835.18512597, 
Chromsome [1]: (763.1)2.86835460459, 253.471232885, 41391.9410322, 21.7318394345, 1673.49095714, 
Chromsome [2]: (761.166666667)4.42345707665, -79.600192902, 43857.9358983, 8.46476238753, 1699.7472754, 
Chromsome [3]: (759.566666667)5.63385008517, -42.0107718023, 77065.5699648, 4.00042802968, 1211.72368711, 
Chromsome [4]: (753.133333333)0.960998504133, 33.5946580413, 143585.288622, 6.99179391387, 1439.70367177, 
<------------ GEN 29--------------->
Chromsome [0]: (787.933333333)-77.0744728954, 27.0463213863, 59588.5072566, 28.8433605363, 1211.72368711, 
Chromsome [1]: (787.933333333)-35.8983780524, 62.1146728588, 146267.179047, 14.7280346292, 2835.18512597, 
Chromsome [2]: (737.533333333)4.42345707665, -79.600192902, 43857.9358983, 8.46476238753, 1049.0708004, 
Chromsome [3]: (735.533333333)5.63385008517, -42.0107718023, 77065.5699648, 4.00042802968, 2263.02607495, 
Chromsome [4]: (735.533333333)5.63385008517, -42.0107718023, 77065.5699648, 4.00042802968, 1211.72368711, 
<------------ GEN 30--------------->
Chromsome [0]: (785.866666667)-77.0744728954, 27.0463213863, 59588.5072566, 28.8433605363, 1211.72368711, 
Chromsome [1]: (716.4)5.63385008517, -42.0107718023, 27047.9208133, 7.62454193633, 696.492804551, 
Chromsome [2]: (716.4)5.63385008517, -42.0107718023, 36552.4591768, 50.7499512195, 2977.6152608, 
Chromsome [3]: (715.333333333)3.13902358659, -60.2211656501, 6167.94603763, 26.1790565115, 1427.93232531, 
Chromsome [4]: (713.2)3.13902358659, 88.085547424, 129719.711893, 24.2780046268, 1285.96950003, 
<------------ GEN 31--------------->
Chromsome [0]: (790.6)-77.0744728954, 27.0463213863, 59588.5072566, 28.8433605363, 1211.72368711, 
Chromsome [1]: (720.6)5.63385008517, -42.0107718023, 36552.4591768, 9.2500487805, 2977.6152608, 
Chromsome [2]: (719.733333333)3.13902358659, -60.2211656501, 6167.94603763, 26.1790565115, 1427.93232531, 
Chromsome [3]: (717.866666667)3.13902358659, 88.5635570927, 169508.549576, 28.8433605363, 889.034224099, 
Chromsome [4]: (712.1)0.960998504133, 33.5946580413, 118756.717169, 9.21326881423, 2256.67535975, 
<------------ GEN 32--------------->
Chromsome [0]: (778.566666667)-84.9731471454, -119.250580841, 59588.5072566, 21.3500192013, 1211.72368711, 
Chromsome [1]: (778.566666667)-77.0744728954, 27.0463213863, 59588.5072566, 28.8433605363, 1211.72368711, 
Chromsome [2]: (703.333333333)5.63385008517, -25.2425695018, 153022.138471, 15.6968994904, 1387.87094704, 
Chromsome [3]: (698.566666667)3.13902358659, 88.5635570927, 169508.549576, 28.8433605363, 889.034224099, 
Chromsome [4]: (680.633333333)0.960998504133, 33.5946580413, 118756.717169, 9.21326881423, 2476.09424731, 
<------------ GEN 33--------------->
Chromsome [0]: (773.1)-102.237331939, 27.0463213863, 59588.5072566, 28.8433605363, 2200.13253859, 
Chromsome [1]: (773.1)-84.9731471454, -119.250580841, 59588.5072566, 21.3500192013, 1211.72368711, 
Chromsome [2]: (710.933333333)5.63385008517, -47.3452194552, 88981.7543867, 24.4646285539, 1099.69480227, 
Chromsome [3]: (692.666666667)0.960998504133, 33.5946580413, 118756.717169, 29.105049766, 2476.09424731, 
Chromsome [4]: (680.966666667)8.51439068325, -20.7684705709, 114904.437169, 14.7280346292, 1049.0708004, 
<------------ GEN 34--------------->
Chromsome [0]: (772.633333333)-102.237331939, 27.0463213863, 59588.5072566, 28.8433605363, 2200.13253859, 
Chromsome [1]: (720.266666667)0.960998504133, 33.5946580413, -103253.465005, 28.8433605363, 1759.14276552, 
Chromsome [2]: (717.3)5.63385008517, 75.2362442219, -80554.2746352, 24.4646285539, 1099.69480227, 
Chromsome [3]: (696.5)0.960998504133, 33.5946580413, 173758.065507, 19.4798424283, 790.70657508, 
Chromsome [4]: (686.033333333)8.51439068325, -20.7684705709, 13461.278342, 15.2147044503, 600.892509451, 
<------------ GEN 35--------------->
Chromsome [0]: (768.8)-102.237331939, 27.0463213863, 59588.5072566, 28.8433605363, 2200.13253859, 
Chromsome [1]: (707.833333333)4.42345707665, -82.2628170748, 15416.3857556, 0.0654878806197, 1952.68636284, 
Chromsome [2]: (705.633333333)5.63385008517, 31.6480117403, 160067.007125, 7.43289570692, 1253.03278628, 
Chromsome [3]: (689.166666667)16.6866957021, 31.6480117403, -57105.0810822, 4.08189276315, 710.307347948, 
Chromsome [4]: (686.666666667)0.960998504133, 33.5946580413, 103253.465005, 28.8433605363, 1759.14276552, 
<------------ GEN 36--------------->
Chromsome [0]: (757.466666667)-107.145144885, 27.0463213863, 59588.5072566, 28.8433605363, 2200.13253859, 
Chromsome [1]: (757.466666667)-102.237331939, 27.0463213863, 59588.5072566, 28.8433605363, 2200.13253859, 
Chromsome [2]: (696.433333333)4.42345707665, -82.2628170748, 15416.3857556, 14.7280346292, 620.854044187, 
Chromsome [3]: (694.033333333)5.63385008517, 31.6480117403, 160067.007125, 7.43289570692, 1253.03278628, 
Chromsome [4]: (693.633333333)5.63385008517, -68.8438894602, 160067.007125, 4.57893810063, 2256.67535975, 
<------------ GEN 37--------------->
Chromsome [0]: (800.4)-6.70012451525, 10.0862527843, 237660.008282, 13.4756786062, 1387.87094704, 
Chromsome [1]: (800.4)-107.145144885, 27.0463213863, 59588.5072566, 28.8433605363, 2200.13253859, 
Chromsome [2]: (756.866666667)4.42345707665, 83.0562899179, 38380.5652538, 28.592104434, 2876.62971195, 
Chromsome [3]: (755.266666667)5.63385008517, -56.6997620573, 160067.007125, 60.1909454326, 1253.03278628, 
Chromsome [4]: (755.266666667)5.63385008517, 31.6480117403, 160067.007125, 21.5867204838, 1253.03278628, 
<------------ GEN 38--------------->
Chromsome [0]: (793.366666667)-6.70012451525, 10.0862527843, 237660.008282, 13.4756786062, 1387.87094704, 
Chromsome [1]: (747.033333333)4.42345707665, 83.0562899179, 38380.5652538, 2.27928321474, 1387.87094704, 
Chromsome [2]: (744.766666667)5.63385008517, 31.6480117403, 6898.02444774, 21.5867204838, 1253.03278628, 
Chromsome [3]: (741.166666667)5.63385008517, -37.0870926388, 90291.9998746, 16.9926517715, 696.492804551, 
Chromsome [4]: (740.666666667)5.63385008517, -68.8438894602, 113255.750797, 12.2660438075, 696.492804551, 
<------------ GEN 39--------------->
Chromsome [0]: (815.733333333)-15.3416178676, 10.0862527843, 122339.991718, 14.7280346292, 1308.7634085, 
Chromsome [1]: (815.733333333)-6.70012451525, 10.0862527843, 237660.008282, 13.4756786062, 1387.87094704, 
Chromsome [2]: (771.266666667)4.42345707665, 83.0562899179, 38380.5652538, 2.27928321474, 1387.87094704, 
Chromsome [3]: (769.1)5.63385008517, 31.6480117403, 6898.02444774, 21.5867204838, 1253.03278628, 
Chromsome [4]: (765.533333333)3.2140959048, 86.8730377434, 59588.5072566, 28.8433605363, 2590.75296783, 
<------------ GEN 40--------------->
Chromsome [0]: (804.133333333)-15.3416178676, 10.0862527843, 122339.991718, 14.7280346292, 1308.7634085, 
Chromsome [1]: (742.2)4.42345707665, 83.0562899179, 38380.5652538, 2.27928321474, 1387.87094704, 
Chromsome [2]: (738.266666667)3.2140959048, 59.83914037, 6898.02444774, 21.5867204838, 1253.03278628, 
Chromsome [3]: (736.4)3.2140959048, 86.8730377434, 59588.5072566, 28.8433605363, 521.651293826, 
Chromsome [4]: (734.633333333)0.960998504133, -76.0654498117, 6898.02444774, 22.1928688194, 2800.98490652, 
<------------ GEN 41--------------->
Chromsome [0]: (801.733333333)-15.3416178676, 10.0862527843, 122339.991718, 14.7280346292, 1308.7634085, 
Chromsome [1]: (738.266666667)4.37955238728, 59.83914037, 6898.02444774, 19.275973469, 1253.03278628, 
Chromsome [2]: (737.8)4.95698270289, -76.0654498117, 6898.02444774, 4.19980188188, 696.492804551, 
Chromsome [3]: (733.7)4.42345707665, 83.0562899179, 38380.5652538, 2.27928321474, 1387.87094704, 
Chromsome [4]: (723.166666667)5.63385008517, 86.8730377434, 15953.3583395, 14.7280346292, 1869.01936707, 
<------------ GEN 42--------------->
Chromsome [0]: (776.966666667)-15.3416178676, 10.0862527843, 122339.991718, 14.7280346292, 1308.7634085, 
Chromsome [1]: (711.9)5.63385008517, -31.9618059396, 27566.518332, 23.4763943079, 701.348184884, 
Chromsome [2]: (711.466666667)5.63385008517, 31.6480117403, 152842.731261, 21.4271308264, 2200.13253859, 
Chromsome [3]: (705.0)4.42345707665, 83.0562899179, 134716.531346, 16.9926517715, -318.140969064, 
Chromsome [4]: (704.766666667)5.63385008517, 86.8730377434, 25251.2854295, 14.7280346292, 1869.01936707, 
<------------ GEN 43--------------->
Chromsome [0]: (798.5)-15.3416178676, 10.0862527843, 122339.991718, 14.7280346292, 1308.7634085, 
Chromsome [1]: (745.933333333)1.05879305522, 36.5484181691, 6898.02444774, 4.19980188188, 696.492804551, 
Chromsome [2]: (726.8)6.90012451525, -21.5745040775, 11145.3755319, 21.4642934666, 2217.58159016, 
Chromsome [3]: (726.466666667)5.63385008517, -31.9618059396, 27566.518332, 23.4763943079, 1623.37141074, 
Chromsome [4]: (723.633333333)5.63385008517, 86.8730377434, 69873.7918207, 14.7280346292, 1869.01936707, 
<------------ GEN 44--------------->
Chromsome [0]: (772.0)-15.3416178676, 10.0862527843, 122339.991718, 14.7280346292, 1308.7634085, 
Chromsome [1]: (709.5)5.63385008517, -31.9618059396, 27566.518332, 23.4763943079, 1623.37141074, 
Chromsome [2]: (709.5)5.63385008517, -31.9618059396, 27566.518332, 23.4763943079, 1749.94808511, 
Chromsome [3]: (699.4)5.63385008517, 86.8730377434, 69873.7918207, 14.7280346292, 1869.01936707, 
Chromsome [4]: (698.866666667)7.7979041977, 25.9986953202, 122339.991718, 25.2623166176, 1281.03710317, 
<------------ GEN 45--------------->
Chromsome [0]: (778.2)-52.2705995897, 10.0862527843, 113255.750797, 13.4756786062, 1030.65536662, 
Chromsome [1]: (778.2)-15.3416178676, 10.0862527843, 122339.991718, 14.7280346292, 1308.7634085, 
Chromsome [2]: (706.6)5.27845452601, -76.0654498117, 1924.10223188, 18.238503038, 1308.7634085, 
Chromsome [3]: (706.2)5.63385008517, -31.9618059396, 27566.518332, 3.12131382909, 1601.21409596, 
Chromsome [4]: (706.2)5.63385008517, -31.9618059396, 27566.518332, 23.4763943079, 1749.94808511, 
<------------ GEN 46--------------->
Chromsome [0]: (783.566666667)-52.2705995897, 10.0862527843, 113255.750797, 13.4756786062, 1030.65536662, 
Chromsome [1]: (696.0)5.63385008517, -31.9618059396, 27566.518332, 3.12131382909, 1601.21409596, 
Chromsome [2]: (696.0)5.27845452601, 36.5484181691, 96823.9982987, 23.4763943079, 165.563655772, 
Chromsome [3]: (696.0)5.63385008517, -31.9618059396, 27566.518332, 23.4763943079, 2268.5984483, 
Chromsome [4]: (696.0)5.63385008517, -31.9618059396, 131180.632959, 16.2989657485, 545.80881208, 
<------------ GEN 47--------------->
Chromsome [0]: (777.733333333)-52.2705995897, 10.0862527843, 113255.750797, 13.4756786062, 1030.65536662, 
Chromsome [1]: (698.733333333)1.05879305522, -44.9803822364, 1924.10223188, 14.5304655397, 1281.03710317, 
Chromsome [2]: (698.733333333)1.05879305522, -76.0654498117, 1924.10223188, 14.7280346292, 511.381510251, 
Chromsome [3]: (684.233333333)5.27845452601, 36.5484181691, 95552.9898509, 23.4763943079, 3476.5069581, 
Chromsome [4]: (658.266666667)16.6866957021, 13.2705334476, 29547.4578292, 15.7306011167, 2511.45893209, 
<------------ GEN 48--------------->
Chromsome [0]: (780.966666667)-134.524828787, 76.7802480102, 27566.518332, 24.8142922738, 2720.49591724, 
Chromsome [1]: (780.966666667)-52.2705995897, 10.0862527843, 113255.750797, 13.4756786062, 1030.65536662, 
Chromsome [2]: (705.766666667)1.05879305522, -76.0654498117, 1924.10223188, 29.0051317016, 1614.89058559, 
Chromsome [3]: (705.666666667)1.05879305522, -44.9803822364, 1924.10223188, 14.5304655397, 1030.65536662, 
Chromsome [4]: (700.233333333)5.27845452601, 36.5484181691, 95552.9898509, 23.4763943079, 2523.4930419, 
<------------ GEN 49--------------->
Chromsome [0]: (780.366666667)-109.562560325, 35.4471183277, 158290.519957, 13.4756786062, 2396.37016041, 
Chromsome [1]: (780.366666667)-134.524828787, 76.7802480102, 27566.518332, 24.8142922738, 2720.49591724, 
Chromsome [2]: (686.433333333)1.05879305522, -76.0654498117, 1924.10223188, 29.0051317016, 1614.89058559, 
Chromsome [3]: (686.333333333)1.05879305522, -44.9803822364, 1924.10223188, 23.8278769709, 545.80881208, 
Chromsome [4]: (685.766666667)5.27845452601, 36.5484181691, 95552.9898509, 23.4763943079, 2263.62405714, 
<------------ GEN 50--------------->
Chromsome [0]: (764.433333333)-83.3123351422, 88.7917862618, 46688.6464467, 15.7306011167, 770.446289398, 
Chromsome [1]: (764.433333333)-9.62356070713, 62.7790762281, 60891.9692712, 0.817397642793, 1601.21409596, 
Chromsome [2]: (764.433333333)-38.0642408596, 76.7802480102, 27566.518332, 24.8142922738, 2720.49591724, 
Chromsome [3]: (764.433333333)-109.562560325, 35.4471183277, 158290.519957, 13.4756786062, 2396.37016041, 
Chromsome [4]: (676.0)5.27845452601, -41.5985686095, 95552.9898509, 23.4763943079, 2263.62405714, 
<------------ GEN 51--------------->
Chromsome [0]: (785.866666667)-17.981653069, 59.2656913475, 80378.4596077, 16.4067496556, 547.726593634, 
Chromsome [1]: (785.866666667)-83.3123351422, 88.7917862618, 46688.6464467, 15.7306011167, 770.446289398, 
Chromsome [2]: (709.4)1.05879305522, -44.9803822364, 1924.10223188, 23.8278769709, 545.80881208, 
Chromsome [3]: (701.766666667)1.05879305522, 10.0862527843, 81107.0078414, 14.7280346292, 2828.84715002, 
Chromsome [4]: (701.066666667)1.05879305522, -76.0654498117, 39563.9848773, 29.0051317016, 1308.7634085, 
<------------ GEN 52--------------->
Chromsome [0]: (765.966666667)-16.3477368233, 66.4539947731, 127568.24941, 3.12423723074, 2437.93863585, 
Chromsome [1]: (765.966666667)-17.981653069, 59.2656913475, 80378.4596077, 16.4067496556, 547.726593634, 
Chromsome [2]: (677.633333333)1.05879305522, -44.9803822364, 176611.169518, 23.8278769709, 545.80881208, 
Chromsome [3]: (677.5)1.05879305522, -76.0654498117, 129214.573494, 8.86517900866, 2940.87203164, 
Chromsome [4]: (665.733333333)9.82356070713, 69.9989621871, -244176.36819, 3.03853929004, 1601.21409596, 
<------------ GEN 53--------------->
Chromsome [0]: (770.633333333)-45.7279378635, -6.39338459014, 179252.953788, 26.7402684621, 520.913001169, 
Chromsome [1]: (770.633333333)-16.3477368233, 66.4539947731, 127568.24941, 3.12423723074, 2437.93863585, 
Chromsome [2]: (676.066666667)1.05879305522, -44.9803822364, 176611.169518, 24.8142922738, 547.726593634, 
Chromsome [3]: (674.166666667)5.63787432576, -76.0654498117, 103872.853375, 5.18777884571, 2511.45893209, 
Chromsome [4]: (607.133333333)15.5416178676, 35.4471183277, 158290.519957, 7.20767154459, 1188.61066971, 
<------------ GEN 54--------------->
Chromsome [0]: (777.166666667)-45.7279378635, -6.39338459014, 179252.953788, 26.7402684621, 520.913001169, 
Chromsome [1]: (702.533333333)1.05879305522, -44.9803822364, 176611.169518, 24.8142922738, 738.190752324, 
Chromsome [2]: (631.4)9.82356070713, 34.5398068933, 115823.63181, 19.4460716592, 1601.21409596, 
Chromsome [3]: (608.2)5.63787432576, 13.3684018671, 103872.853375, 13.6437632437, 1032.25736798, 
Chromsome [4]: (607.2)16.5477368233, 20.9764680729, 88201.30469, 15.7306011167, 770.446289398, 
<------------ GEN 55--------------->
Chromsome [0]: (786.8)-45.7279378635, -6.39338459014, 179252.953788, 26.7402684621, 520.913001169, 
Chromsome [1]: (668.233333333)2.8825575136, -144.273233184, 125771.782332, 12.9307079985, 634.123399852, 
Chromsome [2]: (657.1)9.82356070713, 34.5398068933, 315552.155443, 18.6546407222, 534.221903072, 
Chromsome [3]: (620.833333333)4.31981935665, 59.2656913475, 84487.1668705, 26.7402684621, 520.913001169, 
Chromsome [4]: (620.233333333)5.63787432576, 13.3684018671, 259572.154739, 24.8142922738, 2720.49591724, 
<------------ GEN 56--------------->
Chromsome [0]: (789.9)-45.7279378635, -6.39338459014, 179252.953788, 26.7402684621, 520.913001169, 
Chromsome [1]: (684.7)5.63787432576, 79.2581034459, 100427.845261, 24.8142922738, 873.878666023, 
Chromsome [2]: (664.266666667)9.82356070713, 34.5398068933, 44447.8445572, 13.6437632437, 1032.25736798, 
Chromsome [3]: (663.533333333)9.82356070713, 33.2511225891, 158290.519957, 7.20767154459, 2026.52805129, 
Chromsome [4]: (632.066666667)2.8825575136, -35.726766816, 125771.782332, 12.9307079985, 634.123399852, 
<------------ GEN 57--------------->
Chromsome [0]: (783.133333333)-226.466391506, -40.3696514147, 36060.385704, 29.7061923177, 1601.21409596, 
Chromsome [1]: (783.133333333)-45.7279378635, -6.39338459014, 179252.953788, 26.7402684621, 520.913001169, 
Chromsome [2]: (680.066666667)5.63787432576, -81.1728247346, 103872.853375, 0.32784197289, 741.966898299, 
Chromsome [3]: (680.066666667)5.63787432576, 79.2581034459, 100427.845261, 24.8142922738, 873.878666023, 
Chromsome [4]: (644.133333333)9.82356070713, 34.5398068933, 109587.652941, 18.238503038, 547.726593634, 
<------------ GEN 58--------------->
Chromsome [0]: (782.7)-226.466391506, -40.3696514147, 36060.385704, 29.7061923177, 1601.21409596, 
Chromsome [1]: (693.966666667)5.63787432576, 79.2581034459, 100427.845261, 13.6437632437, 1032.25736798, 
Chromsome [2]: (653.266666667)3.13951539495, -6.39338459014, 113359.678318, 26.7402684621, 520.913001169, 
Chromsome [3]: (652.166666667)2.8825575136, 62.1034366176, 125771.782332, 7.75242896178, 2068.86301313, 
Chromsome [4]: (648.233333333)2.8825575136, -20.8875409399, 125771.782332, 26.7402684621, 520.913001169, 
<------------ GEN 59--------------->
Chromsome [0]: (771.233333333)-26.666391506, -14.3587582944, 163147.781174, 29.7061923177, 873.878666023, 
Chromsome [1]: (771.233333333)-2.4689097383, -37.6299582577, 84487.1668705, 26.7402684621, 516.562906479, 
Chromsome [2]: (771.233333333)-34.0577560698, 70.8797681897, 24770.0855624, 19.4107038683, 1188.61066971, 
Chromsome [3]: (771.233333333)-226.466391506, -40.3696514147, 36060.385704, 29.7061923177, 1601.21409596, 
Chromsome [4]: (676.233333333)5.63787432576, 79.2581034459, 100427.845261, 13.6437632437, 1032.25736798, 
<------------ GEN 60--------------->
Chromsome [0]: (765.033333333)-26.666391506, -6.39338459014, 113359.678318, 11.9775911875, 520.913001169, 
Chromsome [1]: (765.033333333)-26.666391506, -14.3587582944, 163147.781174, 29.7061923177, 873.878666023, 
Chromsome [2]: (680.2)5.63787432576, 37.1126259314, 100427.845261, 13.6437632437, 1032.25736798, 
Chromsome [3]: (646.8)9.82356070713, 34.5398068933, 109587.652941, 4.49898457829, 2453.87274286, 
Chromsome [4]: (635.633333333)2.6689097383, -37.6299582577, 84487.1668705, 26.7402684621, 897.736723951, 
<------------ GEN 61--------------->
Chromsome [0]: (786.366666667)-26.666391506, -20.8875409399, 125771.782332, 12.5127119454, 520.913001169, 
Chromsome [1]: (786.366666667)-26.666391506, -40.3696514147, 36060.385704, 29.7061923177, 1601.21409596, 
Chromsome [2]: (786.366666667)-26.666391506, -6.39338459014, 113359.678318, 11.9775911875, 520.913001169, 
Chromsome [3]: (688.066666667)5.63787432576, 34.5398068933, 15060.881406, 4.49898457829, 1659.03652264, 
Chromsome [4]: (671.433333333)5.63787432576, 37.1126259314, 74502.2774452, 13.6437632437, 1032.25736798, 
<------------ GEN 62--------------->
Chromsome [0]: (810.4)-26.666391506, -20.8875409399, 125771.782332, 12.5127119454, 520.913001169, 
Chromsome [1]: (710.666666667)5.63787432576, 34.5398068933, -251354.371513, 37.513267314, 1659.03652264, 
Chromsome [2]: (693.166666667)5.63787432576, 37.1126259314, 74502.2774452, 13.6437632437, 1032.25736798, 
Chromsome [3]: (678.933333333)2.8825575136, -40.3696514147, 36060.385704, 2.75896168071, 1601.21409596, 
Chromsome [4]: (668.566666667)2.6689097383, -37.6299582577, 117514.987759, 28.6197174719, 841.158728047, 
<------------ GEN 63--------------->
Chromsome [0]: (817.6)-4.06166401208, -14.3587582944, 74731.0340761, 10.3461698424, 516.562906479, 
Chromsome [1]: (817.6)-26.666391506, -20.8875409399, 125771.782332, 12.5127119454, 520.913001169, 
Chromsome [2]: (700.666666667)5.63787432576, 37.1126259314, 14642.7357158, 13.6437632437, 1032.25736798, 
Chromsome [3]: (695.633333333)5.63787432576, 34.5398068933, 251354.371513, 22.486732686, 1659.03652264, 
Chromsome [4]: (691.733333333)2.8825575136, -40.3696514147, 36060.385704, 2.75896168071, 1601.21409596, 
<------------ GEN 64--------------->
Chromsome [0]: (815.933333333)-4.06166401208, -14.3587582944, 74731.0340761, 10.3461698424, 516.562906479, 
Chromsome [1]: (686.733333333)5.63787432576, 37.1126259314, 14642.7357158, 26.7402684621, 2493.88317032, 
Chromsome [2]: (686.366666667)5.63787432576, 34.5398068933, 108645.628487, 22.486732686, 1659.03652264, 
Chromsome [3]: (668.066666667)5.63787432576, -24.0742563162, 108645.628487, 22.486732686, 510.504950162, 
Chromsome [4]: (659.3)2.8825575136, -40.3696514147, 36060.385704, 6.82938740338, 1601.21409596, 
<------------ GEN 65--------------->
Chromsome [0]: (805.566666667)-9.41761318708, -1.98473669585, 113359.678318, 9.95691319059, 1659.03652264, 
Chromsome [1]: (805.566666667)-4.06166401208, -14.3587582944, 74731.0340761, 10.3461698424, 516.562906479, 
Chromsome [2]: (700.133333333)0.600205816527, -14.3587582944, 74731.0340761, 28.6197174719, 2048.37478617, 
Chromsome [3]: (674.6)5.63787432576, 37.1126259314, 14642.7357158, 26.7402684621, 2493.88317032, 
Chromsome [4]: (673.4)2.35406517148, -86.7064892687, 44633.6440146, -5.70887716911, 426.935073903, 
<------------ GEN 66--------------->
Chromsome [0]: (822.966666667)-9.41761318708, -1.98473669585, 113359.678318, 9.95691319059, 1659.03652264, 
Chromsome [1]: (742.9)4.26166401208, -86.7064892687, 232519.194224, 5.70887716911, 573.064926097, 
Chromsome [2]: (725.7)0.600205816527, -14.3587582944, 74731.0340761, 28.6197174719, 2048.37478617, 
Chromsome [3]: (725.7)0.600205816527, -14.3587582944, 74731.0340761, 28.6197174719, 2048.37478617, 
Chromsome [4]: (721.433333333)5.63787432576, 37.1126259314, 10120.9423129, 6.82938740338, 4943.18964655, 
<------------ GEN 67--------------->
Chromsome [0]: (804.733333333)-9.41761318708, -1.98473669585, 113359.678318, 9.95691319059, 1659.03652264, 
Chromsome [1]: (717.4)4.26166401208, -86.7064892687, 127480.805776, 5.70887716911, 573.064926097, 
Chromsome [2]: (711.4)4.26166401208, 64.4910420025, 33581.6301031, 20.6571976666, 2997.68494058, 
Chromsome [3]: (685.733333333)1.78781183705, -2.85668706101, 172559.584269, 9.49077470403, 1468.21383753, 
Chromsome [4]: (679.466666667)5.63787432576, -36.1996678224, 127959.974031, 16.1857555728, 851.643894732, 
<------------ GEN 68--------------->
Chromsome [0]: (781.933333333)-9.41761318708, -1.98473669585, 113359.678318, 9.95691319059, 1659.03652264, 
Chromsome [1]: (697.866666667)4.26166401208, -86.7064892687, 127480.805776, 5.70887716911, 573.064926097, 
Chromsome [2]: (691.866666667)4.26166401208, 64.4910420025, 33581.6301031, 20.6571976666, 2997.68494058, 
Chromsome [3]: (691.866666667)4.26166401208, 64.4910420025, 33581.6301031, 20.6571976666, 2997.68494058, 
Chromsome [4]: (665.533333333)5.63787432576, -29.9242207046, 131152.940186, 6.82938740338, 2150.97989541, 
<------------ GEN 69--------------->
Chromsome [0]: (799.166666667)-9.41761318708, -1.98473669585, 113359.678318, 9.95691319059, 1659.03652264, 
Chromsome [1]: (722.066666667)4.26166401208, -86.7064892687, 113359.678318, 0.287255214989, 1659.03652264, 
Chromsome [2]: (722.066666667)4.26166401208, -86.7064892687, 127480.805776, 8.3997889017, 573.064926097, 
Chromsome [3]: (715.666666667)4.26166401208, 64.4910420025, 88606.7932442, 12.3850856447, 2048.37478617, 
Chromsome [4]: (666.666666667)5.63787432576, -29.9242207046, 131152.940186, 6.82938740338, 2150.97989541, 
<------------ GEN 70--------------->
Chromsome [0]: (802.9)-16.1224512527, -14.3587582944, 85298.7987548, 8.3529969579, 1178.20049184, 
Chromsome [1]: (802.9)-9.41761318708, -1.98473669585, 113359.678318, 9.95691319059, 1659.03652264, 
Chromsome [2]: (707.933333333)4.26166401208, -86.7064892687, 113359.678318, 0.287255214989, 1659.03652264, 
Chromsome [3]: (707.933333333)4.26166401208, -86.7064892687, 113359.678318, 0.287255214989, 1659.03652264, 
Chromsome [4]: (670.2)1.04053262765, -86.7064892687, 69713.8266986, 8.3997889017, 573.064926097, 
<------------ GEN 71--------------->
Chromsome [0]: (805.133333333)-16.1224512527, -14.3587582944, 85298.7987548, 8.3529969579, 1178.20049184, 
Chromsome [1]: (717.166666667)4.26166401208, 72.8821087388, 18154.7122238, 8.3529969579, 1178.20049184, 
Chromsome [2]: (717.166666667)4.26166401208, -86.7064892687, 113359.678318, 0.287255214989, 1659.03652264, 
Chromsome [3]: (682.4)1.04053262765, -86.7064892687, 69713.8266986, 3.54392025718, 1711.24431384, 
Chromsome [4]: (679.266666667)5.63787432576, -29.9242207046, 88606.7932442, 12.3850856447, 6667.32267192, 
<------------ GEN 72--------------->
Chromsome [0]: (780.166666667)-16.1224512527, -14.3587582944, 85298.7987548, 8.3529969579, 1178.20049184, 
Chromsome [1]: (672.566666667)4.26166401208, -86.7064892687, 113359.678318, 0.287255214989, 1659.03652264, 
Chromsome [2]: (658.633333333)16.3224512527, -14.3587582944, -174541.825928, 0.287255214989, 2425.41793453, 
Chromsome [3]: (657.166666667)5.63787432576, 69.2922745394, 127480.805776, 5.70887716911, 1056.8133652, 
Chromsome [4]: (655.666666667)5.63787432576, -29.9242207046, 88606.7932442, 12.3850856447, 837.88260025, 
<------------ GEN 73--------------->
Chromsome [0]: (793.566666667)-16.1224512527, -14.3587582944, 85298.7987548, 8.3529969579, 1178.20049184, 
Chromsome [1]: (686.5)4.26166401208, -86.7064892687, 126283.864173, 19.1310941702, 1955.4445017, 
Chromsome [2]: (666.8)5.63787432576, 69.2922745394, 127480.805776, 3.14047221665, 1178.20049184, 
Chromsome [3]: (666.733333333)0.746013711538, -101.591371756, 85298.7987548, 5.70887716911, 1056.8133652, 
Chromsome [4]: (665.066666667)5.63787432576, -29.9242207046, 88606.7932442, 26.6324076765, 2384.08371547, 
<------------ GEN 74--------------->
Chromsome [0]: (794.933333333)-16.1224512527, -14.3587582944, 85298.7987548, 8.3529969579, 1178.20049184, 
Chromsome [1]: (707.266666667)4.26166401208, -86.7064892687, 126283.864173, 19.1310941702, 1955.4445017, 
Chromsome [2]: (687.533333333)5.63787432576, -58.7017993805, 85298.7987548, 8.3529969579, 661.726749565, 
Chromsome [3]: (663.166666667)7.52944458506, 72.8821087388, 20168.5924069, 11.0280012094, 617.898876111, 
Chromsome [4]: (657.266666667)9.61761318708, -18.9967648366, 19142.7193707, 16.0171142462, 1659.03652264, 
<------------ GEN 75--------------->
Chromsome [0]: (781.9)-16.1224512527, -14.3587582944, 85298.7987548, 8.3529969579, 1178.20049184, 
Chromsome [1]: (718.366666667)4.26166401208, -86.7064892687, 126283.864173, 19.1310941702, 1955.4445017, 
Chromsome [2]: (698.266666667)5.63787432576, -58.7017993805, 85298.7987548, 8.3529969579, 3203.77489914, 
Chromsome [3]: (668.166666667)2.80803688522, 12.0863296234, 59293.6846998, 16.0171142462, 2630.15662911, 
Chromsome [4]: (664.2)3.4623764291, 72.8821087388, 77364.2909187, 7.74616519059, 617.898876111, 
<------------ GEN 76--------------->
Chromsome [0]: (791.066666667)-97.2229331708, 54.9237143206, 110874.302576, 0.287255214989, 2425.41793453, 
Chromsome [1]: (791.066666667)-16.1224512527, -14.3587582944, 85298.7987548, 8.3529969579, 1178.20049184, 
Chromsome [2]: (722.1)4.26166401208, -86.7064892687, 126283.864173, 19.1310941702, 1955.4445017, 
Chromsome [3]: (684.933333333)5.63787432576, -58.7017993805, 115427.556745, 8.3529969579, 1864.94352721, 
Chromsome [4]: (684.7)5.63787432576, -79.1816896496, 107696.916586, 32.5149274986, 1208.58147439, 
<------------ GEN 77--------------->
Chromsome [0]: (799.633333333)-97.2229331708, 54.9237143206, 110874.302576, 0.287255214989, 2425.41793453, 
Chromsome [1]: (688.3)4.26166401208, -86.7064892687, 126283.864173, 29.840311204, 1178.20049184, 
Chromsome [2]: (676.833333333)5.63787432576, -77.0725397972, 25816.3840551, 8.3529969579, 1208.58147439, 
Chromsome [3]: (668.533333333)5.63787432576, -79.1816896496, 107696.916586, 27.4850725014, 1864.94352721, 
Chromsome [4]: (643.733333333)2.80803688522, 12.0863296234, 113846.746375, 16.3227511481, 1178.20049184, 
<------------ GEN 78--------------->
Chromsome [0]: (816.566666667)-97.2229331708, 54.9237143206, 110874.302576, 0.287255214989, 2425.41793453, 
Chromsome [1]: (736.566666667)4.26166401208, -78.4086282438, 85298.7987548, 5.70887716911, 1659.03652264, 
Chromsome [2]: (707.433333333)5.63787432576, -75.7833745684, 51425.4855614, 21.9167207588, 1208.58147439, 
Chromsome [3]: (691.633333333)16.3224512527, -56.1081655619, -63912.5486076, 0.287255214989, 789.575584072, 
Chromsome [4]: (673.7)5.63787432576, 12.910305006, 153411.289438, 17.860448772, 558.086810537, 
<------------ GEN 79--------------->
Chromsome [0]: (809.466666667)-97.2229331708, 54.9237143206, 110874.302576, 0.287255214989, 2425.41793453, 
Chromsome [1]: (738.266666667)4.26166401208, -78.4086282438, 85298.7987548, 22.9336752062, 781.077920005, 
Chromsome [2]: (721.166666667)5.63787432576, 12.0863296234, -175217.051817, 16.3227511481, 1178.20049184, 
Chromsome [3]: (718.7)5.63787432576, -75.7833745684, 51425.4855614, 21.9167207588, 1208.58147439, 
Chromsome [4]: (674.4)5.63787432576, 13.898920426, 153411.289438, 8.3529969579, 1178.20049184, 
<------------ GEN 80--------------->
Chromsome [0]: (797.733333333)-18.2220694606, 54.9237143206, 129701.778735, 0.287255214989, 2997.62761057, 
Chromsome [1]: (797.733333333)-97.2229331708, 54.9237143206, 110874.302576, 0.287255214989, 2425.41793453, 
Chromsome [2]: (706.266666667)4.26166401208, -78.4086282438, 85298.7987548, 12.5387346951, 781.077920005, 
Chromsome [3]: (692.333333333)5.63787432576, 52.4651285759, 153411.289438, 8.3529969579, 1208.0527285, 
Chromsome [4]: (690.1)5.63787432576, -75.7833745684, 117781.974328, 21.9167207588, 1208.58147439, 
<------------ GEN 81--------------->
Chromsome [0]: (814.0)-18.2220694606, 54.9237143206, 129701.778735, 0.287255214989, 2997.62761057, 
Chromsome [1]: (698.5)4.26166401208, 81.474174421, 85298.7987548, 6.16510404389, 2425.41793453, 
Chromsome [2]: (688.666666667)5.63787432576, 48.9761443898, 117781.974328, 29.4116069185, 2068.16189324, 
Chromsome [3]: (686.166666667)5.63787432576, -88.2685024925, 117781.974328, 21.9167207588, 1208.58147439, 
Chromsome [4]: (631.9)5.63787432576, 12.0863296234, 175217.051817, 16.3227511481, 1178.20049184, 
<------------ GEN 82--------------->
Chromsome [0]: (802.3)-11.6705251929, 69.8826274899, 85298.7987548, 29.8184428106, 1407.2467921, 
Chromsome [1]: (802.3)-18.2220694606, 54.9237143206, 129701.778735, 0.287255214989, 2997.62761057, 
Chromsome [2]: (705.366666667)4.26166401208, 81.474174421, 85298.7987548, 12.2964208614, 728.577730693, 
Chromsome [3]: (695.666666667)5.63787432576, 48.9761443898, -32745.1982859, 0.816383715636, 2529.19093226, 
Chromsome [4]: (688.7)4.26166401208, -61.4083638196, 85298.7987548, 9.86690044745, 1178.20049184, 
<------------ GEN 83--------------->
Chromsome [0]: (809.3)-11.6705251929, 69.8826274899, 85298.7987548, 29.8184428106, 1407.2467921, 
Chromsome [1]: (712.833333333)4.26166401208, 66.6740488339, 156392.894753, 29.4116069185, 2576.54547625, 
Chromsome [2]: (699.966666667)5.10421890063, 71.5774874059, 85298.7987548, 12.2964208614, 1449.46388864, 
Chromsome [3]: (695.633333333)5.63787432576, 48.9761443898, 32745.1982859, 28.4806664741, 2126.62454726, 
Chromsome [4]: (695.466666667)5.63787432576, -88.2685024925, 117781.974328, 6.16510404389, 2425.41793453, 
<------------ GEN 84--------------->
Chromsome [0]: (777.633333333)-11.6705251929, 69.8826274899, 85298.7987548, 29.8184428106, 1407.2467921, 
Chromsome [1]: (692.533333333)5.10421890063, 71.5774874059, 85298.7987548, 16.0056195589, 1699.8104836, 
Chromsome [2]: (691.266666667)5.63787432576, 48.9761443898, 32745.1982859, 28.4806664741, 2126.62454726, 
Chromsome [3]: (690.8)5.63787432576, -88.2685024925, 129701.778735, 25.7901214931, 2997.62761057, 
Chromsome [4]: (690.8)5.63787432576, -88.2685024925, 117781.974328, 21.9167207588, 1208.58147439, 
<------------ GEN 85--------------->
Chromsome [0]: (794.733333333)-83.9869228699, 66.6740488339, 156392.894753, 29.4116069185, 2576.54547625, 
Chromsome [1]: (794.733333333)-221.594562986, -131.309773267, 109136.318124, 13.1554210742, 1356.76469521, 
Chromsome [2]: (794.733333333)-11.6705251929, 69.8826274899, 85298.7987548, 29.8184428106, 1407.2467921, 
Chromsome [3]: (707.8)5.10421890063, 71.5774874059, 85298.7987548, 16.0056195589, 2974.62278945, 
Chromsome [4]: (706.5)5.63787432576, 48.9761443898, 32745.1982859, 28.4806664741, 2126.62454726, 
<------------ GEN 86--------------->
Chromsome [0]: (811.266666667)-83.9869228699, 66.6740488339, 156392.894753, 29.4116069185, 2576.54547625, 
Chromsome [1]: (715.0)5.63787432576, 48.9761443898, 118228.136847, 0.816383715636, 2804.57058471, 
Chromsome [2]: (676.633333333)7.44422589931, 66.6740488339, 156392.894753, 29.4116069185, 2576.54547625, 
Chromsome [3]: (675.7)6.10565027588, 71.5774874059, 85298.7987548, 16.0056195589, 2974.62278945, 
Chromsome [4]: (659.0)4.26166401208, -25.0691124332, 159026.048361, 13.1554210742, 1356.76469521, 
<------------ GEN 87--------------->
Chromsome [0]: (810.866666667)-21.7945629864, -48.690226733, 109136.318124, 8.76336846962, 1178.20049184, 
Chromsome [1]: (810.866666667)-83.9869228699, 66.6740488339, 156392.894753, 29.4116069185, 2576.54547625, 
Chromsome [2]: (703.733333333)5.63787432576, 48.9761443898, 118228.136847, 9.21748816078, 1571.74402805, 
Chromsome [3]: (664.666666667)7.44422589931, 66.6740488339, 156392.894753, -6.12424891277, 2576.54547625, 
Chromsome [4]: (664.266666667)6.10565027588, 66.6740488339, 156392.894753, 25.3883915937, 1460.00725284, 
<------------ GEN 88--------------->
Chromsome [0]: (803.166666667)-21.7945629864, -48.690226733, 109136.318124, 8.76336846962, 1178.20049184, 
Chromsome [1]: (706.2)5.63787432576, 48.9761443898, 118228.136847, 25.3883915937, 1460.00725284, 
Chromsome [2]: (679.733333333)2.83580733446, -154.330088093, 144213.72197, 25.675115603, 1178.20049184, 
Chromsome [3]: (672.9)7.72632956282, -36.7208086547, 156392.894753, 29.4116069185, 2576.54547625, 
Chromsome [4]: (644.2)5.10421890063, -25.3918438087, 110838.923006, 4.31658759227, 1178.20049184, 
<------------ GEN 89--------------->
Chromsome [0]: (795.666666667)-133.635086288, 66.6740488339, 156392.894753, 29.4116069185, 809.209049387, 
Chromsome [1]: (795.666666667)-61.4436624993, -45.0244719446, 63912.5486076, 29.0680952085, 1178.20049184, 
Chromsome [2]: (795.666666667)-21.7945629864, -48.690226733, 109136.318124, 8.76336846962, 1178.20049184, 
Chromsome [3]: (707.2)5.63787432576, 48.9761443898, 118228.136847, 8.5062539387, 1178.20049184, 
Chromsome [4]: (683.266666667)2.83580733446, -66.9646308844, 144213.72197, 25.3883915937, 2517.52018032, 
<------------ GEN 90--------------->
Chromsome [0]: (798.7)-133.635086288, 66.6740488339, 156392.894753, 29.4116069185, 809.209049387, 
Chromsome [1]: (685.1)6.10565027588, 40.4682609891, 126314.345703, 8.5062539387, 1178.20049184, 
Chromsome [2]: (683.5)5.63787432576, 48.9761443898, 118228.136847, 9.21748816078, 628.766094984, 
Chromsome [3]: (680.833333333)7.72632956282, -37.0402223883, 110838.923006, 4.31658759227, 1178.20049184, 
Chromsome [4]: (679.766666667)7.44422589931, -49.8419216536, 105966.208605, 23.7901629875, 2678.99552049, 
<------------ GEN 91--------------->
Chromsome [0]: (783.7)-133.635086288, 66.6740488339, 156392.894753, 29.4116069185, 809.209049387, 
Chromsome [1]: (655.8)2.83580733446, 59.0693315068, 8204.90526232, 25.675115603, 2874.83612564, 
Chromsome [2]: (655.8)2.83580733446, -66.9646308844, 144213.72197, 25.3883915937, 2678.99552049, 
Chromsome [3]: (655.8)2.83580733446, -66.9646308844, 144213.72197, 12.7572088035, 2517.52018032, 
Chromsome [4]: (653.433333333)7.44422589931, -21.7414446899, 118228.136847, 9.21748816078, 628.766094984, 
<------------ GEN 92--------------->
Chromsome [0]: (816.9)-133.635086288, 66.6740488339, 156392.894753, 29.4116069185, 809.209049387, 
Chromsome [1]: (744.866666667)2.83580733446, -88.6583635957, 8204.90526232, 25.675115603, 2874.83612564, 
Chromsome [2]: (729.466666667)7.72632956282, -37.0402223883, -47601.6351498, 4.31658759227, 1294.89769495, 
Chromsome [3]: (702.5)2.83580733446, 42.9102576773, 8204.90526232, 25.675115603, 2874.83612564, 
Chromsome [4]: (701.933333333)5.63787432576, -37.3325821169, 121729.87653, 4.38068155137, 1178.20049184, 
<------------ GEN 93--------------->
Chromsome [0]: (796.966666667)-133.635086288, 66.6740488339, 156392.894753, 29.4116069185, 809.209049387, 
Chromsome [1]: (726.366666667)2.83580733446, 169.590871615, 8204.90526232, 12.7572088035, 2313.5657971, 
Chromsome [2]: (676.533333333)2.83580733446, -82.1829864135, 63912.5486076, 29.0680952085, 1178.20049184, 
Chromsome [3]: (676.1)2.83580733446, 42.9102576773, 75800.4431187, 25.675115603, 1548.72691496, 
Chromsome [4]: (676.1)2.83580733446, -45.0244719446, 127232.911062, 4.31658759227, 760.686244926, 
<------------ GEN 94--------------->
Chromsome [0]: (807.333333333)-133.635086288, 66.6740488339, 156392.894753, 29.4116069185, 809.209049387, 
Chromsome [1]: (729.233333333)0.719598560818, 42.1639284501, 110838.923006, 3.9247133822, 2022.5461461, 
Chromsome [2]: (691.333333333)5.63787432576, 42.1639284501, 156392.894753, 1.19510056041, 809.209049387, 
Chromsome [3]: (687.833333333)2.83580733446, -82.1829864135, 63912.5486076, 6.12424891277, 2353.65909608, 
Chromsome [4]: (687.833333333)2.83580733446, 69.7732959415, 127232.911062, 4.31658759227, 760.686244926, 
<------------ GEN 95--------------->
Chromsome [0]: (806.6)-133.635086288, 66.6740488339, 156392.894753, 29.4116069185, 809.209049387, 
Chromsome [1]: (678.2)2.83580733446, -82.1829864135, 28063.7198137, 29.9183182192, 1518.95830134, 
Chromsome [2]: (678.2)2.83580733446, 69.7732959415, 127232.911062, 10.7211707751, 1252.12163291, 
Chromsome [3]: (677.766666667)2.83580733446, 21.7537054357, 75800.4431187, 25.675115603, 1548.72691496, 
Chromsome [4]: (673.666666667)5.63787432576, 42.1639284501, 156392.894753, 16.4653162237, 809.209049387, 
<------------ GEN 96--------------->
Chromsome [0]: (792.233333333)-133.635086288, 66.6740488339, 156392.894753, 29.4116069185, 809.209049387, 
Chromsome [1]: (679.833333333)7.44422589931, -21.7414446899, 105966.208605, 23.7901629875, 1679.96444476, 
Chromsome [2]: (666.266666667)5.63787432576, 42.1639284501, 156392.894753, 16.4653162237, 809.209049387, 
Chromsome [3]: (666.2)2.83580733446, -82.1829864135, 28063.7198137, 29.9183182192, 2022.5461461, 
Chromsome [4]: (663.366666667)17.0743327395, -25.978043746, 23349.8090911, 8.76336846962, 1518.95830134, 
<------------ GEN 97--------------->
Chromsome [0]: (796.4)-65.1955775977, 32.1214711277, 73957.3060562, 17.5098335049, 1082.42163642, 
Chromsome [1]: (796.4)-133.635086288, 66.6740488339, 156392.894753, 29.4116069185, 809.209049387, 
Chromsome [2]: (699.1)6.69254811604, 42.1639284501, 156392.894753, 7.29987693512, 760.686244926, 
Chromsome [3]: (698.633333333)7.44422589931, -21.7414446899, 156392.894753, 29.4116069185, 1349.74597718, 
Chromsome [4]: (697.4)5.63787432576, -41.5932944758, 23897.2664034, 25.675115603, 1658.55922724, 
<------------ GEN 98--------------->
Chromsome [0]: (788.466666667)-65.1955775977, 32.1214711277, 73957.3060562, 17.5098335049, 1082.42163642, 
Chromsome [1]: (696.433333333)5.63787432576, -41.5932944758, 23897.2664034, 25.675115603, 1658.55922724, 
Chromsome [2]: (694.7)5.79990935486, -28.8502852066, 156392.894753, 44.8495793389, 503.452798422, 
Chromsome [3]: (691.866666667)5.63787432576, -41.5932944758, 54878.0310178, 25.675115603, 1658.55922724, 
Chromsome [4]: (691.2)7.44422589931, -21.7414446899, 156392.894753, 29.4116069185, 1349.74597718, 
<------------ GEN 99--------------->
Chromsome [0]: (821.533333333)-65.1955775977, 32.1214711277, 73957.3060562, 17.5098335049, 1082.42163642, 
Chromsome [1]: (741.8)7.38799236105, 42.1639284501, -121667.39004, 1.44082785575, 2886.77810176, 
Chromsome [2]: (741.1)5.79990935486, 33.1471501667, 156392.894753, 15.1504206611, 503.452798422, 
Chromsome [3]: (735.266666667)5.63787432576, -41.5932944758, 23897.2664034, 25.675115603, 1658.55922724, 
Chromsome [4]: (734.1)7.44422589931, -21.7414446899, 156392.894753, 29.4116069185, 1349.74597718, 
<------------ GEN 100--------------->
Chromsome [0]: (838.3)-65.1955775977, 32.1214711277, 73957.3060562, 17.5098335049, 1082.42163642, 
Chromsome [1]: (760.6)2.83580733446, 11.505526784, 53951.4811589, 38.9791819701, 2645.94354339, 
Chromsome [2]: (760.6)2.83580733446, -28.1626634634, 118228.136847, 18.3318443127, 1658.55922724, 
Chromsome [3]: (756.866666667)5.79990935486, 33.1471501667, 40010.1602551, 15.1504206611, 503.452798422, 
Chromsome [4]: (754.666666667)6.69254811604, -41.5932944758, 23897.2664034, 25.675115603, 1658.55922724, 
