<------------ GEN 1--------------->
Chromsome [0]: (812.266666667)0.106360493577, -72.8877129208, 29606.1532558, 26.0288988908, 2434.65079249, 
Chromsome [1]: (803.766666667)0.601308058752, 73.567974375, 59530.4857398, 16.6913148939, 1109.42788346, 
Chromsome [2]: (787.733333333)3.4559196415, 22.8071561209, 104328.892176, 13.1415080622, 2502.34337208, 
Chromsome [3]: (775.966666667)11.7724898361, 1.135069337, 109290.780072, 12.5133027423, 1713.80237722, 
Chromsome [4]: (768.633333333)14.386198499, -87.0971324234, 43655.7708556, 20.0007957952, 979.926375589, 
<------------ GEN 2--------------->
Chromsome [0]: (799.333333333)-13.0877764211, -72.8877129208, 29606.1532558, 26.0288988908, 2434.65079249, 
Chromsome [1]: (764.5)0.106360493577, -72.8877129208, 29606.1532558, 26.0288988908, 2434.65079249, 
Chromsome [2]: (750.4)0.601308058752, -41.6563047784, 37540.5084538, 2.61786815727, 751.097611731, 
Chromsome [3]: (748.4)0.601308058752, 14.5265287688, 59530.4857398, 27.8414966901, 1136.58832373, 
Chromsome [4]: (735.933333333)3.4559196415, 192.865297998, 132322.895611, 5.7529578699, 2145.41114199, 
<------------ GEN 3--------------->
Chromsome [0]: (799.666666667)-13.0877764211, -72.8877129208, 29606.1532558, 26.0288988908, 2434.65079249, 
Chromsome [1]: (753.1)0.601308058752, 14.5265287688, 59530.4857398, 27.8414966901, 1136.58832373, 
Chromsome [2]: (753.0)0.601308058752, -41.6563047784, 2082.85487155, 8.51393584876, 583.420207992, 
Chromsome [3]: (746.066666667)0.106360493577, -77.5925592866, 108789.135685, 15.4754046372, 568.856902591, 
Chromsome [4]: (745.833333333)0.601308058752, -41.6563047784, 157388.715135, 2.61786815727, 751.097611731, 
<------------ GEN 4--------------->
Chromsome [0]: (811.0)-13.0877764211, -72.8877129208, 29606.1532558, 26.0288988908, 2434.65079249, 
Chromsome [1]: (803.866666667)0.601308058752, -41.6563047784, 2082.85487155, -3.06165668163, 583.420207992, 
Chromsome [2]: (769.133333333)0.601308058752, 14.5265287688, 59530.4857398, 18.3434423619, 2889.41066883, 
Chromsome [3]: (761.866666667)0.601308058752, -41.6563047784, 157388.715135, 2.61786815727, 751.097611731, 
Chromsome [4]: (744.0)3.4559196415, -12.5955389331, 29606.1532558, 26.0288988908, 1110.11645776, 
<------------ GEN 5--------------->
Chromsome [0]: (830.8)-13.0877764211, -72.8877129208, 29606.1532558, 26.0288988908, 2434.65079249, 
Chromsome [1]: (791.633333333)0.601308058752, 14.5265287688, 132322.895611, 17.2792723335, 2145.41114199, 
Chromsome [2]: (791.633333333)0.601308058752, 14.5265287688, 59530.4857398, 18.3434423619, 2889.41066883, 
Chromsome [3]: (789.866666667)0.601308058752, -72.8877129208, 29606.1532558, 26.0288988908, 2434.65079249, 
Chromsome [4]: (788.0)0.601308058752, -41.6563047784, 163207.492149, 3.06165668163, 583.420207992, 
<------------ GEN 6--------------->
Chromsome [0]: (840.033333333)-13.0877764211, -72.8877129208, 29606.1532558, 26.0288988908, 2434.65079249, 
Chromsome [1]: (814.6)0.601308058752, 14.5265287688, 40663.6234483, 21.0643601406, 1529.19893359, 
Chromsome [2]: (814.6)0.601308058752, -14.7100660228, 177271.353267, 18.3375268495, 2802.7996084, 
Chromsome [3]: (812.333333333)0.601308058752, -72.8877129208, 18836.0229356, 26.0288988908, 2434.65079249, 
Chromsome [4]: (807.333333333)0.601308058752, -41.6563047784, 163207.492149, 3.06165668163, 979.926375589, 
<------------ GEN 7--------------->
Chromsome [0]: (820.866666667)-13.0877764211, -72.8877129208, 29606.1532558, 26.0288988908, 2434.65079249, 
Chromsome [1]: (778.4)0.601308058752, -12.5955389331, 154099.041298, 26.0288988908, 1110.11645776, 
Chromsome [2]: (778.266666667)0.601308058752, -14.7100660228, 177271.353267, 26.0288988908, 2434.65079249, 
Chromsome [3]: (777.233333333)0.601308058752, -72.8877129208, 18836.0229356, 26.0288988908, 2434.65079249, 
Chromsome [4]: (777.233333333)0.601308058752, -72.8877129208, 18836.0229356, 26.0288988908, 2434.65079249, 
<------------ GEN 8--------------->
Chromsome [0]: (836.5)-13.0877764211, -72.8877129208, 29606.1532558, 26.0288988908, 2434.65079249, 
Chromsome [1]: (801.0)0.601308058752, -12.5955389331, 154099.041298, 26.0288988908, 1110.11645776, 
Chromsome [2]: (800.9)0.601308058752, -14.7100660228, 29606.1532558, 18.9823670952, 1521.76837836, 
Chromsome [3]: (798.666666667)0.601308058752, -72.8877129208, 18836.0229356, 26.0288988908, 1865.43095015, 
Chromsome [4]: (795.166666667)0.601308058752, 71.640884234, 29606.1532558, 21.553227711, 2434.65079249, 
<------------ GEN 9--------------->
Chromsome [0]: (822.733333333)-13.0877764211, -72.8877129208, 29606.1532558, 26.0288988908, 2434.65079249, 
Chromsome [1]: (766.933333333)0.601308058752, -14.7100660228, 29606.1532558, 18.9823670952, 1521.76837836, 
Chromsome [2]: (764.733333333)0.601308058752, -72.8877129208, 18836.0229356, 17.0364841638, 979.926375589, 
Chromsome [3]: (761.2)0.601308058752, 71.640884234, 29606.1532558, 21.553227711, 2434.65079249, 
Chromsome [4]: (759.066666667)0.601308058752, 82.4919752177, 75769.5363547, 6.57933710373, 2335.46630654, 
<------------ GEN 10--------------->
Chromsome [0]: (831.2)-13.0877764211, -72.8877129208, 29606.1532558, 26.0288988908, 2434.65079249, 
Chromsome [1]: (798.133333333)6.94223015273, -41.6563047784, 75769.5363547, 6.57933710373, -2732.5201106, 
Chromsome [2]: (797.333333333)8.16301792631, 29.7951531016, 67796.5750061, -16.2568152597, 1222.4958711, 
Chromsome [3]: (793.533333333)8.9440923891, 55.7294497074, 150222.731012, 17.2792723335, 2875.95116422, 
Chromsome [4]: (791.733333333)8.9440923891, 60.0160655318, 34612.5702009, 22.0379776709, 2764.05750585, 
<------------ GEN 11--------------->
Chromsome [0]: (789.666666667)-13.0877764211, -72.8877129208, 29606.1532558, 26.0288988908, 2434.65079249, 
Chromsome [1]: (764.833333333)8.9440923891, -19.2232638573, 114850.811061, 1.73317000341, 2434.65079249, 
Chromsome [2]: (736.433333333)6.94223015273, -41.6563047784, 75769.5363547, 6.57933710373, 3732.5201106, 
Chromsome [3]: (735.333333333)8.16301792631, 29.7951531016, 87151.1662754, 16.2568152597, 1222.4958711, 
Chromsome [4]: (729.533333333)8.9440923891, 55.7294497074, 150222.731012, 17.2792723335, 2875.95116422, 
<------------ GEN 12--------------->
Chromsome [0]: (812.966666667)-13.0877764211, -72.8877129208, 29606.1532558, 26.0288988908, 2434.65079249, 
Chromsome [1]: (776.0)3.92729108563, -77.5925592866, 29606.1532558, 4.49878000532, 2434.65079249, 
Chromsome [2]: (774.6)6.00058948655, -72.8877129208, 29606.1532558, -10.5018044056, 2199.81451772, 
Chromsome [3]: (772.966666667)8.16301792631, 29.7951531016, 87151.1662754, 27.2288003869, 1521.76837836, 
Chromsome [4]: (772.266666667)8.9440923891, -19.1777197483, 150222.731012, 17.9111226624, 2434.65079249, 
<------------ GEN 13--------------->
Chromsome [0]: (818.6)-13.0877764211, -72.8877129208, 29606.1532558, 26.0288988908, 2434.65079249, 
Chromsome [1]: (766.0)8.9440923891, -19.1777197483, 176047.660641, 17.9111226624, 2434.65079249, 
Chromsome [2]: (765.966666667)8.9440923891, -20.0732973581, 75769.5363547, 6.57933710373, 2267.4798894, 
Chromsome [3]: (765.566666667)8.9440923891, 22.9308877712, 114850.811061, 13.7189820821, 627.971792083, 
Chromsome [4]: (758.833333333)6.00058948655, -72.8877129208, 162840.269373, 26.0288988908, 1521.76837836, 
<------------ GEN 14--------------->
Chromsome [0]: (825.733333333)-13.0877764211, -72.8877129208, 29606.1532558, 26.0288988908, 2434.65079249, 
Chromsome [1]: (782.3)3.92729108563, -77.5925592866, 68993.9119493, 17.0364841638, 650.626282597, 
Chromsome [2]: (780.7)6.00058948655, -72.8877129208, 66048.4741429, 26.0288988908, 2900.67649008, 
Chromsome [3]: (778.833333333)8.16301792631, 29.7951531016, 176047.660641, 17.9111226624, 2434.65079249, 
Chromsome [4]: (777.766666667)8.9440923891, 22.9308877712, 64400.3591651, 13.7189820821, 627.971792083, 
<------------ GEN 15--------------->
Chromsome [0]: (833.4)-13.0877764211, -72.8877129208, 29606.1532558, 26.0288988908, 2434.65079249, 
Chromsome [1]: (795.866666667)4.70879323422, -76.3494289446, 151037.378359, 22.2879298016, 1873.80740201, 
Chromsome [2]: (794.933333333)3.92729108563, -77.5925592866, 68993.9119493, 13.7189820821, 627.971792083, 
Chromsome [3]: (789.966666667)0.601308058752, -3.63898663469, 29606.1532558, 21.6841396363, 1006.38786039, 
Chromsome [4]: (789.8)0.601308058752, 82.4919752177, 161860.43348, 25.6892086829, -1583.24370563, 
<------------ GEN 16--------------->
Chromsome [0]: (798.566666667)-13.0877764211, -72.8877129208, 29606.1532558, 26.0288988908, 2434.65079249, 
Chromsome [1]: (763.566666667)4.70879323422, -76.3494289446, 151037.378359, 22.2879298016, 1873.80740201, 
Chromsome [2]: (762.5)3.92729108563, -77.5925592866, 84085.249744, 26.0288988908, 2434.65079249, 
Chromsome [3]: (743.5)0.601308058752, 82.4919752177, 161860.43348, 25.6892086829, 1415.08353956, 
Chromsome [4]: (743.5)0.601308058752, -14.7100660228, 33179.8199705, 29.1477251694, 2434.65079249, 
<------------ GEN 17--------------->
Chromsome [0]: (817.4)-13.0877764211, -72.8877129208, 29606.1532558, 26.0288988908, 2434.65079249, 
Chromsome [1]: (772.833333333)4.70879323422, -76.3494289446, 151037.378359, 22.2879298016, 1873.80740201, 
Chromsome [2]: (754.933333333)0.601308058752, -14.7100660228, 33179.8199705, 26.0288988908, 2583.24370563, 
Chromsome [3]: (754.933333333)0.601308058752, 82.4919752177, 161860.43348, 20.6898681496, 505.819442538, 
Chromsome [4]: (754.933333333)0.601308058752, -14.7100660228, 171397.348583, 26.5080433486, 2434.65079249, 
<------------ GEN 18--------------->
Chromsome [0]: (832.666666667)-13.0877764211, -72.8877129208, 29606.1532558, 26.0288988908, 2434.65079249, 
Chromsome [1]: (790.3)0.601308058752, 82.4919752177, 161860.43348, 20.6898681496, 505.819442538, 
Chromsome [2]: (790.3)0.601308058752, -14.7100660228, 33179.8199705, 26.0288988908, 2583.24370563, 
Chromsome [3]: (790.3)0.601308058752, -14.7100660228, 68677.0318061, 26.0288988908, 1235.21607616, 
Chromsome [4]: (790.3)0.601308058752, -14.7100660228, 171397.348583, 26.5080433486, 1606.61399003, 
<------------ GEN 19--------------->
Chromsome [0]: (817.933333333)-10.4135771071, -109.543904385, 1167.80776169, 28.6292319299, 2434.65079249, 
Chromsome [1]: (817.933333333)-13.0877764211, -72.8877129208, 29606.1532558, 26.0288988908, 2434.65079249, 
Chromsome [2]: (776.5)0.601308058752, 82.4919752177, 68677.0318061, 26.0288988908, 1235.21607616, 
Chromsome [3]: (776.5)0.601308058752, -14.7100660228, 171397.348583, 26.5080433486, 1606.61399003, 
Chromsome [4]: (776.5)0.601308058752, -82.1974431048, 161860.43348, 20.6898681496, 505.819442538, 
<------------ GEN 20--------------->
Chromsome [0]: (826.333333333)-10.4135771071, -109.543904385, 1167.80776169, 28.6292319299, 2434.65079249, 
Chromsome [1]: (794.566666667)0.601308058752, -14.7100660228, 171397.348583, 26.5080433486, 1606.61399003, 
Chromsome [2]: (794.566666667)0.601308058752, -82.1974431048, 158999.952051, 17.5495447449, 1588.45877026, 
Chromsome [3]: (794.566666667)0.601308058752, 82.4919752177, 68677.0318061, 12.9092848874, 1069.08936304, 
Chromsome [4]: (776.833333333)1.70668627077, 85.7672209086, 38175.0576967, 6.20643526973, 702.659770859, 
<------------ GEN 21--------------->
Chromsome [0]: (824.533333333)-10.4135771071, -109.543904385, 1167.80776169, 28.6292319299, 2434.65079249, 
Chromsome [1]: (778.733333333)0.601308058752, -14.7100660228, 115822.814157, 26.5080433486, 1606.61399003, 
Chromsome [2]: (778.733333333)0.601308058752, -82.1974431048, 158999.952051, 17.5495447449, 2434.65079249, 
Chromsome [3]: (775.5)1.70668627077, 85.7672209086, -24889.0700139, 6.20643526973, 2434.65079249, 
Chromsome [4]: (761.2)1.70668627077, 85.7672209086, 38175.0576967, 6.20643526973, 2900.74468907, 
<------------ GEN 22--------------->
Chromsome [0]: (810.966666667)-10.4135771071, -109.543904385, 1167.80776169, 28.6292319299, 2434.65079249, 
Chromsome [1]: (769.633333333)0.601308058752, -14.7100660228, 115822.814157, 28.6292319299, 1922.0094489, 
Chromsome [2]: (769.633333333)0.601308058752, -82.1974431048, 158999.952051, 17.5495447449, 702.659770859, 
Chromsome [3]: (758.0)3.92729108563, 73.0243255023, 35065.184957, 0.61268921454, 1593.5575829, 
Chromsome [4]: (746.666666667)1.70668627077, 85.7672209086, 199718.101576, 2.14104706666, 1184.91550418, 
<------------ GEN 23--------------->
Chromsome [0]: (805.166666667)-10.4135771071, -109.543904385, 1167.80776169, 28.6292319299, 2434.65079249, 
Chromsome [1]: (751.733333333)0.601308058752, -82.1974431048, 20337.9224567, 6.20643526973, 647.84902793, 
Chromsome [2]: (751.533333333)0.601308058752, -14.7100660228, 115822.814157, 28.6292319299, 1922.0094489, 
Chromsome [3]: (751.533333333)0.601308058752, -14.7100660228, 115822.814157, 28.6292319299, 1922.0094489, 
Chromsome [4]: (728.7)1.70668627077, 85.7672209086, 38421.5912522, 11.4581869671, 1209.52915046, 
<------------ GEN 24--------------->
Chromsome [0]: (801.5)-10.4135771071, -109.543904385, 1167.80776169, 28.6292319299, 2434.65079249, 
Chromsome [1]: (754.866666667)0.601308058752, -82.1974431048, 1167.80776169, 28.6292319299, 2434.65079249, 
Chromsome [2]: (754.666666667)0.601308058752, 392.573940805, 20337.9224567, 6.20643526973, 1632.17199696, 
Chromsome [3]: (754.666666667)0.601308058752, -33.2874303575, 38175.0576967, 11.9659613813, 2383.12343291, 
Chromsome [4]: (737.8)1.70668627077, 85.7672209086, 38421.5912522, 1.78971265898, 1676.27206694, 
<------------ GEN 25--------------->
Chromsome [0]: (805.533333333)-85.4526893506, 31.7270835706, 168988.861478, 29.7112061101, 1525.02467736, 
Chromsome [1]: (805.533333333)-10.4135771071, -109.543904385, 1167.80776169, 28.6292319299, 2434.65079249, 
Chromsome [2]: (727.7)1.70668627077, 85.7672209086, 37953.145577, 28.4330639278, 1676.27206694, 
Chromsome [3]: (718.466666667)2.37744771339, 74.8593361785, 18217.017608, 24.0910047777, 1606.61399003, 
Chromsome [4]: (714.166666667)3.92729108563, 63.6017980584, 13934.7000096, 17.8507860053, 2926.81321043, 
<------------ GEN 26--------------->
Chromsome [0]: (788.3)-69.8862212932, -79.6083498598, 44180.5173348, 22.114502836, 2585.18182403, 
Chromsome [1]: (788.3)-85.4526893506, 31.7270835706, 168988.861478, 29.7112061101, 1525.02467736, 
Chromsome [2]: (722.933333333)1.20943495641, 58.6154445065, 47467.9681515, 29.5037096256, 3250.43985601, 
Chromsome [3]: (722.3)1.70668627077, 85.7672209086, 1167.80776169, 9.08938125037, 2434.65079249, 
Chromsome [4]: (706.233333333)2.37744771339, 74.8593361785, 18217.017608, 2.21757555344, 2785.67830886, 
<------------ GEN 27--------------->
Chromsome [0]: (791.233333333)-69.8862212932, -79.6083498598, 44180.5173348, 22.114502836, 2585.18182403, 
Chromsome [1]: (720.7)1.20943495641, 58.6154445065, 41787.5672256, 0.989025253617, 678.040035261, 
Chromsome [2]: (706.433333333)1.70668627077, 33.7530375177, 59119.4190907, 3.53439155603, 1519.74416746, 
Chromsome [3]: (701.666666667)10.6135771071, 22.8888193362, 24889.0700139, 7.52707453513, 2383.12343291, 
Chromsome [4]: (701.033333333)2.37744771339, 74.8593361785, 18217.017608, 2.21757555344, 2785.67830886, 
<------------ GEN 28--------------->
Chromsome [0]: (811.3)-69.8862212932, -79.6083498598, 44180.5173348, 22.114502836, 2585.18182403, 
Chromsome [1]: (768.166666667)3.92729108563, 114.771476877, 13934.7000096, 3.06562286965, 2434.65079249, 
Chromsome [2]: (761.633333333)3.92729108563, -52.7606780601, -134198.113563, 17.5495447449, 702.659770859, 
Chromsome [3]: (758.066666667)1.20943495641, 58.6154445065, 41787.5672256, 0.989025253617, 678.040035261, 
Chromsome [4]: (742.133333333)2.37744771339, -75.0530690421, 18217.017608, 15.8413871898, 1299.15634906, 
<------------ GEN 29--------------->
Chromsome [0]: (836.4)-17.3259201209, -83.8232081793, 177897.463663, 6.41014919507, 1107.18875166, 
Chromsome [1]: (836.4)-69.8862212932, -79.6083498598, 44180.5173348, 22.114502836, 2585.18182403, 
Chromsome [2]: (775.666666667)3.92729108563, -106.70329599, 134198.113563, 17.5495447449, 702.659770859, 
Chromsome [3]: (764.466666667)1.20943495641, 58.6154445065, 41787.5672256, 0.989025253617, 678.040035261, 
Chromsome [4]: (762.266666667)2.37744771339, 187.808793642, 129957.594386, 0.648442810972, 2398.01032968, 
<------------ GEN 30--------------->
Chromsome [0]: (833.2)-17.3259201209, -83.8232081793, 177897.463663, 6.41014919507, 1107.18875166, 
Chromsome [1]: (762.1)1.20943495641, 58.6154445065, 41787.5672256, 0.989025253617, 1115.06344397, 
Chromsome [2]: (757.766666667)1.20943495641, 58.6154445065, 38905.0471437, 26.4002177902, 2892.29203709, 
Chromsome [3]: (757.766666667)1.20943495641, 58.6154445065, 68780.1540417, 14.4714422325, 2585.18182403, 
Chromsome [4]: (746.766666667)2.37744771339, -75.0530690421, 18217.017608, 15.8413871898, 1299.15634906, 
<------------ GEN 31--------------->
Chromsome [0]: (830.933333333)-17.3259201209, -83.8232081793, 177897.463663, 6.41014919507, 1107.18875166, 
Chromsome [1]: (753.433333333)1.20943495641, -314.789132183, 68780.1540417, 14.4714422325, 2398.01032968, 
Chromsome [2]: (753.0)1.20943495641, 47.2543431092, 128053.339922, 0.989025253617, 1115.06344397, 
Chromsome [3]: (752.5)1.20943495641, 58.6154445065, 38905.0471437, 26.4002177902, 1626.07179405, 
Chromsome [4]: (752.5)1.20943495641, 58.6154445065, 122643.047081, 18.9801381909, 2449.23638954, 
<------------ GEN 32--------------->
Chromsome [0]: (828.4)-95.464305899, 47.2543431092, 75944.8055462, 3.06562286965, 2434.65079249, 
Chromsome [1]: (828.4)-17.3259201209, -83.8232081793, 177897.463663, 6.41014919507, 1107.18875166, 
Chromsome [2]: (753.666666667)1.20943495641, 134.789132183, 68780.1540417, 20.7693556936, 2310.32401668, 
Chromsome [3]: (746.333333333)1.20943495641, 58.6154445065, 122643.047081, 8.73237105309, 2583.24370563, 
Chromsome [4]: (742.5)2.37744771339, 56.0500671151, 44760.9831403, 9.90040617246, 1349.48048443, 
<------------ GEN 33--------------->
Chromsome [0]: (826.966666667)-95.464305899, 47.2543431092, 75944.8055462, 3.06562286965, 2434.65079249, 
Chromsome [1]: (762.5)1.20943495641, -148.728988638, 68780.1540417, 20.7693556936, 2310.32401668, 
Chromsome [2]: (752.533333333)2.37744771339, -75.0530690421, 170712.229427, 8.69512923954, 2398.01032968, 
Chromsome [3]: (752.533333333)2.37744771339, 14.8238145153, 44760.9831403, 22.9283354112, 1213.46738964, 
Chromsome [4]: (752.533333333)2.37744771339, -44.5029610173, 148978.012541, 11.945369972, 1626.07179405, 
<------------ GEN 34--------------->
Chromsome [0]: (800.533333333)-95.464305899, 47.2543431092, 75944.8055462, 3.06562286965, 2434.65079249, 
Chromsome [1]: (750.466666667)1.20943495641, -83.8232081793, -48493.714137, 3.61122332448, 1107.18875166, 
Chromsome [2]: (726.8)2.37744771339, 110.165218308, 177897.463663, 12.9429851117, 2211.16038215, 
Chromsome [3]: (724.033333333)2.37744771339, 14.8238145153, 44760.9831403, 22.9283354112, 816.318014744, 
Chromsome [4]: (722.833333333)1.20943495641, -31.2710113623, 102778.153789, 25.206970788, 1702.04240479, 
<------------ GEN 35--------------->
Chromsome [0]: (823.833333333)-95.464305899, 47.2543431092, 75944.8055462, 3.06562286965, 2434.65079249, 
Chromsome [1]: (779.6)1.20943495641, -31.2710113623, 102778.153789, 19.1662768322, 2434.65079249, 
Chromsome [2]: (778.4)2.37744771339, 69.8347816917, 177897.463663, 12.9429851117, 2211.16038215, 
Chromsome [3]: (778.4)2.37744771339, -44.5029610173, 148978.012541, 11.945369972, 1626.07179405, 
Chromsome [4]: (778.4)2.37744771339, 37.6144643068, 148978.012541, 1.66654706906, 2248.46043253, 
<------------ GEN 36--------------->
Chromsome [0]: (797.7)-65.544015717, 56.8504869832, 98776.0096013, 3.61122332448, 2304.35991454, 
Chromsome [1]: (797.7)-72.8619709977, -34.1701595915, 137926.326833, 21.4877516693, 2829.54688047, 
Chromsome [2]: (797.7)-95.464305899, 47.2543431092, 75944.8055462, 3.06562286965, 2434.65079249, 
Chromsome [3]: (751.9)1.20943495641, 63.1316786054, 147417.135797, 28.4330639278, 632.89527187, 
Chromsome [4]: (747.433333333)1.20943495641, -31.2710113623, 102778.153789, 4.26089067201, 1617.74492657, 
<------------ GEN 37--------------->
Chromsome [0]: (816.433333333)-65.544015717, 56.8504869832, 98776.0096013, 3.61122332448, 2304.35991454, 
Chromsome [1]: (783.033333333)1.20943495641, 63.1316786054, 146133.294642, 28.4330639278, 1285.09860067, 
Chromsome [2]: (782.633333333)1.40940170643, -88.9747787876, 137926.326833, 21.4877516693, 2829.54688047, 
Chromsome [3]: (781.6)2.37744771339, 69.8347816917, 177897.463663, 12.9429851117, 2211.16038215, 
Chromsome [4]: (781.6)2.37744771339, 76.153555805, 144920.859269, 8.69512923954, 1113.86850517, 
<------------ GEN 38--------------->
Chromsome [0]: (805.066666667)-26.7507429159, -70.2473697016, 68780.1540417, 21.4877516693, 2829.54688047, 
Chromsome [1]: (805.066666667)-44.1918207879, -21.9851801348, 164341.606597, 28.9201311561, 1702.04240479, 
Chromsome [2]: (805.066666667)-65.544015717, 56.8504869832, 98776.0096013, 3.61122332448, 2304.35991454, 
Chromsome [3]: (759.666666667)1.40940170643, -88.9747787876, 137926.326833, 12.1349107314, 2083.68721722, 
Chromsome [4]: (759.666666667)1.40940170643, -88.9747787876, 99713.5511415, 21.4877516693, 2829.54688047, 
<------------ GEN 39--------------->
Chromsome [0]: (813.033333333)-55.3889581464, -29.1997017954, 164341.606597, 28.9201311561, 2829.54688047, 
Chromsome [1]: (813.033333333)-65.7788094918, 47.2543431092, 75944.8055462, 12.1349107314, 2083.68721722, 
Chromsome [2]: (813.033333333)-26.7507429159, -70.2473697016, 68780.1540417, 21.4877516693, 2829.54688047, 
Chromsome [3]: (783.466666667)1.40940170643, -10.2903562465, 99713.5511415, 21.4877516693, 1702.04240479, 
Chromsome [4]: (779.5)1.40940170643, -88.9747787876, 137926.326833, 12.2430544733, 2811.51742184, 
<------------ GEN 40--------------->
Chromsome [0]: (796.5)-55.3889581464, -29.1997017954, 164341.606597, 28.9201311561, 2829.54688047, 
Chromsome [1]: (750.166666667)1.40940170643, -88.9747787876, 4793.99371794, 12.2430544733, 2811.51742184, 
Chromsome [2]: (742.066666667)1.40940170643, -63.63484629, 148978.012541, 8.05939451242, 2310.32401668, 
Chromsome [3]: (740.833333333)2.37744771339, 56.8504869832, 98776.0096013, 3.61122332448, 2304.35991454, 
Chromsome [4]: (740.833333333)2.37744771339, -64.4014413867, 93629.9078052, 3.18110200806, 1119.58307507, 
<------------ GEN 41--------------->
Chromsome [0]: (819.2)-65.2467813017, 76.153555805, 116660.417165, 13.1043513998, 554.037587479, 
Chromsome [1]: (819.2)-55.3889581464, -29.1997017954, 164341.606597, 28.9201311561, 2829.54688047, 
Chromsome [2]: (774.7)1.40940170643, -66.1525447833, 99713.5511415, 13.9850648105, 2324.92305141, 
Chromsome [3]: (773.533333333)2.37744771339, -64.4014413867, 93629.9078052, 3.18110200806, 1119.58307507, 
Chromsome [4]: (773.533333333)2.37744771339, 39.9480088959, 26157.7936746, 7.0157787615, 1738.55187232, 
<------------ GEN 42--------------->
Chromsome [0]: (794.166666667)-65.2467813017, 76.153555805, 116660.417165, 13.1043513998, 554.037587479, 
Chromsome [1]: (725.066666667)4.10935900173, 69.8347816917, 85067.2548859, 12.2430544733, 2811.51742184, 
Chromsome [2]: (725.066666667)4.10935900173, 69.8347816917, 169592.391534, 3.61122332448, 2829.54688047, 
Chromsome [3]: (723.4)2.37744771339, -64.4014413867, 76900.3916107, 3.18110200806, 1119.58307507, 
Chromsome [4]: (723.366666667)2.37744771339, 39.9480088959, 26157.7936746, 7.0157787615, 1738.55187232, 
<------------ GEN 43--------------->
Chromsome [0]: (824.8)-43.8261990182, 76.153555805, 116660.417165, 13.1043513998, 2811.51742184, 
Chromsome [1]: (824.8)-71.598200229, 69.8347816917, 85067.2548859, 9.88031148776, 2811.51742184, 
Chromsome [2]: (824.8)-65.2467813017, 76.153555805, 116660.417165, 13.1043513998, 554.037587479, 
Chromsome [3]: (782.033333333)2.37744771339, -116.24008974, 26157.7936746, 7.0157787615, 1738.55187232, 
Chromsome [4]: (778.2)2.37744771339, -64.4014413867, 76448.4303487, 7.0157787615, 1738.55187232, 
<------------ GEN 44--------------->
Chromsome [0]: (787.7)-59.7172815447, 69.8347816917, 5248.68147106, 3.61122332448, 2829.54688047, 
Chromsome [1]: (787.7)-16.0492890504, 39.9480088959, 26157.7936746, 3.18110200806, 554.037587479, 
Chromsome [2]: (787.7)-22.7049334173, 76.153555805, 244141.586352, 16.710253407, 760.934704221, 
Chromsome [3]: (787.7)-43.8261990182, 76.153555805, 116660.417165, 13.1043513998, 2811.51742184, 
Chromsome [4]: (717.7)4.10935900173, -27.6599930149, 4399.10134836, 15.0118376567, 554.037587479, 
<------------ GEN 45--------------->
Chromsome [0]: (815.8)-59.7172815447, 69.8347816917, 5248.68147106, 3.61122332448, 2829.54688047, 
Chromsome [1]: (741.533333333)4.10935900173, -27.6599930149, 4399.10134836, 3.59098426687, 554.037587479, 
Chromsome [2]: (738.633333333)2.37744771339, -63.75991026, 85067.2548859, 9.88031148776, 2811.51742184, 
Chromsome [3]: (738.6)2.37744771339, 37.9131080843, 76448.4303487, 14.0493030143, 1738.55187232, 
Chromsome [4]: (738.466666667)4.10935900173, -27.6599930149, 92619.598305, 18.1875920938, 613.878406413, 
<------------ GEN 46--------------->
Chromsome [0]: (827.9)-59.7172815447, 69.8347816917, 5248.68147106, 3.61122332448, 2829.54688047, 
Chromsome [1]: (770.666666667)2.37744771339, -63.75991026, 4399.10134836, 15.0118376567, 554.037587479, 
Chromsome [2]: (735.033333333)4.10935900173, -27.6599930149, 4399.10134836, 3.59098426687, 2537.40964589, 
Chromsome [3]: (733.4)6.99760785273, 56.8504869832, 164341.606597, 26.8080712919, 859.458712933, 
Chromsome [4]: (733.4)6.99760785273, 56.8504869832, 164341.606597, 26.8080712919, 2376.3055258, 
<------------ GEN 47--------------->
Chromsome [0]: (803.866666667)-8.25597403752, 81.159486737, 61367.0993722, 3.18110200806, 2714.31041859, 
Chromsome [1]: (803.866666667)-4.4865947743, -56.8033436921, 76448.4303487, 12.9103387315, 1738.55187232, 
Chromsome [2]: (803.866666667)-59.7172815447, 69.8347816917, 5248.68147106, 3.61122332448, 2829.54688047, 
Chromsome [3]: (763.366666667)2.37744771339, -63.75991026, -25452.2071984, 15.0118376567, 554.037587479, 
Chromsome [4]: (762.8)2.37744771339, -63.75991026, 4399.10134836, 18.1875920938, 613.878406413, 
<------------ GEN 48--------------->
Chromsome [0]: (774.1)-8.25597403752, 81.159486737, 61367.0993722, 3.18110200806, 2714.31041859, 
Chromsome [1]: (733.366666667)2.37744771339, 189.840018626, 4399.10134836, 18.1875920938, 613.878406413, 
Chromsome [2]: (733.166666667)2.37744771339, -63.75991026, 5248.68147106, 3.61122332448, 2829.54688047, 
Chromsome [3]: (716.733333333)4.6865947743, 217.540936779, 76448.4303487, 12.9103387315, 1738.55187232, 
Chromsome [4]: (716.533333333)4.6865947743, -56.8033436921, 76448.4303487, 12.9103387315, 1738.55187232, 
<------------ GEN 49--------------->
Chromsome [0]: (772.833333333)-13.6654181994, 76.153555805, 39430.3084721, 23.9076803315, 2829.54688047, 
Chromsome [1]: (772.833333333)-8.25597403752, 81.159486737, 61367.0993722, 3.18110200806, 2714.31041859, 
Chromsome [2]: (715.966666667)2.37744771339, -9.84001862588, 4399.10134836, 6.63754149533, 613.878406413, 
Chromsome [3]: (713.333333333)2.37744771339, -9.84001862588, 4399.10134836, 18.1875920938, 1583.24769984, 
Chromsome [4]: (704.933333333)4.5616755583, 115.683992331, 120629.954497, 24.8453894811, 1944.71344198, 
<------------ GEN 50--------------->
Chromsome [0]: (788.266666667)-13.6654181994, 76.153555805, 39430.3084721, 23.9076803315, 2829.54688047, 
Chromsome [1]: (731.933333333)2.37744771339, -9.84001862588, 4399.10134836, 13.1043513998, 450.369584489, 
Chromsome [2]: (731.933333333)2.37744771339, -9.84001862588, 4399.10134836, 26.804198807, 2494.39188227, 
Chromsome [3]: (731.433333333)4.6865947743, 19.4367825708, -15187.0606699, 6.91583924139, 1093.46922927, 
Chromsome [4]: (711.1)4.5616755583, 64.3160076691, 120629.954497, 26.334670462, 1944.71344198, 
<------------ GEN 51--------------->
Chromsome [0]: (798.4)-13.6654181994, 76.153555805, 39430.3084721, 23.9076803315, 2829.54688047, 
Chromsome [1]: (732.1)2.37744771339, -71.5341076833, 4399.10134836, 13.1043513998, 1738.55187232, 
Chromsome [2]: (725.833333333)2.37744771339, -9.84001862588, 4399.10134836, 2.30593435354, 2537.40964589, 
Chromsome [3]: (723.033333333)13.8654181994, -22.2497919924, 5248.68147106, 2.30593435354, 2537.40964589, 
Chromsome [4]: (720.566666667)2.37744771339, -9.84001862588, 4399.10134836, 18.1875920938, 1216.0009691, 
<------------ GEN 52--------------->
Chromsome [0]: (805.433333333)-13.6654181994, 76.153555805, 39430.3084721, 23.9076803315, 2829.54688047, 
Chromsome [1]: (763.233333333)2.37744771339, -71.5341076833, 4399.10134836, 13.1043513998, 706.777312475, 
Chromsome [2]: (743.333333333)7.86703629666, 19.4367825708, 36462.3587777, 6.91583924139, 1093.46922927, 
Chromsome [3]: (741.5)2.37744771339, -9.84001862588, 105546.608028, 2.30593435354, 1969.61010992, 
Chromsome [4]: (740.933333333)2.37744771339, -9.84001862588, 151474.278358, 22.3970224255, 2376.3055258, 
<------------ GEN 53--------------->
Chromsome [0]: (822.633333333)-53.6415583513, 76.153555805, 6531.25816575, 11.4110629003, 2393.31770033, 
Chromsome [1]: (822.633333333)-13.6654181994, 76.153555805, 39430.3084721, 23.9076803315, 2829.54688047, 
Chromsome [2]: (775.366666667)2.37744771339, -71.5341076833, 4399.10134836, 13.1043513998, 706.777312475, 
Chromsome [3]: (759.766666667)2.37744771339, -177.614539692, 114301.979941, 13.1043513998, 1944.71344198, 
Chromsome [4]: (756.333333333)2.37744771339, -9.84001862588, 7484.93517174, 22.3970224255, 2537.40964589, 
<------------ GEN 54--------------->
Chromsome [0]: (806.2)-53.6415583513, 76.153555805, 6531.25816575, 11.4110629003, 2393.31770033, 
Chromsome [1]: (747.133333333)2.37744771339, -2.38546030846, 114301.979941, 13.1043513998, 1944.71344198, 
Chromsome [2]: (745.0)2.15174706007, -22.4141606127, 39430.3084721, 11.9716772298, 636.426268214, 
Chromsome [3]: (744.866666667)2.37744771339, -9.84001862588, 105546.608028, 11.7493620427, 2243.01367699, 
Chromsome [4]: (743.8)4.5616755583, -57.8531140778, 61367.0993722, 22.5175473163, 550.64196694, 
<------------ GEN 55--------------->
Chromsome [0]: (817.533333333)-53.6415583513, 76.153555805, 6531.25816575, 11.4110629003, 2393.31770033, 
Chromsome [1]: (759.733333333)2.37744771339, 164.560104881, 74149.8509719, 11.2143597107, 1188.66371938, 
Chromsome [2]: (759.066666667)2.37744771339, -2.38546030846, 18446.8572406, 22.5175473163, 550.64196694, 
Chromsome [3]: (756.933333333)2.37744771339, -9.84001862588, 105546.608028, 11.7493620427, 2847.36165572, 
Chromsome [4]: (745.9)4.6865947743, -58.9891318446, 140999.711033, 5.0435341247, 1562.07101979, 
<------------ GEN 56--------------->
Chromsome [0]: (800.066666667)-53.6415583513, 76.153555805, 6531.25816575, 11.4110629003, 2393.31770033, 
Chromsome [1]: (730.4)2.37744771339, -2.38546030846, 132724.355905, 22.5175473163, 550.64196694, 
Chromsome [2]: (729.733333333)4.5616755583, -121.897596622, 176655.557422, 25.6413024461, 1093.46922927, 
Chromsome [3]: (728.366666667)4.6865947743, -58.9891318446, 140999.711033, 5.0435341247, 1562.07101979, 
Chromsome [4]: (727.933333333)2.37744771339, -9.84001862588, 172866.023112, 11.7493620427, 1045.47348722, 
<------------ GEN 57--------------->
Chromsome [0]: (799.833333333)-53.6415583513, 76.153555805, 6531.25816575, 11.4110629003, 2393.31770033, 
Chromsome [1]: (757.1)2.37744771339, -9.84001862588, -80134.8502554, 24.303895309, 1045.47348722, 
Chromsome [2]: (750.866666667)4.5616755583, -58.1024033785, 6531.25816575, 11.4110629003, 2393.31770033, 
Chromsome [3]: (747.0)4.6865947743, -58.9891318446, 69166.8832964, 34.9062583421, 1138.3131781, 
Chromsome [4]: (733.766666667)2.37744771339, -2.38546030846, 132724.355905, 22.5175473163, 550.64196694, 
<------------ GEN 58--------------->
Chromsome [0]: (813.966666667)-99.1242627003, 76.153555805, 19157.5313877, 23.9076803315, 636.426268214, 
Chromsome [1]: (813.966666667)-53.6415583513, 76.153555805, 6531.25816575, 11.4110629003, 2393.31770033, 
Chromsome [2]: (764.6)4.6865947743, -67.40666785, 26768.8833074, 24.0166866295, 1478.72080774, 
Chromsome [3]: (762.1)4.6865947743, -58.9891318446, 69166.8832964, 25.0937416579, 1932.56543338, 
Chromsome [4]: (760.533333333)4.5616755583, -58.1024033785, 75467.5266263, 11.4110629003, 1359.15263196, 
<------------ GEN 59--------------->
Chromsome [0]: (818.7)-54.6718025374, -48.7472075278, 83242.7067836, 21.2983532924, 2423.92722298, 
Chromsome [1]: (818.7)-99.1242627003, 76.153555805, 19157.5313877, 23.9076803315, 636.426268214, 
Chromsome [2]: (771.533333333)4.6865947743, -67.40666785, 26768.8833074, 24.0166866295, 2023.47294906, 
Chromsome [3]: (769.5)4.5616755583, -86.3490151827, 69166.8832964, 25.0937416579, 1138.3131781, 
Chromsome [4]: (769.166666667)4.6865947743, -67.40666785, 39430.3084721, 11.9716772298, 539.476618796, 
<------------ GEN 60--------------->
Chromsome [0]: (852.1)-5.22449237899, -82.9317804885, 79133.8750099, 18.8272078651, 1463.27594489, 
Chromsome [1]: (852.1)-54.6718025374, -48.7472075278, 83242.7067836, 21.2983532924, 2423.92722298, 
Chromsome [2]: (824.933333333)2.37744771339, 74.0746678147, -25921.7896452, 13.1043513998, 830.435056729, 
Chromsome [3]: (813.933333333)4.5616755583, -86.3490151827, 21451.4319743, 25.0937416579, 3572.4748702, 
Chromsome [4]: (813.7)4.6865947743, -67.40666785, 26768.8833074, 24.0166866295, 1138.3131781, 
<------------ GEN 61--------------->
Chromsome [0]: (850.133333333)-5.22449237899, -82.9317804885, 79133.8750099, 18.8272078651, 1463.27594489, 
Chromsome [1]: (817.5)4.5616755583, 74.4014035171, 23059.0662172, 15.2288562988, 2023.47294906, 
Chromsome [2]: (816.333333333)2.37744771339, -27.3922730787, 18284.9948679, 24.0166866295, 1138.3131781, 
Chromsome [3]: (816.266666667)4.6865947743, -82.9317804885, 79133.8750099, 18.8272078651, 1463.27594489, 
Chromsome [4]: (816.1)4.6865947743, -67.40666785, 139883.796847, 8.21066860748, 2946.49128851, 
<------------ GEN 62--------------->
Chromsome [0]: (816.633333333)-5.22449237899, -82.9317804885, 79133.8750099, 18.8272078651, 1463.27594489, 
Chromsome [1]: (793.966666667)2.37744771339, -27.3922730787, 25787.2030009, 24.0166866295, 1138.3131781, 
Chromsome [2]: (780.233333333)4.5616755583, 3.46131229849, 80081.7760836, 27.6473552125, 726.107658676, 
Chromsome [3]: (778.733333333)5.42449237899, -78.5081782431, 59866.7550241, 29.0519467405, 1731.16515071, 
Chromsome [4]: (778.666666667)5.42449237899, 141.526046604, 157642.631804, 16.3372573496, 2214.03667176, 
<------------ GEN 63--------------->
Chromsome [0]: (806.8)-5.22449237899, -82.9317804885, 79133.8750099, 18.8272078651, 1463.27594489, 
Chromsome [1]: (779.966666667)2.37744771339, -27.3922730787, 69166.8832964, 25.0937416579, 2531.53478798, 
Chromsome [2]: (779.066666667)8.45597403752, 315.883002031, 210229.763553, 20.8521659303, 1427.27078368, 
Chromsome [3]: (777.933333333)5.42449237899, 38.473953396, 157642.631804, 16.3372573496, 2214.03667176, 
Chromsome [4]: (777.866666667)5.42449237899, 63.9919755841, 160398.736246, 15.9291412776, 597.701524432, 
<------------ GEN 64--------------->
Chromsome [0]: (814.033333333)-6.12353974301, -86.3490151827, 21451.4319743, 0.920154039438, 891.751138433, 
Chromsome [1]: (814.033333333)-5.22449237899, -82.9317804885, 79133.8750099, 18.8272078651, 1463.27594489, 
Chromsome [2]: (808.966666667)5.42449237899, 38.473953396, 58236.5446712, 16.3372573496, 2214.03667176, 
Chromsome [3]: (800.466666667)4.6865947743, -82.9317804885, 79133.8750099, 1.02248427007, 704.213924109, 
Chromsome [4]: (800.0)5.42449237899, -82.9317804885, 79133.8750099, 18.8272078651, 1463.27594489, 
<------------ GEN 65--------------->
Chromsome [0]: (817.6)-6.12353974301, -86.3490151827, 21451.4319743, 0.920154039438, 891.751138433, 
Chromsome [1]: (789.566666667)5.42449237899, 13.6149876445, -21022.7397599, 8.21066860748, 2551.31992882, 
Chromsome [2]: (788.333333333)5.42449237899, -82.9317804885, 79133.8750099, 18.8272078651, 1463.27594489, 
Chromsome [3]: (788.133333333)5.42449237899, -69.9679900555, 79133.8750099, 10.5262627331, 2531.53478798, 
Chromsome [4]: (788.133333333)5.42449237899, -69.9679900555, 79133.8750099, 10.5262627331, 617.326866493, 
<------------ GEN 66--------------->
Chromsome [0]: (813.833333333)-6.12353974301, -86.3490151827, 21451.4319743, 0.920154039438, 891.751138433, 
Chromsome [1]: (789.2)5.42449237899, -69.9679900555, 33904.8179598, 11.4201263966, 1387.73753591, 
Chromsome [2]: (789.2)5.42449237899, -69.9679900555, 254802.187222, 10.5262627331, 2531.53478798, 
Chromsome [3]: (789.2)5.42449237899, 52.3395624887, 80081.7760836, 23.837305423, 2066.46943809, 
Chromsome [4]: (789.2)5.42449237899, -69.9679900555, 146209.479217, 10.5262627331, 1138.3131781, 
<------------ GEN 67--------------->
Chromsome [0]: (819.5)-2.19508440643, -86.3490151827, 135158.136356, 6.11419659162, 1584.03800846, 
Chromsome [1]: (819.5)-6.12353974301, -86.3490151827, 21451.4319743, 0.920154039438, 891.751138433, 
Chromsome [2]: (787.7)4.6865947743, 63.9919755841, 160398.736246, 17.5380395836, 2771.33191599, 
Chromsome [3]: (786.9)5.42449237899, -69.9679900555, 105197.812778, 30.1158394212, 1463.27594489, 
Chromsome [4]: (786.9)5.42449237899, -82.9317804885, 300932.404328, 10.4488454215, 2531.53478798, 
<------------ GEN 68--------------->
Chromsome [0]: (812.166666667)-2.19508440643, -86.3490151827, 135158.136356, 6.11419659162, 1584.03800846, 
Chromsome [1]: (774.433333333)4.6865947743, 63.9919755841, 160398.736246, 10.4488454215, 2531.53478798, 
Chromsome [2]: (774.433333333)4.6865947743, 63.9919755841, 160398.736246, 17.5380395836, 2771.33191599, 
Chromsome [3]: (773.5)5.42449237899, -82.9317804885, 59067.5956722, 17.5380395836, 1374.86241869, 
Chromsome [4]: (773.5)5.42449237899, -82.2354667448, 135158.136356, 6.11419659162, 1584.03800846, 
<------------ GEN 69--------------->
Chromsome [0]: (815.733333333)-2.19508440643, -86.3490151827, 135158.136356, 6.11419659162, 1584.03800846, 
Chromsome [1]: (777.8)4.6865947743, 63.9919755841, 160398.736246, 17.5380395836, 2603.20664273, 
Chromsome [2]: (777.8)4.6865947743, 63.9919755841, 160398.736246, 10.4488454215, 2531.53478798, 
Chromsome [3]: (776.866666667)5.42449237899, -69.9679900555, 105197.812778, 11.7627245612, 1138.3131781, 
Chromsome [4]: (776.866666667)5.42449237899, -82.2354667448, 135158.136356, 6.11419659162, 1584.03800846, 
<------------ GEN 70--------------->
Chromsome [0]: (788.8)-63.1827317398, 38.473953396, 52324.7843416, 17.4568496738, -707.024623573, 
Chromsome [1]: (788.8)-2.19508440643, -86.3490151827, 135158.136356, 6.11419659162, 1584.03800846, 
Chromsome [2]: (741.466666667)5.42449237899, -78.0996885211, 154371.620968, 3.22462168695, 2276.27906094, 
Chromsome [3]: (741.466666667)5.42449237899, 52.5392992597, 160398.736246, 4.65244176941, 2603.20664273, 
Chromsome [4]: (741.466666667)5.42449237899, -82.2354667448, 135158.136356, 29.8841605788, 1409.71216661, 
<------------ GEN 71--------------->
Chromsome [0]: (790.933333333)-41.8099727398, -86.3490151827, 21451.4319743, 15.6943645626, 2692.48284531, 
Chromsome [1]: (790.933333333)-63.1827317398, 38.473953396, 52324.7843416, 17.4568496738, -707.024623573, 
Chromsome [2]: (733.466666667)4.6865947743, 89.1170040891, 101189.937679, 14.461177537, 2214.03667176, 
Chromsome [3]: (733.466666667)4.6865947743, -60.2751666859, 160398.736246, 33.6633137547, 553.573253616, 
Chromsome [4]: (732.133333333)5.42449237899, -78.0996885211, 40304.4437963, 13.542833044, 2603.20664273, 
<------------ GEN 72--------------->
Chromsome [0]: (777.333333333)-76.922419892, 40.7224493529, 182796.535047, 24.5193507319, 2882.82351855, 
Chromsome [1]: (777.333333333)-72.0746837126, -78.0996885211, 177485.609343, 1.84016953422, 2594.09590858, 
Chromsome [2]: (777.333333333)-41.8099727398, -86.3490151827, 21451.4319743, 15.6943645626, 2692.48284531, 
Chromsome [3]: (700.1)4.6865947743, -60.2751666859, 69166.8832964, 17.2730028607, 2286.36676837, 
Chromsome [4]: (700.1)4.6865947743, -60.2751666859, 31633.2065917, 17.4568496738, 3436.86760865, 
<------------ GEN 73--------------->
Chromsome [0]: (776.433333333)-76.922419892, 40.7224493529, 182796.535047, 24.5193507319, 2882.82351855, 
Chromsome [1]: (678.7)4.6865947743, -60.2751666859, 27050.9994892, 6.90682002176, 1584.03800846, 
Chromsome [2]: (678.7)4.6865947743, -60.2751666859, 31633.2065917, 17.4568496738, 2771.33191599, 
Chromsome [3]: (678.7)4.6865947743, -82.7441140504, 66990.8620305, 15.6943645626, 2692.48284531, 
Chromsome [4]: (676.566666667)5.42449237899, -82.2354667448, 253624.21417, 28.8861506723, 539.476618796, 
<------------ GEN 74--------------->
Chromsome [0]: (781.1)-76.922419892, 40.7224493529, 182796.535047, 24.5193507319, 2882.82351855, 
Chromsome [1]: (679.833333333)4.6865947743, 74.595968029, 174879.559827, 16.1723853342, 734.384037485, 
Chromsome [2]: (679.833333333)4.6865947743, -82.7441140504, 31633.2065917, 17.4568496738, 2771.33191599, 
Chromsome [3]: (677.7)5.42449237899, 45.640079323, 111668.109961, 18.8272078651, 1707.02462357, 
Chromsome [4]: (677.7)5.42449237899, -57.9794081491, 122747.983737, 27.772923678, 2603.20664273, 
<------------ GEN 75--------------->
Chromsome [0]: (774.433333333)-76.922419892, 40.7224493529, 182796.535047, 24.5193507319, 2882.82351855, 
Chromsome [1]: (693.233333333)0.753438461933, 230.379376811, 174502.884223, 17.2730028607, 857.658717857, 
Chromsome [2]: (671.666666667)4.6865947743, -57.9794081491, 122747.983737, 27.772923678, 2603.20664273, 
Chromsome [3]: (671.666666667)4.6865947743, 74.595968029, 174879.559827, 24.5193507319, 2882.82351855, 
Chromsome [4]: (669.4)5.42449237899, 74.595968029, 174879.559827, 20.997470161, 734.384037485, 
<------------ GEN 76--------------->
Chromsome [0]: (779.433333333)-7.76169306379, 305.837087537, 122747.983737, 27.772923678, 2897.64316253, 
Chromsome [1]: (779.433333333)-76.922419892, 40.7224493529, 182796.535047, 24.5193507319, 2882.82351855, 
Chromsome [2]: (664.566666667)4.6865947743, -22.730418354, -39143.678087, 22.1375373128, 2971.80503563, 
Chromsome [3]: (654.533333333)5.42449237899, 67.7584144818, 106375.78583, 2.28806690707, 539.476618796, 
Chromsome [4]: (654.533333333)5.42449237899, 74.595968029, 174879.559827, 20.997470161, 734.384037485, 
<------------ GEN 77--------------->
Chromsome [0]: (761.7)-7.76169306379, 305.837087537, 122747.983737, 27.772923678, 2897.64316253, 
Chromsome [1]: (647.766666667)5.42449237899, 67.7584144818, 106375.78583, 2.28806690707, 2603.20664273, 
Chromsome [2]: (615.766666667)7.29767855315, -73.5573958725, 46360.6441719, 24.5193507319, 1457.7715377, 
Chromsome [3]: (615.733333333)10.111582861, 40.7224493529, 177203.464953, -21.4802166548, 2882.82351855, 
Chromsome [4]: (614.166666667)1.15426065883, 30.7413306163, 93620.2664229, 24.8998562394, 2563.13239135, 
<------------ GEN 78--------------->
Chromsome [0]: (761.4)-7.76169306379, 305.837087537, 122747.983737, 27.772923678, 2897.64316253, 
Chromsome [1]: (727.166666667)24.4500939845, 25.6290155414, 338.170897338, -28.3505139561, 2897.64316253, 
Chromsome [2]: (654.0)5.42449237899, -39.1461413913, 10762.0747106, 0.883662530159, 539.476618796, 
Chromsome [3]: (652.466666667)4.6865947743, -54.1629124629, 77689.9880936, 27.772923678, 2897.64316253, 
Chromsome [4]: (644.033333333)40.4586826781, -69.3791033401, -43886.2262906, 6.34859674349, 1065.54029293, 
<------------ GEN 79--------------->
Chromsome [0]: (767.266666667)-68.9801408658, -54.1629124629, 110970.274638, 16.7731678033, 1737.66738991, 
Chromsome [1]: (767.266666667)-7.76169306379, 305.837087537, 122747.983737, 27.772923678, 2897.64316253, 
Chromsome [2]: (681.366666667)5.42449237899, -39.1461413913, 17269.3765818, 23.5589872612, 1464.93872231, 
Chromsome [3]: (681.366666667)5.42449237899, 52.211558284, 31785.5652056, 6.94373975985, 2307.91385581, 
Chromsome [4]: (679.866666667)4.6865947743, -54.1629124629, 77689.9880936, 27.772923678, 2311.17687669, 
<------------ GEN 80--------------->
Chromsome [0]: (780.833333333)-68.9801408658, -54.1629124629, 110970.274638, 16.7731678033, 1737.66738991, 
Chromsome [1]: (703.0)5.42449237899, 52.211558284, 31785.5652056, 6.94373975985, 2307.91385581, 
Chromsome [2]: (701.7)4.6865947743, -54.1629124629, 43456.4006255, 13.8190657894, 2311.17687669, 
Chromsome [3]: (701.7)4.6865947743, -54.1629124629, 77689.9880936, 20.5292152504, 2897.64316253, 
Chromsome [4]: (696.5)7.96169306379, -43.9458573445, 120431.282586, 17.1285065216, 2609.45772783, 
<------------ GEN 81--------------->
Chromsome [0]: (779.233333333)-68.9801408658, -54.1629124629, 110970.274638, 16.7731678033, 1737.66738991, 
Chromsome [1]: (698.8)5.42449237899, 52.211558284, 31785.5652056, 6.94373975985, 2307.91385581, 
Chromsome [2]: (697.6)4.6865947743, -54.1629124629, 77689.9880936, 20.5292152504, 2897.64316253, 
Chromsome [3]: (697.6)4.6865947743, -54.1629124629, 43456.4006255, 13.8190657894, 2311.17687669, 
Chromsome [4]: (687.566666667)7.96169306379, -43.9458573445, 120431.282586, 17.1285065216, 1473.05122793, 
<------------ GEN 82--------------->
Chromsome [0]: (782.866666667)-131.170041883, -71.1608642969, 16254.8708793, 6.11419659162, 2285.86007221, 
Chromsome [1]: (782.866666667)-4.33987385228, 60.1678108475, 34821.4153725, 25.6192379605, 1212.42476311, 
Chromsome [2]: (782.866666667)-68.9801408658, -54.1629124629, 110970.274638, 16.7731678033, 1737.66738991, 
Chromsome [3]: (691.233333333)5.42449237899, 52.211558284, 31785.5652056, 6.94373975985, 2307.91385581, 
Chromsome [4]: (689.733333333)4.6865947743, -54.1629124629, 43456.4006255, 13.8190657894, 2311.17687669, 
<------------ GEN 83--------------->
Chromsome [0]: (770.1)-131.170041883, -71.1608642969, 16254.8708793, 6.11419659162, 2285.86007221, 
Chromsome [1]: (691.8)4.53987385228, 60.1678108475, 34821.4153725, 25.6192379605, 601.250702253, 
Chromsome [2]: (690.8)5.42449237899, 52.211558284, 31785.5652056, 6.94373975985, 2307.91385581, 
Chromsome [3]: (689.3)4.6865947743, -54.1629124629, 43456.4006255, 13.8190657894, -3576.98626719, 
Chromsome [4]: (679.8)6.31877901348, 98.1132000754, 122438.045944, 16.4140249936, 2529.44579872, 
<------------ GEN 84--------------->
Chromsome [0]: (782.0)-131.170041883, -71.1608642969, 16254.8708793, 6.11419659162, 2285.86007221, 
Chromsome [1]: (715.1)4.53987385228, 60.1678108475, 312899.450534, 25.6192379605, 601.250702253, 
Chromsome [2]: (714.366666667)5.42449237899, 52.211558284, 31785.5652056, 6.94373975985, 2054.8676429, 
Chromsome [3]: (711.433333333)1.15426065883, 82.5198006835, 89389.3601639, 27.772923678, 2863.47461953, 
Chromsome [4]: (711.066666667)4.6865947743, 52.2061057598, 110970.274638, 2.51620095608, 2765.00315711, 
<------------ GEN 85--------------->
Chromsome [0]: (780.366666667)-131.170041883, -71.1608642969, 16254.8708793, 6.11419659162, 2285.86007221, 
Chromsome [1]: (724.333333333)4.53987385228, -80.780080673, 47100.5494658, 25.6192379605, 2311.17687669, 
Chromsome [2]: (722.666666667)5.42449237899, 52.211558284, 16254.8708793, 17.173192386, 1212.42476311, 
Chromsome [3]: (719.0)7.29767855315, -43.915475607, 123286.480492, 24.3361708603, 1857.92381625, 
Chromsome [4]: (719.0)6.31877901348, 81.8867999246, 122438.045944, 4.17496939193, 2529.44579872, 
<------------ GEN 86--------------->
Chromsome [0]: (789.633333333)-131.170041883, -71.1608642969, 16254.8708793, 6.11419659162, 2285.86007221, 
Chromsome [1]: (739.733333333)4.53987385228, 127.750046219, 47100.5494658, 26.5911211567, 2311.17687669, 
Chromsome [2]: (739.733333333)4.53987385228, 69.8866711204, 61069.3928894, 25.2781161479, 1212.42476311, 
Chromsome [3]: (738.233333333)5.42449237899, -80.780080673, 47100.5494658, 6.21629599167, 2311.17687669, 
Chromsome [4]: (737.333333333)6.11632747094, -35.9141113462, 31598.9624357, 4.11749773284, 2285.86007221, 
<------------ GEN 87--------------->
Chromsome [0]: (780.466666667)-131.170041883, -71.1608642969, 16254.8708793, 6.11419659162, 2285.86007221, 
Chromsome [1]: (737.033333333)4.53987385228, 69.8866711204, 61069.3928894, 25.2781161479, 2285.86007221, 
Chromsome [2]: (735.466666667)5.42449237899, 81.1951239136, 122438.045944, 6.94373975985, 2054.8676429, 
Chromsome [3]: (735.466666667)5.42449237899, -80.780080673, 47100.5494658, 6.21629599167, 1635.81589432, 
Chromsome [4]: (727.733333333)7.29767855315, -35.9141113462, 31598.9624357, 4.11749773284, 2285.86007221, 
<------------ GEN 88--------------->
Chromsome [0]: (798.366666667)-83.3497877516, -35.9141113462, 31598.9624357, 4.11749773284, 2239.73524845, 
Chromsome [1]: (798.366666667)-131.170041883, -71.1608642969, 16254.8708793, 6.11419659162, 2285.86007221, 
Chromsome [2]: (745.033333333)4.53987385228, 69.8866711204, 61069.3928894, 12.2033311641, 1816.48793385, 
Chromsome [3]: (743.533333333)5.42449237899, 81.1951239136, 21685.7855514, 21.6046492491, 1938.73768771, 
Chromsome [4]: (743.533333333)5.42449237899, -80.780080673, 47100.5494658, 6.21629599167, 1635.81589432, 
<------------ GEN 89--------------->
Chromsome [0]: (804.566666667)-16.3346001259, -71.1608642969, 16254.8708793, 21.3879874526, 1857.92381625, 
Chromsome [1]: (804.566666667)-83.3497877516, -35.9141113462, 31598.9624357, 4.11749773284, 2239.73524845, 
Chromsome [2]: (721.1)5.23010426644, -66.4163142432, 93430.7433195, 19.7397042389, 2529.44579872, 
Chromsome [3]: (720.766666667)5.42449237899, -39.0128580066, 47100.5494658, 26.5911211567, 2008.3434056, 
Chromsome [4]: (720.7)5.42449237899, -80.780080673, 100123.986919, 26.6294250291, 1936.77608689, 
<------------ GEN 90--------------->
Chromsome [0]: (799.533333333)-16.3346001259, -71.1608642969, 16254.8708793, 21.3879874526, 1857.92381625, 
Chromsome [1]: (731.5)5.23010426644, -66.4163142432, 46496.5411407, 19.7397042389, 2529.44579872, 
Chromsome [2]: (731.166666667)5.42449237899, -39.0128580066, 47100.5494658, 26.5911211567, 1497.09686824, 
Chromsome [3]: (731.166666667)5.42449237899, -80.780080673, 100123.986919, 26.6294250291, 1936.77608689, 
Chromsome [4]: (731.166666667)5.42449237899, -80.780080673, 100123.986919, 26.6294250291, 1936.77608689, 
<------------ GEN 91--------------->
Chromsome [0]: (801.733333333)-6.41833348703, 69.8866711204, 61069.3928894, 12.2033311641, 2863.47461953, 
Chromsome [1]: (801.733333333)-16.3346001259, -71.1608642969, 16254.8708793, 21.3879874526, 1857.92381625, 
Chromsome [2]: (719.5)5.42449237899, 38.9130024688, 175482.641945, 26.5911211567, 1497.09686824, 
Chromsome [3]: (719.5)5.42449237899, -39.0128580066, 163311.485641, 43.76986434, 1671.67080762, 
Chromsome [4]: (719.433333333)5.42449237899, -80.780080673, 100123.986919, 26.6294250291, 1936.77608689, 
<------------ GEN 92--------------->
Chromsome [0]: (788.733333333)-36.0249077219, -35.9141113462, 63641.8867685, 8.05209963067, 1193.26152818, 
Chromsome [1]: (788.733333333)-6.41833348703, 69.8866711204, 61069.3928894, 12.2033311641, 2863.47461953, 
Chromsome [2]: (692.133333333)5.42449237899, -107.120257539, 36688.1967783, 3.3008458864, 3613.47399083, 
Chromsome [3]: (692.133333333)5.42449237899, -80.780080673, 46496.5411407, 22.066282441, 1798.10552872, 
Chromsome [4]: (692.133333333)5.42449237899, -174.218570994, 16254.8708793, 22.3381038028, 2008.3434056, 
<------------ GEN 93--------------->
Chromsome [0]: (797.833333333)-36.0249077219, -35.9141113462, 63641.8867685, 8.05209963067, 1193.26152818, 
Chromsome [1]: (683.866666667)4.27354653797, 84.4295654076, 19478.311367, 6.11419659162, 550.360870427, 
Chromsome [2]: (680.466666667)5.42449237899, -54.0830708006, 37000.3259753, 22.066282441, 2529.44579872, 
Chromsome [3]: (680.466666667)5.42449237899, -72.8797424614, 11743.2546137, 22.8852392127, 2386.52600917, 
Chromsome [4]: (677.066666667)6.05874354233, -71.1608642969, 144332.109346, 29.3170339537, 1710.36291849, 
<------------ GEN 94--------------->
Chromsome [0]: (796.2)-28.3382425765, 75.2791275232, 164957.272489, 24.3679412837, 2699.57727289, 
Chromsome [1]: (796.2)-36.0249077219, -35.9141113462, 63641.8867685, 8.05209963067, 1193.26152818, 
Chromsome [2]: (657.233333333)2.28068964046, -170.15001213, 14682.74621, 1.38383511937, 1988.10826018, 
Chromsome [3]: (655.933333333)4.27354653797, 84.4295654076, 19478.311367, 6.11419659162, 2239.73524845, 
Chromsome [4]: (652.766666667)5.42449237899, -72.8797424614, 11743.2546137, 28.2813289756, 2386.52600917, 
<------------ GEN 95--------------->
Chromsome [0]: (807.566666667)-28.3382425765, 75.2791275232, 164957.272489, 24.3679412837, 2699.57727289, 
Chromsome [1]: (717.933333333)6.05874354233, 31.6471083525, 55385.8077879, 2.68903622169, 1497.09686824, 
Chromsome [2]: (710.166666667)5.42449237899, -54.0830708006, 46368.6977076, 8.05209963067, 1193.26152818, 
Chromsome [3]: (704.033333333)4.27354653797, 84.4295654076, 19478.311367, 17.3479893424, 2863.47461953, 
Chromsome [4]: (702.633333333)6.61833348703, -35.9141113462, 104488.431746, 29.3170339537, 1710.36291849, 
<------------ GEN 96--------------->
Chromsome [0]: (824.666666667)-4.68057334287, 42.0510108918, 42782.1561088, 23.2316243597, 1193.26152818, 
Chromsome [1]: (824.666666667)-28.3382425765, 75.2791275232, 164957.272489, 24.3679412837, 2699.57727289, 
Chromsome [2]: (737.2)5.42449237899, -80.780080673, 171172.595323, 15.9357591823, 1132.22101357, 
Chromsome [3]: (736.033333333)4.27354653797, 84.4295654076, 19478.311367, 28.6199291898, 1674.19477706, 
Chromsome [4]: (734.7)6.61833348703, 78.1829637824, 40732.9450811, 3.24897786848, 1988.10826018, 
<------------ GEN 97--------------->
Chromsome [0]: (823.933333333)-4.68057334287, 42.0510108918, 42782.1561088, 23.2316243597, 1193.26152818, 
Chromsome [1]: (742.866666667)4.27354653797, 84.4295654076, 19478.311367, 25.9302359922, 1674.19477706, 
Chromsome [2]: (728.2)5.42449237899, -80.780080673, 171172.595323, 21.477604591, 1132.22101357, 
Chromsome [3]: (727.2)2.28068964046, 83.3329074155, 121707.826551, 19.6251124923, 2276.57840304, 
Chromsome [4]: (723.533333333)5.42449237899, -89.9881459888, 171172.595323, 15.9357591823, 1132.22101357, 
<------------ GEN 98--------------->
Chromsome [0]: (799.4)-4.68057334287, 42.0510108918, 42782.1561088, 23.2316243597, 1193.26152818, 
Chromsome [1]: (704.433333333)4.27354653797, 65.7403873699, 31792.5023944, 22.7723276025, 978.992987722, 
Chromsome [2]: (700.766666667)4.27354653797, 84.4295654076, 19478.311367, 25.9302359922, 1674.19477706, 
Chromsome [3]: (700.366666667)5.42449237899, 63.5657286744, 64191.9671452, 2.56202303916, 506.662511947, 
Chromsome [4]: (694.933333333)5.42449237899, -59.5593666319, 106170.607233, 8.05209963067, 1193.26152818, 
<------------ GEN 99--------------->
Chromsome [0]: (799.2)-4.68057334287, 42.0510108918, 42782.1561088, 23.2316243597, 1193.26152818, 
Chromsome [1]: (728.166666667)4.27354653797, 65.7403873699, 31792.5023944, 22.7723276025, 978.992987722, 
Chromsome [2]: (723.8)2.28068964046, -63.4746009306, 43025.1687597, 0.126581863715, 1922.0894485, 
Chromsome [3]: (721.8)2.28068964046, 15.4304811657, 84574.2679758, 4.80972562781, 2901.22066668, 
Chromsome [4]: (718.666666667)2.28068964046, -27.2804284618, 136984.350658, 15.9057029562, 2875.41991085, 
<------------ GEN 100--------------->
Chromsome [0]: (790.166666667)-4.68057334287, 42.0510108918, 42782.1561088, 23.2316243597, 1193.26152818, 
Chromsome [1]: (720.633333333)4.27354653797, 65.7403873699, 31792.5023944, 22.7723276025, 978.992987722, 
Chromsome [2]: (709.1)5.42449237899, 63.5657286744, 50766.2659643, 19.7466878389, 2942.60030964, 
Chromsome [3]: (708.633333333)4.88057334287, -89.9881459888, 171172.595323, 16.4099465684, 1132.22101357, 
Chromsome [4]: (708.433333333)4.88057334287, -216.98933086, 127898.360576, 23.2316243597, 1509.11569396, 
