<------------ GEN 1--------------->
Chromsome [0]: (800.633333333)1.97655432256, 76.5568983515, 3963.67343459, 12.3135587696, 2291.88900906, 
Chromsome [1]: (783.9)5.33631146733, 43.0723830479, 59091.6696693, 29.9290659227, 2640.20312194, 
Chromsome [2]: (716.333333333)14.317009455, -66.348343738, 39836.0614568, 3.65347356884, 690.238393222, 
Chromsome [3]: (705.866666667)17.4852356646, 84.4733848684, 70614.22201, 12.4639716119, 2126.98165474, 
Chromsome [4]: (586.9)91.1247074116, 22.7685196392, 28789.9776827, 5.7878757816, 1500.96132128, 
<------------ GEN 2--------------->
Chromsome [0]: (779.766666667)1.97655432256, 24.5939126739, 48224.1486757, 11.6360914926, 947.22295425, 
Chromsome [1]: (779.266666667)1.97655432256, 76.5568983515, 3963.67343459, 12.3135587696, 2291.88900906, 
Chromsome [2]: (727.466666667)5.33631146733, 37.5647187494, 143058.629086, 19.9118356466, 2767.46847878, 
Chromsome [3]: (718.266666667)17.4852356646, 84.4733848684, -4801.33276086, 24.964111347, 2638.41657768, 
Chromsome [4]: (649.433333333)21.2850329444, 40.2195023202, 59091.6696693, 29.9290659227, 2640.20312194, 
<------------ GEN 3--------------->
Chromsome [0]: (762.633333333)1.97655432256, 24.5939126739, 48224.1486757, 11.6360914926, 947.22295425, 
Chromsome [1]: (762.633333333)1.97655432256, 24.5939126739, 48224.1486757, 11.6360914926, 947.22295425, 
Chromsome [2]: (761.266666667)1.97655432256, 29.5793501755, 3963.67343459, 12.3135587696, 519.76960389, 
Chromsome [3]: (754.0)1.97655432256, -17.3334970611, 156666.049305, 5.37371850748, 2126.98165474, 
Chromsome [4]: (713.866666667)5.33631146733, 85.9750270126, 143058.629086, 19.9118356466, 2767.46847878, 
<------------ GEN 4--------------->
Chromsome [0]: (738.733333333)1.97655432256, 24.5939126739, 48224.1486757, 11.6360914926, 543.122788274, 
Chromsome [1]: (738.733333333)1.97655432256, 24.5939126739, 48224.1486757, 11.6360914926, 947.22295425, 
Chromsome [2]: (737.666666667)1.97655432256, 29.5793501755, 200612.955242, 12.3135587696, 519.76960389, 
Chromsome [3]: (737.666666667)1.97655432256, 24.5939126739, 161000.348078, 3.15706127891, 1164.03884339, 
Chromsome [4]: (733.366666667)1.97655432256, -17.3334970611, 165578.573856, 5.37371850748, 2126.98165474, 
<------------ GEN 5--------------->
Chromsome [0]: (745.266666667)1.97655432256, 24.5939126739, 48224.1486757, 11.6360914926, 543.122788274, 
Chromsome [1]: (742.466666667)1.97655432256, 24.5939126739, 70614.22201, 18.6069636339, 1297.68946872, 
Chromsome [2]: (742.466666667)1.97655432256, 24.5939126739, 48224.1486757, 18.2993402424, 1276.77805815, 
Chromsome [3]: (736.866666667)1.97655432256, -17.3334970611, 165578.573856, 3.7459048651, 2512.63541469, 
Chromsome [4]: (736.866666667)1.97655432256, -17.3334970611, 165578.573856, 12.3135587696, 1337.1848748, 
<------------ GEN 6--------------->
Chromsome [0]: (803.4)-15.8968704373, -53.1214457549, 175905.378692, 3.65347356884, 563.499811621, 
Chromsome [1]: (726.566666667)1.97655432256, 24.5939126739, 48224.1486757, 11.6360914926, 543.122788274, 
Chromsome [2]: (726.566666667)1.97655432256, 24.5939126739, 70614.22201, 18.6069636339, 1297.68946872, 
Chromsome [3]: (726.566666667)1.97655432256, 24.5939126739, 48224.1486757, 26.5410791107, 2062.50456561, 
Chromsome [4]: (726.566666667)1.97655432256, 24.5939126739, 48224.1486757, 11.6360914926, 543.122788274, 
<------------ GEN 7--------------->
Chromsome [0]: (818.2)-15.8968704373, -53.1214457549, 175905.378692, 3.65347356884, 563.499811621, 
Chromsome [1]: (734.666666667)1.97655432256, -17.3334970611, 31634.6014391, 8.18843475306, 2767.46847878, 
Chromsome [2]: (733.4)1.97655432256, 27.6147916383, 165578.573856, 18.2993402424, 1276.77805815, 
Chromsome [3]: (733.4)1.97655432256, 24.5939126739, 48224.1486757, 28.6569129566, 2126.98165474, 
Chromsome [4]: (733.4)1.97655432256, 24.5939126739, 48224.1486757, 26.5410791107, 2537.96011259, 
<------------ GEN 8--------------->
Chromsome [0]: (808.566666667)-15.8968704373, -53.1214457549, 175905.378692, 3.65347356884, 563.499811621, 
Chromsome [1]: (691.233333333)1.97655432256, 24.5939126739, 48224.1486757, 26.5410791107, 2990.98979122, 
Chromsome [2]: (691.233333333)1.97655432256, 27.6147916383, 165578.573856, 18.2993402424, 1276.77805815, 
Chromsome [3]: (691.233333333)1.97655432256, 27.6147916383, 165578.573856, 10.6558019161, 2127.17496015, 
Chromsome [4]: (691.233333333)1.97655432256, 22.3829981351, 48224.1486757, 28.6569129566, 2126.98165474, 
<------------ GEN 9--------------->
Chromsome [0]: (773.466666667)-15.8968704373, -53.1214457549, 175905.378692, 3.65347356884, 563.499811621, 
Chromsome [1]: (667.666666667)1.97655432256, -162.420373043, 165578.573856, 18.2993402424, 1276.77805815, 
Chromsome [2]: (667.066666667)6.4042799496, 75.2225088236, 63684.0573029, 11.6360914926, 6973.41706631, 
Chromsome [3]: (654.633333333)1.6223047608, -53.1214457549, 175905.378692, 3.65347356884, 563.499811621, 
Chromsome [4]: (653.366666667)1.97655432256, -34.8156395203, 134645.791889, 18.2993402424, 1276.77805815, 
<------------ GEN 10--------------->
Chromsome [0]: (779.7)-8.05805890604, 53.3811475505, 88345.1589676, 18.2993402424, 1276.77805815, 
Chromsome [1]: (779.7)-15.8968704373, -53.1214457549, 175905.378692, 3.65347356884, 563.499811621, 
Chromsome [2]: (670.966666667)1.6223047608, 156.215520732, 175905.378692, 3.65347356884, 1512.84771435, 
Chromsome [3]: (663.6)5.33631146733, 38.5716962437, 48224.1486757, 28.6569129566, 2560.16595249, 
Chromsome [4]: (659.766666667)1.97655432256, 0.355259008436, 48224.1486757, 11.6360914926, 2163.1307679, 
<------------ GEN 11--------------->
Chromsome [0]: (778.933333333)-8.05805890604, 53.3811475505, 88345.1589676, 18.2993402424, 1276.77805815, 
Chromsome [1]: (655.966666667)5.51458174696, 38.5716962437, 48224.1486757, 28.6569129566, 2560.16595249, 
Chromsome [2]: (642.166666667)1.97655432256, 18.9732838611, 2599.3099697, 3.65347356884, 563.499811621, 
Chromsome [3]: (639.4)1.97655432256, -7.4392565478, 47313.4634001, 8.01964549035, 2126.98165474, 
Chromsome [4]: (638.4)1.97655432256, -53.1214457549, 5124.96480938, 2.92452601317, 563.499811621, 
<------------ GEN 12--------------->
Chromsome [0]: (787.4)-15.482340369, 34.0083601197, 175905.378692, 3.65347356884, 662.428208933, 
Chromsome [1]: (787.4)-8.05805890604, 53.3811475505, 88345.1589676, 18.2993402424, 1276.77805815, 
Chromsome [2]: (659.466666667)5.51458174696, 53.3811475505, 103509.243016, 18.2993402424, 1276.77805815, 
Chromsome [3]: (647.733333333)8.25805890604, 53.3811475505, 113796.968135, 18.2993402424, 563.499811621, 
Chromsome [4]: (643.9)10.1027855226, -15.8026804162, 5124.96480938, 2.92452601317, 563.499811621, 
<------------ GEN 13--------------->
Chromsome [0]: (790.633333333)-15.482340369, 34.0083601197, 175905.378692, 3.65347356884, 662.428208933, 
Chromsome [1]: (649.766666667)5.51458174696, 53.3811475505, 103509.243016, 18.2993402424, 1276.77805815, 
Chromsome [2]: (636.633333333)8.25805890604, 53.3811475505, 113796.968135, 5.76628525327, 1674.03279746, 
Chromsome [3]: (636.633333333)8.25805890604, 53.3811475505, 140261.890834, 18.2993402424, 1276.77805815, 
Chromsome [4]: (623.2)1.97655432256, 38.0023590653, 45697.5490907, 3.15706127891, 2977.95682129, 
<------------ GEN 14--------------->
Chromsome [0]: (782.166666667)-119.51406845, 38.5716962437, -182930.952506, 27.716508448, 563.499811621, 
Chromsome [1]: (782.166666667)-15.482340369, 34.0083601197, 175905.378692, 3.65347356884, 662.428208933, 
Chromsome [2]: (646.233333333)5.51458174696, 53.3811475505, 103509.243016, 18.2993402424, 1276.77805815, 
Chromsome [3]: (640.4)7.43970116214, -29.5343822109, 59202.3655902, 18.2993402424, 1276.77805815, 
Chromsome [4]: (632.333333333)8.25805890604, 53.3811475505, 113796.968135, 5.76628525327, 957.448501195, 
<------------ GEN 15--------------->
Chromsome [0]: (776.6)-17.9227926288, 40.6416157479, 66598.8473154, 29.3421014752, 989.961375323, 
Chromsome [1]: (776.6)-119.51406845, 38.5716962437, -182930.952506, 27.716508448, 563.499811621, 
Chromsome [2]: (652.533333333)5.51458174696, 44.8730330755, 175905.378692, 3.65347356884, 881.36592488, 
Chromsome [3]: (651.033333333)7.43970116214, 38.0023590653, 45697.5490907, 13.6476712588, 2977.95682129, 
Chromsome [4]: (646.6)8.25805890604, -44.1659005678, 134645.791889, 20.5081647565, 989.961375323, 
<------------ GEN 16--------------->
Chromsome [0]: (769.4)-17.9227926288, 40.6416157479, 66598.8473154, 29.3421014752, 989.961375323, 
Chromsome [1]: (651.566666667)5.51458174696, 44.8730330755, 63684.0573029, 11.6360914926, 2007.62226489, 
Chromsome [2]: (637.366666667)8.25805890604, -44.1659005678, 16090.9553419, 27.716508448, 563.499811621, 
Chromsome [3]: (635.6)8.25805890604, 53.3811475505, 11532.6274625, 18.2993402424, 1276.77805815, 
Chromsome [4]: (621.1)1.97655432256, 18.9732838611, 16936.0823615, 27.716508448, 563.499811621, 
<------------ GEN 17--------------->
Chromsome [0]: (774.866666667)-3.13379346775, 45.0532446814, 119585.419161, 45.066601037, 2450.98846636, 
Chromsome [1]: (774.866666667)-28.0295982276, 66.4171978595, 45943.6646241, 11.758043763, 7271.69698569, 
Chromsome [2]: (774.866666667)-17.9227926288, 40.6416157479, 66598.8473154, 29.3421014752, 989.961375323, 
Chromsome [3]: (667.833333333)3.3959086167, -100.117624107, 56728.7555761, 18.2993402424, 2403.11989296, 
Chromsome [4]: (663.366666667)5.51458174696, 44.8730330755, 66598.8473154, 29.3421014752, -965.149029243, 
<------------ GEN 18--------------->
Chromsome [0]: (774.233333333)-12.0882378879, 38.5716962437, 16090.9553419, 18.2993402424, -2195.10035781, 
Chromsome [1]: (774.233333333)-1.95076746066, 38.0023590653, 151259.974393, 27.716508448, 1083.57249784, 
Chromsome [2]: (774.233333333)-3.13379346775, 45.0532446814, 119585.419161, 45.066601037, 2450.98846636, 
Chromsome [3]: (638.366666667)5.51458174696, 44.8730330755, 66598.8473154, 29.3421014752, 1305.54304812, 
Chromsome [4]: (636.7)3.3959086167, -79.8823758926, 56728.7555761, 18.2993402424, 2371.25242986, 
<------------ GEN 19--------------->
Chromsome [0]: (799.7)-12.0882378879, 38.5716962437, 16090.9553419, 18.2993402424, -2195.10035781, 
Chromsome [1]: (680.866666667)8.25805890604, -44.1659005678, 100573.586314, 28.3962579904, 1023.19361379, 
Chromsome [2]: (679.666666667)5.51458174696, 57.0595553405, 120074.258961, 1.13019240142, 2977.95682129, 
Chromsome [3]: (675.7)15.682340369, -21.4604992163, 5124.96480938, -31.5259817644, 1515.74052693, 
Chromsome [4]: (669.9)8.25805890604, 53.3811475505, 119585.419161, 14.933398963, 2450.98846636, 
<------------ GEN 20--------------->
Chromsome [0]: (766.133333333)-12.0882378879, 38.5716962437, 16090.9553419, 18.2993402424, -2195.10035781, 
Chromsome [1]: (693.4)1.97655432256, 38.5716962437, 16090.9553419, -7.36514625966, 3195.10035781, 
Chromsome [2]: (675.566666667)4.2497724266, -77.3152536294, 69792.51222, 5.76628525327, 989.961375323, 
Chromsome [3]: (656.166666667)1.97655432256, -46.3996692732, 28275.8590837, 4.35577050724, 1507.40006253, 
Chromsome [4]: (650.933333333)6.83169942395, 53.3811475505, 16936.0823615, 12.1182414528, 563.499811621, 
<------------ GEN 21--------------->
Chromsome [0]: (786.233333333)-12.0882378879, 38.5716962437, 16090.9553419, 18.2993402424, -2195.10035781, 
Chromsome [1]: (683.3)4.2497724266, 87.5134475579, 69792.51222, 5.76628525327, 989.961375323, 
Chromsome [2]: (673.066666667)1.97655432256, 43.0375887001, 16090.9553419, 7.36514625966, 1772.23004738, 
Chromsome [3]: (671.633333333)6.83169942395, 53.3811475505, 16936.0823615, 12.1182414528, 563.499811621, 
Chromsome [4]: (670.266666667)1.97655432256, -46.3996692732, 28275.8590837, 4.35577050724, 2953.88456397, 
<------------ GEN 22--------------->
Chromsome [0]: (798.733333333)-61.4167254581, -29.5343822109, 129854.544384, 8.85444666087, 1324.58791004, 
Chromsome [1]: (798.733333333)-12.0882378879, 38.5716962437, 16090.9553419, 18.2993402424, -2195.10035781, 
Chromsome [2]: (695.433333333)2.06107168741, 38.5716962437, 1898.76160878, 28.4740182356, 1753.55917954, 
Chromsome [3]: (684.733333333)12.2882378879, -27.1081716753, 16090.9553419, 18.2993402424, 3195.10035781, 
Chromsome [4]: (684.666666667)12.2882378879, 38.5716962437, 36249.8923039, 7.24994653285, 1430.39334562, 
<------------ GEN 23--------------->
Chromsome [0]: (786.6)-61.4167254581, -29.5343822109, 129854.544384, 8.85444666087, 1324.58791004, 
Chromsome [1]: (674.2)2.06107168741, -53.6788566173, 1898.76160878, 28.4740182356, 1753.55917954, 
Chromsome [2]: (668.466666667)10.700721708, 38.5716962437, 16090.9553419, 18.2993402424, 3195.10035781, 
Chromsome [3]: (661.633333333)1.97655432256, 35.9532730079, 68465.9250965, 1.21296243228, 563.534998711, 
Chromsome [4]: (659.4)9.85793772999, 47.5962586667, 85712.406969, 7.36514625966, 1772.23004738, 
<------------ GEN 24--------------->
Chromsome [0]: (809.033333333)-61.4167254581, -29.5343822109, 129854.544384, 8.85444666087, 1324.58791004, 
Chromsome [1]: (725.0)1.97655432256, 35.9532730079, 68465.9250965, 1.21296243228, 563.534998711, 
Chromsome [2]: (725.0)1.97655432256, 35.9532730079, 68465.9250965, 6.17587549945, 2804.89964219, 
Chromsome [3]: (722.2)1.97655432256, -46.3996692732, 53651.0039767, 4.78707521162, 564.499707776, 
Chromsome [4]: (712.733333333)1.97655432256, -74.6529866173, 86007.2788651, 18.9308366613, 1872.59175716, 
<------------ GEN 25--------------->
Chromsome [0]: (787.233333333)-153.486888712, 14.3760229209, 102362.204317, 0.0119826067241, 2674.64799435, 
Chromsome [1]: (787.233333333)-105.052095481, 25.1008263939, 241430.871326, 5.32444813595, 3083.21603541, 
Chromsome [2]: (787.233333333)-61.4167254581, -29.5343822109, 129854.544384, 8.85444666087, 1324.58791004, 
Chromsome [3]: (707.4)1.97655432256, -46.3996692732, 53651.0039767, 4.78707521162, 564.499707776, 
Chromsome [4]: (706.0)2.06107168741, -19.6503531643, 52415.1828268, 28.3962579904, 1091.51952971, 
<------------ GEN 26--------------->
Chromsome [0]: (797.033333333)-153.486888712, 14.3760229209, 102362.204317, 0.0119826067241, 2674.64799435, 
Chromsome [1]: (750.433333333)1.97655432256, 35.9532730079, -66519.7969405, 4.43548811759, 2804.89964219, 
Chromsome [2]: (745.5)1.46166054054, 35.9532730079, 165934.245406, 1.21296243228, 2399.00121478, 
Chromsome [3]: (734.033333333)6.83169942395, 25.1008263939, 118569.128674, 5.32444813595, 2855.85633109, 
Chromsome [4]: (726.433333333)1.97655432256, -46.3996692732, 53651.0039767, 4.78707521162, 564.499707776, 
<------------ GEN 27--------------->
Chromsome [0]: (800.5)-92.6730496186, 68.9309732047, 155244.697852, 25.0761423058, 1651.34974689, 
Chromsome [1]: (800.5)-153.486888712, 14.3760229209, 102362.204317, 0.0119826067241, 2674.64799435, 
Chromsome [2]: (757.5)1.46166054054, 25.1008263939, 94050.8450022, 5.32444813595, 2855.85633109, 
Chromsome [3]: (742.966666667)6.83169942395, 35.9532730079, 122260.555714, 1.21296243228, 2399.00121478, 
Chromsome [4]: (742.966666667)6.66719655041, 35.9532730079, 66519.7969405, 4.43548811759, 2804.89964219, 
<------------ GEN 28--------------->
Chromsome [0]: (801.733333333)-92.6730496186, 68.9309732047, 155244.697852, 25.0761423058, 1651.34974689, 
Chromsome [1]: (764.2)4.61071227666, -79.2195493289, 161441.108326, 6.54889422941, 2399.00121478, 
Chromsome [2]: (738.266666667)6.66719655041, 35.9532730079, 66519.7969405, 4.43548811759, 2804.89964219, 
Chromsome [3]: (738.266666667)6.66719655041, 35.9532730079, 44545.0946599, 0.0541244701118, 1587.42367079, 
Chromsome [4]: (738.233333333)6.83169942395, 35.9532730079, 58844.252975, 24.8681019552, 1461.92285608, 
<------------ GEN 29--------------->
Chromsome [0]: (799.766666667)-171.637846117, 68.9309732047, 155244.697852, 24.9910644618, 1714.48718093, 
Chromsome [1]: (799.766666667)-92.6730496186, 68.9309732047, 155244.697852, 25.0761423058, 1651.34974689, 
Chromsome [2]: (753.633333333)1.46166054054, 25.1008263939, 33387.7116532, 5.32444813595, 2860.1420877, 
Chromsome [3]: (746.566666667)1.97655432256, 62.7635330364, 134645.791889, 0.0119826067241, 2674.64799435, 
Chromsome [4]: (730.433333333)6.83169942395, 35.9532730079, 26688.9528943, 29.0697867012, 2775.21070108, 
<------------ GEN 30--------------->
Chromsome [0]: (815.0)-171.637846117, 68.9309732047, 155244.697852, 24.9910644618, 1714.48718093, 
Chromsome [1]: (765.733333333)1.97655432256, -122.288824228, 134645.791889, 34.655775117, 1880.89267913, 
Chromsome [2]: (749.833333333)5.68858582666, -29.5343822109, 147735.814137, -17.6335532738, 934.771552551, 
Chromsome [3]: (744.533333333)6.83169942395, -66.6836871815, 26688.9528943, 29.0697867012, 1772.23004738, 
Chromsome [4]: (727.9)7.02166418572, 35.9532730079, 58844.252975, 24.8681019552, 1461.92285608, 
<------------ GEN 31--------------->
Chromsome [0]: (801.0)-171.637846117, 68.9309732047, 155244.697852, 24.9910644618, 1714.48718093, 
Chromsome [1]: (731.666666667)1.97655432256, -57.711175772, 134645.791889, 19.9327979915, 1587.42367079, 
Chromsome [2]: (713.8)5.68858582666, 10.6023325347, 147735.814137, 17.6335532738, 934.771552551, 
Chromsome [3]: (711.333333333)6.83169942395, 0.86738869687, 132988.666178, 18.000046557, 1654.73221069, 
Chromsome [4]: (693.9)9.3754496084, -21.1038077337, 85712.406969, 25.344224883, 1880.89267913, 
<------------ GEN 32--------------->
Chromsome [0]: (823.233333333)-46.3000202695, -46.7271438052, 155887.241711, 0.0119826067241, 2775.21070108, 
Chromsome [1]: (823.233333333)-31.7846392076, -40.3457850851, 155244.697852, 3.93098476067, 1428.08383197, 
Chromsome [2]: (823.233333333)-171.637846117, 68.9309732047, 155244.697852, 24.9910644618, 1714.48718093, 
Chromsome [3]: (766.866666667)5.68858582666, -57.711175772, 130297.358517, 6.36356439624, 2815.63897492, 
Chromsome [4]: (740.2)5.68858582666, 10.6023325347, 85712.406969, 24.2834755292, 1587.42367079, 
<------------ GEN 33--------------->
Chromsome [0]: (796.433333333)-46.3000202695, -46.7271438052, 155887.241711, 0.0119826067241, 2775.21070108, 
Chromsome [1]: (737.8)5.68858582666, -57.711175772, 130297.358517, 6.36356439624, 2815.63897492, 
Chromsome [2]: (729.1)1.66526174523, 10.6023325347, 44545.0946599, 7.85481381156, 2860.1420877, 
Chromsome [3]: (728.1)5.68858582666, 113.191193409, 130297.358517, 67.9539544608, 2804.89964219, 
Chromsome [4]: (702.533333333)6.83169942395, 0.86738869687, 163505.188128, 24.9910644618, 2315.32764914, 
<------------ GEN 34--------------->
Chromsome [0]: (795.866666667)-46.3000202695, -46.7271438052, 155887.241711, 0.0119826067241, 2775.21070108, 
Chromsome [1]: (746.166666667)5.68858582666, 66.8088065909, 130297.358517, -7.95395446082, 2804.89964219, 
Chromsome [2]: (739.066666667)1.66526174523, 10.6023325347, 44545.0946599, 7.27127285342, 1772.06364755, 
Chromsome [3]: (739.066666667)1.66526174523, 10.6023325347, 44545.0946599, 7.85481381156, 2860.1420877, 
Chromsome [4]: (723.166666667)6.83169942395, 0.86738869687, 147735.814137, 3.60823006187, 1448.89934856, 
<------------ GEN 35--------------->
Chromsome [0]: (812.266666667)-46.3000202695, -46.7271438052, 155887.241711, 0.0119826067241, 2775.21070108, 
Chromsome [1]: (775.933333333)5.68858582666, 66.8088065909, 130297.358517, 7.95395446082, 2804.89964219, 
Chromsome [2]: (769.166666667)1.66526174523, 40.3039295283, 121065.868686, 28.5188132678, 4136.84040283, 
Chromsome [3]: (769.166666667)1.66526174523, 41.3385079396, 44545.0946599, 6.54889422941, 2720.48232303, 
Chromsome [4]: (769.166666667)1.66526174523, 10.6023325347, 44545.0946599, 7.85481381156, 2541.84129134, 
<------------ GEN 36--------------->
Chromsome [0]: (801.8)-46.3000202695, -46.7271438052, 155887.241711, 0.0119826067241, 2775.21070108, 
Chromsome [1]: (742.366666667)7.01274787979, 68.9309732047, 127625.602799, 0.0119826067241, 2959.87209879, 
Chromsome [2]: (724.966666667)1.66526174523, 10.6023325347, 44545.0946599, 7.85481381156, 2541.84129134, 
Chromsome [3]: (724.933333333)1.66526174523, 41.3385079396, 66519.7969405, 23.9605810952, 726.638000914, 
Chromsome [4]: (722.5)5.68858582666, 14.5750016309, 44545.0946599, 6.54889422941, 2720.48232303, 
<------------ GEN 37--------------->
Chromsome [0]: (801.133333333)-85.9156035828, 10.6023325347, 107657.905125, 2.58143223889, 2382.87474053, 
Chromsome [1]: (801.133333333)-109.761009517, 8.46903695807, 100923.04738, 15.2626221916, 2471.96996943, 
Chromsome [2]: (801.133333333)-46.3000202695, -46.7271438052, 155887.241711, 0.0119826067241, 2775.21070108, 
Chromsome [3]: (722.1)1.66526174523, -6.59574751667, 44545.0946599, 7.85481381156, 2457.46060759, 
Chromsome [4]: (721.7)1.66526174523, 41.3385079396, 66519.7969405, 23.9605810952, 726.638000914, 
<------------ GEN 38--------------->
Chromsome [0]: (794.666666667)-20.070599196, 35.9532730079, 38455.7862447, 12.2174506727, 1870.23918967, 
Chromsome [1]: (794.666666667)-85.9156035828, 10.6023325347, 107657.905125, 2.58143223889, 2382.87474053, 
Chromsome [2]: (706.133333333)1.66526174523, -6.59574751667, 44545.0946599, 18.1649150026, 2457.46060759, 
Chromsome [3]: (706.133333333)1.66526174523, -6.59574751667, 107657.905125, 2.58143223889, 2382.87474053, 
Chromsome [4]: (705.533333333)5.1441692497, 68.9309732047, 147735.814137, 3.60823006187, 1190.61172269, 
<------------ GEN 39--------------->
Chromsome [0]: (812.066666667)-20.070599196, 35.9532730079, 38455.7862447, 12.2174506727, 1870.23918967, 
Chromsome [1]: (734.6)1.66526174523, 134.07631642, 107657.905125, 11.0624276978, 2541.84129134, 
Chromsome [2]: (733.633333333)1.66526174523, -6.59574751667, 107657.905125, 2.58143223889, 1324.45069693, 
Chromsome [3]: (732.966666667)1.66526174523, 20.5842839337, 66519.7969405, 23.9605810952, 726.638000914, 
Chromsome [4]: (727.0)5.1441692497, 68.9309732047, 117593.716896, 3.60823006187, 1190.61172269, 
<------------ GEN 40--------------->
Chromsome [0]: (799.733333333)-20.070599196, 35.9532730079, 38455.7862447, 12.2174506727, 1870.23918967, 
Chromsome [1]: (731.833333333)5.1441692497, 68.9309732047, 145196.124531, 8.35697774867, 2855.71416795, 
Chromsome [2]: (727.466666667)4.92793444244, 63.8679992328, 136970.555314, 28.6718201437, 596.950631603, 
Chromsome [3]: (698.8)1.66526174523, -6.59574751667, 107657.905125, 2.58143223889, 1324.45069693, 
Chromsome [4]: (698.166666667)1.66526174523, 20.5842839337, 66519.7969405, 23.9605810952, 726.638000914, 
<------------ GEN 41--------------->
Chromsome [0]: (805.166666667)-20.070599196, 35.9532730079, 38455.7862447, 12.2174506727, 1870.23918967, 
Chromsome [1]: (719.466666667)5.1441692497, 68.9309732047, 145196.124531, 8.35697774867, 288.1622183, 
Chromsome [2]: (718.066666667)5.68858582666, -46.7271438052, 155887.241711, 4.55784954425, 2913.69108854, 
Chromsome [3]: (715.166666667)4.92793444244, 63.8679992328, 69467.6975528, 14.8976273792, 2775.21070108, 
Chromsome [4]: (703.566666667)1.17162165163, 35.9532730079, 38455.7862447, 2.58143223889, 1324.45069693, 
<------------ GEN 42--------------->
Chromsome [0]: (791.7)-20.070599196, 35.9532730079, 38455.7862447, 12.2174506727, 1870.23918967, 
Chromsome [1]: (683.266666667)5.68858582666, -46.7271438052, 7676.24783204, 19.0521361749, 1870.23918967, 
Chromsome [2]: (666.633333333)1.17162165163, 35.9532730079, 38455.7862447, 3.60823006187, 620.899212899, 
Chromsome [3]: (660.666666667)6.70582296694, 74.110332672, 69467.6975528, 14.8976273792, 2775.21070108, 
Chromsome [4]: (659.733333333)1.66526174523, -86.8915004919, 46895.2522894, 12.2174506727, 1870.23918967, 
<------------ GEN 43--------------->
Chromsome [0]: (799.433333333)-2.14889839647, 35.9532730079, 38455.7862447, 17.1755938331, 2680.07705278, 
Chromsome [1]: (799.433333333)-20.070599196, 35.9532730079, 38455.7862447, 12.2174506727, 1870.23918967, 
Chromsome [2]: (704.8)1.17162165163, 35.9532730079, 38455.7862447, 12.2174506727, 847.814908727, 
Chromsome [3]: (700.0)1.66526174523, -6.59574751667, 153474.356025, 9.90391399116, 917.206122254, 
Chromsome [4]: (700.0)1.66526174523, -6.59574751667, 107657.905125, 12.2174506727, 2012.32704141, 
<------------ GEN 44--------------->
Chromsome [0]: (795.2)-7.2655657483, -6.59574751667, 107657.905125, 12.2174506727, 2012.32704141, 
Chromsome [1]: (795.2)-2.14889839647, 35.9532730079, 38455.7862447, 17.1755938331, 2680.07705278, 
Chromsome [2]: (676.233333333)5.68858582666, -46.7271438052, 44525.2732907, 14.2507749337, 961.950455653, 
Chromsome [3]: (667.933333333)1.66526174523, -6.59574751667, 106805.83747, 12.2174506727, 1337.68690036, 
Chromsome [4]: (667.933333333)1.66526174523, -6.59574751667, 153474.356025, 9.90391399116, 917.206122254, 
<------------ GEN 45--------------->
Chromsome [0]: (798.133333333)-7.2655657483, -6.59574751667, 107657.905125, 12.2174506727, 2012.32704141, 
Chromsome [1]: (684.8)1.17162165163, -57.108341855, 32462.6416112, 3.1060853689, 2680.07705278, 
Chromsome [2]: (684.633333333)1.66526174523, -6.59574751667, 106805.83747, 12.2174506727, 1337.68690036, 
Chromsome [3]: (683.733333333)1.66526174523, 33.2453020173, 38455.7862447, 12.2174506727, 2321.67162776, 
Chromsome [4]: (678.166666667)2.34889839647, 35.9532730079, 38455.7862447, 17.1755938331, 2680.07705278, 
<------------ GEN 46--------------->
Chromsome [0]: (810.0)-7.2655657483, -6.59574751667, 107657.905125, 12.2174506727, 2012.32704141, 
Chromsome [1]: (720.066666667)1.66526174523, -6.59574751667, 148645.035132, 12.2174506727, 867.716490972, 
Chromsome [2]: (720.033333333)1.17162165163, -57.108341855, 32462.6416112, 3.1060853689, 2680.07705278, 
Chromsome [3]: (719.266666667)1.66526174523, 33.2453020173, 38455.7862447, 42.5899292861, 1181.96193376, 
Chromsome [4]: (719.1)2.34889839647, -6.59574751667, 106805.83747, 12.2174506727, 1337.68690036, 
<------------ GEN 47--------------->
Chromsome [0]: (810.766666667)-7.2655657483, -6.59574751667, 107657.905125, 12.2174506727, 2012.32704141, 
Chromsome [1]: (746.666666667)1.17162165163, -57.108341855, 32462.6416112, 3.1060853689, 2680.07705278, 
Chromsome [2]: (746.6)1.66526174523, -25.8799859784, 161872.686628, 12.2174506727, 867.716490972, 
Chromsome [3]: (746.466666667)1.66526174523, 33.2453020173, 49964.4593466, -43.1649742454, 1390.6071329, 
Chromsome [4]: (746.1)1.66526174523, 33.2453020173, 38455.7862447, -37.4468414386, 1181.96193376, 
<------------ GEN 48--------------->
Chromsome [0]: (805.333333333)-7.2655657483, -6.59574751667, 107657.905125, 12.2174506727, 2012.32704141, 
Chromsome [1]: (740.266666667)1.66526174523, 33.2453020173, 251372.491245, 18.9324758939, 1685.45821658, 
Chromsome [2]: (740.266666667)1.66526174523, 33.2453020173, 38455.7862447, 37.4468414386, 2481.19564316, 
Chromsome [3]: (725.5)2.34889839647, -31.6863964085, 122239.559427, 1.08799974693, 1946.09845836, 
Chromsome [4]: (725.5)2.34889839647, -61.0858339592, 106805.83747, 12.2174506727, 1337.68690036, 
<------------ GEN 49--------------->
Chromsome [0]: (829.833333333)-7.2655657483, -6.59574751667, 107657.905125, 12.2174506727, 2012.32704141, 
Chromsome [1]: (781.966666667)1.66526174523, 158.460530722, 38455.7862447, 12.2174506727, 1071.43688085, 
Chromsome [2]: (780.233333333)2.34889839647, 1.46255666737, 122239.559427, 1.08799974693, 2453.73913427, 
Chromsome [3]: (777.9)1.66526174523, 33.2453020173, 108627.508755, 17.1755938331, 2321.0462898, 
Chromsome [4]: (774.1)2.34889839647, -61.0858339592, 106805.83747, 22.5531585614, 1309.45302821, 
<------------ GEN 50--------------->
Chromsome [0]: (792.6)-71.9266585878, -67.3526416688, 156026.327514, 10.9115574322, 1337.68690036, 
Chromsome [1]: (792.6)-7.2655657483, -6.59574751667, 107657.905125, 12.2174506727, 2012.32704141, 
Chromsome [2]: (727.166666667)7.4655657483, 32.7434568386, 44525.2732907, 26.652660818, 1694.32668802, 
Chromsome [3]: (725.466666667)6.89608670241, -79.9089127609, 77972.2189988, 22.2416679413, 1624.11164603, 
Chromsome [4]: (725.0)2.34889839647, 1.46255666737, 122239.559427, 8.84405431877, 1041.4166367, 
<------------ GEN 51--------------->
Chromsome [0]: (816.233333333)-71.9266585878, -67.3526416688, 156026.327514, 10.9115574322, 1337.68690036, 
Chromsome [1]: (753.666666667)1.66526174523, 21.539469278, 11479.684772, 12.2174506727, 1337.68690036, 
Chromsome [2]: (751.8)2.34889839647, 1.46255666737, 41531.5213316, 8.84405431877, 2035.03183959, 
Chromsome [3]: (750.733333333)1.66526174523, 21.539469278, 38455.7862447, 12.2174506727, 1071.43688085, 
Chromsome [4]: (749.533333333)1.66526174523, 33.2453020173, 38893.8705648, 16.0889794803, 1697.39271429, 
<------------ GEN 52--------------->
Chromsome [0]: (798.933333333)-71.9266585878, -67.3526416688, 156026.327514, 10.9115574322, 1337.68690036, 
Chromsome [1]: (746.433333333)2.34889839647, 1.46255666737, 41531.5213316, 8.84405431877, 2035.03183959, 
Chromsome [2]: (745.433333333)1.66526174523, 21.539469278, 120610.297665, 19.2716640507, 1426.75310945, 
Chromsome [3]: (745.433333333)1.66526174523, 21.539469278, 11479.684772, 12.2174506727, 1337.68690036, 
Chromsome [4]: (745.433333333)1.66526174523, 33.2453020173, 38893.8705648, 16.0889794803, 1337.68690036, 
<------------ GEN 53--------------->
Chromsome [0]: (787.166666667)-14.0470150896, -79.9089127609, 106883.755819, 62.3124877648, 530.794218991, 
Chromsome [1]: (787.166666667)-71.9266585878, -67.3526416688, 156026.327514, 10.9115574322, 1337.68690036, 
Chromsome [2]: (721.266666667)1.66526174523, 21.539469278, 11479.684772, 12.2174506727, 2798.73236542, 
Chromsome [3]: (721.233333333)1.66526174523, 33.2453020173, 38455.7862447, 12.2174506727, 1071.43688085, 
Chromsome [4]: (721.233333333)1.66526174523, 33.2453020173, 38893.8705648, 16.0889794803, 1337.68690036, 
<------------ GEN 54--------------->
Chromsome [0]: (803.7)-14.0470150896, -79.9089127609, 106883.755819, 62.3124877648, 530.794218991, 
Chromsome [1]: (731.533333333)1.66526174523, 33.2453020173, 38455.7862447, 12.2174506727, 1071.43688085, 
Chromsome [2]: (731.533333333)1.66526174523, 21.539469278, 11479.684772, 12.2174506727, 2798.73236542, 
Chromsome [3]: (731.266666667)1.66526174523, 17.0627603965, 120610.297665, 0.390821318182, 1633.97339742, 
Chromsome [4]: (730.166666667)2.34889839647, 21.5661532465, 535169.251414, 8.84405431877, 1089.67554551, 
<------------ GEN 55--------------->
Chromsome [0]: (815.9)-14.0470150896, -79.9089127609, 106883.755819, 62.3124877648, 530.794218991, 
Chromsome [1]: (776.633333333)2.34889839647, 21.5661532465, -175169.251414, 8.84405431877, 526.460149694, 
Chromsome [2]: (776.633333333)2.34889839647, 1.37701159003, -175169.251414, 25.5113058571, 2101.9835661, 
Chromsome [3]: (756.433333333)1.66526174523, 8.46903695807, 114911.16372, 23.2871535422, 1098.84032835, 
Chromsome [4]: (753.8)2.34889839647, 74.110332672, 19296.1128396, 0.390821318182, 1633.97339742, 
<------------ GEN 56--------------->
Chromsome [0]: (806.166666667)-14.0470150896, -79.9089127609, 106883.755819, 62.3124877648, 530.794218991, 
Chromsome [1]: (765.633333333)0.169607159302, -6.59574751667, 159737.241573, 13.6967035978, 925.894268876, 
Chromsome [2]: (740.333333333)2.34889839647, -86.1838139141, 175169.251414, 2.55959542469, 2314.17099522, 
Chromsome [3]: (737.833333333)5.23566810359, 74.110332672, 106883.755819, 2.31248776478, 4788.66214202, 
Chromsome [4]: (706.1)7.4655657483, -26.6691613426, 114911.16372, 23.2871535422, 1098.84032835, 
<------------ GEN 57--------------->
Chromsome [0]: (837.7)-14.0470150896, -79.9089127609, 106883.755819, 62.3124877648, 530.794218991, 
Chromsome [1]: (804.666666667)2.20813763042, -20.8164104138, 22462.7331756, 2.31248776478, 2610.62224095, 
Chromsome [2]: (792.966666667)2.34889839647, -86.1838139141, 175169.251414, 19.9630258904, 2594.64846289, 
Chromsome [3]: (784.6)5.23566810359, -62.2017416381, 106883.755819, 21.9825927877, 1500.73608245, 
Chromsome [4]: (784.6)5.23566810359, 74.110332672, 106883.755819, 2.31248776478, 1444.24059442, 
<------------ GEN 58--------------->
Chromsome [0]: (829.733333333)-14.0470150896, -79.9089127609, 106883.755819, 62.3124877648, 530.794218991, 
Chromsome [1]: (761.433333333)5.23566810359, -62.2017416381, 107657.905125, 6.1587871991, 1028.2041601, 
Chromsome [2]: (761.433333333)5.23566810359, -62.2017416381, 106883.755819, 21.9825927877, 749.987114598, 
Chromsome [3]: (761.433333333)5.23566810359, 74.110332672, 106883.755819, 2.31248776478, 616.057998382, 
Chromsome [4]: (680.033333333)19.9287499143, 21.539469278, 241074.077822, 8.84405431877, 526.460149694, 
<------------ GEN 59--------------->
Chromsome [0]: (825.266666667)-14.0470150896, -79.9089127609, 106883.755819, 62.3124877648, 530.794218991, 
Chromsome [1]: (749.333333333)5.23566810359, -78.6756649911, 106883.755819, 21.9825927877, 749.987114598, 
Chromsome [2]: (749.333333333)5.23566810359, 50.0308634521, 110665.217856, 2.55959542469, -1575.66219064, 
Chromsome [3]: (749.333333333)5.23566810359, -79.9089127609, 110078.334869, 2.31248776478, 2045.59717838, 
Chromsome [4]: (669.833333333)7.4655657483, 26.7733547172, 2258.88136036, 28.9549730939, 1337.68690036, 
<------------ GEN 60--------------->
Chromsome [0]: (812.866666667)-27.8331780996, 26.7733547172, 2258.88136036, 28.9549730939, 5725.31953301, 
Chromsome [1]: (812.866666667)-14.0470150896, -79.9089127609, 106883.755819, 62.3124877648, 530.794218991, 
Chromsome [2]: (720.233333333)5.23566810359, -79.9089127609, 110078.334869, 23.8279590855, 2616.73430273, 
Chromsome [3]: (720.233333333)5.23566810359, -79.9089127609, 106883.755819, -2.31248776478, 1356.87515468, 
Chromsome [4]: (720.233333333)5.23566810359, -78.6756649911, 106883.755819, 21.9825927877, 2955.64829813, 
<------------ GEN 61--------------->
Chromsome [0]: (829.8)-27.8331780996, 26.7733547172, 2258.88136036, 28.9549730939, 5725.31953301, 
Chromsome [1]: (712.633333333)5.23566810359, 58.0888847463, -73300.8714335, 24.5091688356, 963.209891009, 
Chromsome [2]: (709.433333333)5.23566810359, 26.7733547172, 2258.88136036, 28.9549730939, 274.680466991, 
Chromsome [3]: (708.9)5.23566810359, 83.846786024, 115330.236929, 4.31240008501, 2934.64181931, 
Chromsome [4]: (584.166666667)22.599062782, -20.8164104138, 42368.7358983, 2.31248776478, 530.794218991, 
<------------ GEN 62--------------->
Chromsome [0]: (835.6)-8.16168468592, 57.4139534695, 36098.3550125, 16.472295187, 2231.3198069, 
Chromsome [1]: (835.6)-67.0544390209, -20.8164104138, 42368.7358983, 2.31248776478, 530.794218991, 
Chromsome [2]: (835.6)-27.8331780996, 26.7733547172, 2258.88136036, 28.9549730939, 5725.31953301, 
Chromsome [3]: (719.266666667)5.23566810359, 83.846786024, 166305.648441, 6.99224965228, 963.209891009, 
Chromsome [4]: (719.266666667)5.23566810359, 58.0888847463, 86011.9496948, 4.31240008501, 2934.64181931, 
<------------ GEN 63--------------->
Chromsome [0]: (856.733333333)-8.16168468592, 57.4139534695, 36098.3550125, 16.472295187, 2231.3198069, 
Chromsome [1]: (751.2)2.75785567928, 80.3702971934, 128179.982615, 18.1642713872, 2757.78393779, 
Chromsome [2]: (736.533333333)5.23566810359, 83.846786024, 67514.6861735, 9.2983715398, 963.209891009, 
Chromsome [3]: (736.533333333)5.23566810359, 58.0888847463, 86011.9496948, 21.9825927877, 977.892925769, 
Chromsome [4]: (736.533333333)5.23566810359, 83.846786024, 166305.648441, 6.12613276462, 963.209891009, 
<------------ GEN 64--------------->
Chromsome [0]: (862.066666667)-5.92503545749, 3.23029957454, 115545.174629, 6.1587871991, 2231.3198069, 
Chromsome [1]: (862.066666667)-8.16168468592, 57.4139534695, 36098.3550125, 16.472295187, 2231.3198069, 
Chromsome [2]: (801.966666667)2.75785567928, 80.3702971934, 947.429132398, 2.31248776478, 530.794218991, 
Chromsome [3]: (738.466666667)5.23566810359, 83.846786024, -114391.699618, 26.8860259265, 963.209891009, 
Chromsome [4]: (735.766666667)5.23566810359, -43.9369431881, 26972.1116638, 10.698608012, 1011.02764429, 
<------------ GEN 65--------------->
Chromsome [0]: (844.233333333)-166.63140546, -11.8813617696, 117867.716104, 42.7470735315, 1534.50920392, 
Chromsome [1]: (844.233333333)-5.92503545749, 3.23029957454, 115545.174629, 6.1587871991, 2231.3198069, 
Chromsome [2]: (786.533333333)3.67047749843, 83.846786024, 114391.699618, 26.8860259265, 2246.40262859, 
Chromsome [3]: (785.5)2.75785567928, 80.3702971934, 947.429132398, 2.31248776478, 530.794218991, 
Chromsome [4]: (723.266666667)5.23566810359, -43.9369431881, 26972.1116638, 10.698608012, 1011.02764429, 
<------------ GEN 66--------------->
Chromsome [0]: (817.966666667)-166.63140546, -11.8813617696, 117867.716104, 42.7470735315, 1534.50920392, 
Chromsome [1]: (773.8)3.67047749843, 83.846786024, 9707.39913672, 26.8860259265, 2246.40262859, 
Chromsome [2]: (772.6)2.75785567928, 80.3702971934, 947.429132398, 28.9549730939, 614.872027784, 
Chromsome [3]: (738.4)2.75785567928, 80.3702971934, 42368.7358983, 2.31248776478, 963.209891009, 
Chromsome [4]: (719.733333333)5.23566810359, 83.846786024, 22645.8814565, 18.1642713872, 1356.87515468, 
<------------ GEN 67--------------->
Chromsome [0]: (808.133333333)-5.3586854413, -61.8037837185, 117867.716104, 19.9959683167, 1999.4279698, 
Chromsome [1]: (808.133333333)-166.63140546, -11.8813617696, 117867.716104, 42.7470735315, 1534.50920392, 
Chromsome [2]: (762.6)3.67047749843, 83.846786024, 9707.39913672, 20.3084875248, 2246.40262859, 
Chromsome [3]: (726.9)2.75785567928, 27.1802250429, 92536.3071598, 2.31248776478, 963.209891009, 
Chromsome [4]: (691.5)5.23566810359, 86.6492526157, 947.429132398, 12.2015138023, 530.794218991, 
<------------ GEN 68--------------->
Chromsome [0]: (835.9)-5.3586854413, -61.8037837185, 117867.716104, 19.9959683167, 1999.4279698, 
Chromsome [1]: (756.666666667)2.75785567928, 27.1802250429, 209647.201663, 2.31248776478, 963.209891009, 
Chromsome [2]: (683.7)5.23566810359, 86.6492526157, 947.429132398, 21.3584464262, 530.794218991, 
Chromsome [3]: (672.733333333)5.5586854413, -61.8037837185, 117867.716104, 24.7782494319, 1656.38404152, 
Chromsome [4]: (664.8)5.23566810359, 47.0553251646, 33953.1028468, 28.6717188791, 2394.17016558, 
<------------ GEN 69--------------->
Chromsome [0]: (816.133333333)-43.9747064285, -25.0415783724, 163531.870194, 17.2529264685, 1534.50920392, 
Chromsome [1]: (816.133333333)-5.3586854413, -61.8037837185, 117867.716104, 19.9959683167, 1999.4279698, 
Chromsome [2]: (715.433333333)5.23566810359, 86.6492526157, 947.429132398, 21.3584464262, 1365.66695164, 
Chromsome [3]: (688.2)5.5586854413, -61.8037837185, 117867.716104, 24.7782494319, 1656.38404152, 
Chromsome [4]: (688.2)5.5586854413, -61.8037837185, 117867.716104, 17.2529264685, 1534.50920392, 
<------------ GEN 70--------------->
Chromsome [0]: (843.0)-43.9747064285, -25.0415783724, 163531.870194, 17.2529264685, 1534.50920392, 
Chromsome [1]: (715.033333333)5.23566810359, 50.9770863163, 947.429132398, 21.3584464262, 2856.34786942, 
Chromsome [2]: (684.466666667)5.5586854413, -61.8037837185, 117867.716104, 19.9959683167, 1999.4279698, 
Chromsome [3]: (684.466666667)5.5586854413, -61.8037837185, 117867.716104, 17.2529264685, 1365.66695164, 
Chromsome [4]: (680.6)5.5586854413, -61.8037837185, -216230.377207, 24.7782494319, 2005.69591713, 
<------------ GEN 71--------------->
Chromsome [0]: (841.733333333)-43.9747064285, -25.0415783724, 163531.870194, 17.2529264685, 1534.50920392, 
Chromsome [1]: (718.0)5.23566810359, 50.9770863163, 947.429132398, -4.22050475304, 1003.45518247, 
Chromsome [2]: (668.766666667)5.5586854413, -61.8037837185, 216230.377207, 24.7782494319, 2005.69591713, 
Chromsome [3]: (659.233333333)6.12503545749, 68.4856715757, 34086.6646778, 11.6723741148, 2986.9944141, 
Chromsome [4]: (650.366666667)5.5586854413, 187.783308202, 92536.3071598, 4.31240008501, 1246.54409735, 
<------------ GEN 72--------------->
Chromsome [0]: (836.433333333)-37.9536913957, -10.1750830633, 150352.798337, 24.7782494319, 2005.69591713, 
Chromsome [1]: (836.433333333)-43.9747064285, -25.0415783724, 163531.870194, 17.2529264685, 1534.50920392, 
Chromsome [2]: (784.833333333)3.63689236373, -11.8813617696, 124874.516164, 17.2529264685, 1293.94178465, 
Chromsome [3]: (734.0)5.23566810359, 50.9770863163, 947.429132398, 4.22050475304, 1003.45518247, 
Chromsome [4]: (708.233333333)5.5586854413, -61.8037837185, 143769.622793, 28.6717188791, 2394.17016558, 
<------------ GEN 73--------------->
Chromsome [0]: (820.433333333)-37.9536913957, -10.1750830633, 150352.798337, 24.7782494319, 2005.69591713, 
Chromsome [1]: (712.233333333)5.23566810359, -36.9565844197, 947.429132398, 4.22050475304, 564.261661447, 
Chromsome [2]: (704.833333333)5.5586854413, 74.3019744806, 67841.5781492, 10.277560164, 3471.67686679, 
Chromsome [3]: (698.1)6.12503545749, -59.4865731609, 140432.428527, 11.8094963484, 963.209891009, 
Chromsome [4]: (673.466666667)9.74741090336, 20.1430434965, 117642.999057, 28.3902467814, 2905.66443147, 
<------------ GEN 74--------------->
Chromsome [0]: (817.433333333)-37.9536913957, -10.1750830633, 150352.798337, 24.7782494319, 2005.69591713, 
Chromsome [1]: (727.766666667)5.23566810359, 35.0181351654, 32897.6159381, 10.819325038, 2186.52404209, 
Chromsome [2]: (726.833333333)5.23566810359, -36.9565844197, 947.429132398, 4.22050475304, 2905.66443147, 
Chromsome [3]: (723.2)5.5586854413, 74.3019744806, 67841.5781492, 10.277560164, 2443.0618262, 
Chromsome [4]: (718.5)6.12503545749, -59.4865731609, 140432.428527, 11.8094963484, 963.209891009, 
<------------ GEN 75--------------->
Chromsome [0]: (828.433333333)-37.9536913957, -10.1750830633, 150352.798337, 24.7782494319, 2005.69591713, 
Chromsome [1]: (735.2)5.23566810359, 83.846786024, 117867.716104, 17.2529264685, 646.223560007, 
Chromsome [2]: (734.666666667)5.5586854413, -38.8976425474, 33953.1028468, 24.3029534102, 1715.99985114, 
Chromsome [3]: (734.6)5.5586854413, 71.3958593197, 67841.5781492, 26.3607186882, 2443.0618262, 
Chromsome [4]: (732.2)5.23566810359, 35.0181351654, 32897.6159381, 5.83634906551, 1534.50920392, 
<------------ GEN 76--------------->
Chromsome [0]: (832.6)-37.9536913957, -10.1750830633, 150352.798337, 24.7782494319, 2005.69591713, 
Chromsome [1]: (765.066666667)1.43539252203, -10.1750830633, 150352.798337, 24.7782494319, 2005.69591713, 
Chromsome [2]: (726.6)5.23566810359, 83.846786024, 143763.779544, 3.80409371736, 2461.94549967, 
Chromsome [3]: (725.933333333)5.5586854413, -38.8976425474, 33953.1028468, 24.3029534102, 1715.99985114, 
Chromsome [4]: (724.166666667)5.5586854413, -35.9499062436, 98249.7688125, 11.2376264172, 2832.46759873, 
<------------ GEN 77--------------->
Chromsome [0]: (809.4)-37.9536913957, -10.1750830633, 150352.798337, 24.7782494319, 2005.69591713, 
Chromsome [1]: (752.9)1.43539252203, -63.1209119636, -115046.163493, 24.7782494319, 2733.28004859, 
Chromsome [2]: (681.366666667)5.23566810359, -86.2740539669, 32897.6159381, 5.83634906551, 2189.54564343, 
Chromsome [3]: (677.966666667)5.5586854413, -38.8976425474, 33953.1028468, 6.40160602998, 1715.99985114, 
Chromsome [4]: (674.766666667)5.23566810359, 84.0309037349, 48738.8772552, 24.7782494319, 2005.69591713, 
<------------ GEN 78--------------->
Chromsome [0]: (821.4)-8.28259037947, -86.2740539669, 32897.6159381, 5.83634906551, 2189.54564343, 
Chromsome [1]: (821.4)-37.9536913957, -10.1750830633, 150352.798337, 24.7782494319, 2005.69591713, 
Chromsome [2]: (728.5)1.43539252203, -86.4050940515, 82591.4792251, 24.7782494319, 2733.28004859, 
Chromsome [3]: (695.3)5.5586854413, -38.8976425474, 33953.1028468, 6.40160602998, 1405.69731138, 
Chromsome [4]: (691.166666667)5.23566810359, 87.109321765, 127135.172473, 1.92526558089, 2739.75240883, 
<------------ GEN 79--------------->
Chromsome [0]: (825.966666667)-8.28259037947, -86.2740539669, 32897.6159381, 5.83634906551, 2189.54564343, 
Chromsome [1]: (721.833333333)1.43539252203, 38.2187754574, 84074.182327, 24.7782494319, 2733.28004859, 
Chromsome [2]: (711.833333333)1.43539252203, -86.4050940515, 82591.4792251, 24.7782494319, 2733.28004859, 
Chromsome [3]: (667.5)5.5586854413, -88.266681667, 115064.478644, 5.54478629263, 2005.69591713, 
Chromsome [4]: (667.266666667)5.23566810359, 87.109321765, 127135.172473, 1.92526558089, 2836.56186044, 
<------------ GEN 80--------------->
Chromsome [0]: (814.3)-8.28259037947, -86.2740539669, 32897.6159381, 5.83634906551, 2189.54564343, 
Chromsome [1]: (738.233333333)1.43539252203, -86.4050940515, -163103.157987, 27.0137088717, 1142.33951872, 
Chromsome [2]: (695.633333333)1.43539252203, 38.2187754574, 84074.182327, 24.7782494319, 5055.04738493, 
Chromsome [3]: (649.766666667)5.23566810359, -147.060069698, 127135.172473, 3.5461262268, 2189.54564343, 
Chromsome [4]: (649.533333333)5.5586854413, -88.266681667, 115064.478644, 9.32309502514, 2005.69591713, 
<------------ GEN 81--------------->
Chromsome [0]: (822.433333333)-8.28259037947, -86.2740539669, 32897.6159381, 5.83634906551, 2189.54564343, 
Chromsome [1]: (714.333333333)1.43539252203, -29.1091026541, 138434.494623, 14.0273631426, 2189.54564343, 
Chromsome [2]: (711.066666667)1.43539252203, 53.7841589104, 135157.333301, 24.7782494319, 2796.55009518, 
Chromsome [3]: (648.0)5.5586854413, -88.5947297476, 115064.478644, 28.0467367068, 1619.96272135, 
Chromsome [4]: (643.166666667)5.23566810359, 84.0309037349, 81891.6681057, 27.0625256573, 1331.50907523, 
<------------ GEN 82--------------->
Chromsome [0]: (843.533333333)-8.28259037947, -86.2740539669, 32897.6159381, 5.83634906551, 2189.54564343, 
Chromsome [1]: (762.133333333)1.43539252203, -29.1091026541, 138434.494623, 14.0273631426, 2189.54564343, 
Chromsome [2]: (753.866666667)1.43539252203, 53.7841589104, 135157.333301, 24.7782494319, 2796.55009518, 
Chromsome [3]: (676.7)5.5586854413, 273.656412085, 62331.2111579, 20.3298011907, 2733.28004859, 
Chromsome [4]: (675.3)5.23566810359, 84.0309037349, 81891.6681057, 5.83634906551, 803.429488351, 
<------------ GEN 83--------------->
Chromsome [0]: (812.933333333)-77.2699160265, -44.8716910075, 32895.9391614, 27.0137088717, 1010.66376101, 
Chromsome [1]: (812.933333333)-8.28259037947, -86.2740539669, 32897.6159381, 5.83634906551, 2189.54564343, 
Chromsome [2]: (731.066666667)1.43539252203, -29.1091026541, 138434.494623, 14.0273631426, 1176.15444713, 
Chromsome [3]: (725.9)1.43539252203, 53.7841589104, 91451.955488, 5.83634906551, 803.429488351, 
Chromsome [4]: (723.566666667)1.43539252203, 34.9887743413, 135157.333301, 24.7782494319, 2189.54564343, 
<------------ GEN 84--------------->
Chromsome [0]: (830.266666667)-77.2699160265, -44.8716910075, 32895.9391614, 27.0137088717, 1010.66376101, 
Chromsome [1]: (783.066666667)1.43539252203, 23.5997600764, -2599.13326721, 14.0273631426, 1176.15444713, 
Chromsome [2]: (759.066666667)1.43539252203, 75.7986217253, 135157.333301, 37.4783382017, 1959.79537942, 
Chromsome [3]: (758.966666667)1.43539252203, 53.7841589104, 91451.955488, 27.0137088717, 1010.66376101, 
Chromsome [4]: (754.566666667)1.43539252203, -22.4236353459, 179927.536767, 24.7782494319, 2796.55009518, 
<------------ GEN 85--------------->
Chromsome [0]: (823.533333333)-77.2699160265, -44.8716910075, 32895.9391614, 27.0137088717, 1010.66376101, 
Chromsome [1]: (744.766666667)1.43539252203, 23.5997600764, 2599.13326721, 14.0273631426, 1176.15444713, 
Chromsome [2]: (742.766666667)1.43539252203, 61.3117549265, 34129.8939928, 3.86409864656, 2069.91423356, 
Chromsome [3]: (739.333333333)1.43539252203, 75.7986217253, 135157.333301, 22.5216617983, 1959.79537942, 
Chromsome [4]: (731.066666667)1.43539252203, -0.295757612943, 91451.955488, 27.0137088717, 1010.66376101, 
<------------ GEN 86--------------->
Chromsome [0]: (826.533333333)-52.1719620072, 50.628186898, 29933.0780464, 3.84506345653, 559.284997035, 
Chromsome [1]: (826.533333333)-77.2699160265, -44.8716910075, 32895.9391614, 27.0137088717, 1010.66376101, 
Chromsome [2]: (776.9)1.43539252203, 61.3117549265, 34129.8939928, 3.86409864656, 935.330444965, 
Chromsome [3]: (767.366666667)1.43539252203, 75.7986217253, 135157.333301, 22.5216617983, 1959.79537942, 
Chromsome [4]: (762.566666667)1.43539252203, -44.8716910075, 32895.9391614, 27.0137088717, 1010.66376101, 
<------------ GEN 87--------------->
Chromsome [0]: (830.733333333)-29.5986989875, 37.02527186, 68200.2705505, 9.32309502514, 649.196543686, 
Chromsome [1]: (830.733333333)-52.1719620072, 50.628186898, 29933.0780464, 3.84506345653, 559.284997035, 
Chromsome [2]: (797.566666667)1.43539252203, -178.824696699, 34129.8939928, 3.86409864656, 1782.63390294, 
Chromsome [3]: (795.9)1.43539252203, -22.4236353459, -141080.94573, 16.5560699933, 2954.75973905, 
Chromsome [4]: (782.633333333)1.43539252203, 75.7986217253, 135157.333301, 5.21065745578, 2315.27936061, 
<------------ GEN 88--------------->
Chromsome [0]: (834.766666667)-29.5986989875, 37.02527186, 68200.2705505, 9.32309502514, 649.196543686, 
Chromsome [1]: (811.7)1.43539252203, 75.7986217253, 135157.333301, 5.21065745578, 2315.27936061, 
Chromsome [2]: (807.3)1.43539252203, -1.17530330089, 34129.8939928, 3.86409864656, 2232.21921782, 
Chromsome [3]: (803.133333333)1.43539252203, -44.8716910075, 32895.9391614, 27.0137088717, 1010.66376101, 
Chromsome [4]: (800.0)1.43539252203, -22.4236353459, 141080.94573, 16.5560699933, 2954.75973905, 
<------------ GEN 89--------------->
Chromsome [0]: (829.4)-29.5986989875, 37.02527186, 68200.2705505, 9.32309502514, 649.196543686, 
Chromsome [1]: (795.0)1.43539252203, -1.17530330089, 34129.8939928, 3.86409864656, 2232.21921782, 
Chromsome [2]: (785.633333333)1.43539252203, -1.17530330089, 58831.4084759, 22.1740491737, 935.330444965, 
Chromsome [3]: (785.533333333)1.43539252203, 75.7986217253, 135157.333301, 5.21065745578, 2315.27936061, 
Chromsome [4]: (785.066666667)1.43539252203, 27.9382267481, 40530.8422848, 16.8091669704, 1176.15444713, 
<------------ GEN 90--------------->
Chromsome [0]: (862.833333333)-29.5986989875, 37.02527186, 68200.2705505, 9.32309502514, 649.196543686, 
Chromsome [1]: (838.9)1.89837798412, 70.8420589335, 34129.8939928, 3.86409864656, 1666.71930779, 
Chromsome [2]: (832.566666667)1.43539252203, 78.1322267447, 141080.94573, 16.5560699933, 2954.75973905, 
Chromsome [3]: (832.566666667)1.43539252203, 79.7525705814, 58831.4084759, 3.84506345653, 601.570576548, 
Chromsome [4]: (828.533333333)1.43539252203, -1.17530330089, 34129.8939928, 15.6046217352, 2961.17449388, 
<------------ GEN 91--------------->
Chromsome [0]: (867.5)-29.5986989875, 37.02527186, 68200.2705505, 9.32309502514, 649.196543686, 
Chromsome [1]: (831.7)1.89837798412, 70.8420589335, 34129.8939928, 3.86409864656, 1666.71930779, 
Chromsome [2]: (826.9)1.43539252203, -22.4236353459, 62305.972284, 15.0090268325, 2954.75973905, 
Chromsome [3]: (826.533333333)1.43539252203, -1.17530330089, 68200.2705505, 21.188704129, 649.196543686, 
Chromsome [4]: (826.466666667)1.43539252203, -1.17530330089, 177900.635131, 3.84506345653, 601.570576548, 
<------------ GEN 92--------------->
Chromsome [0]: (843.1)-76.6852810225, 79.7525705814, 134265.63283, 9.32309502514, 713.554366879, 
Chromsome [1]: (843.1)-29.5986989875, 37.02527186, 68200.2705505, 9.32309502514, 649.196543686, 
Chromsome [2]: (795.866666667)2.44823731685, -22.4236353459, 2599.13326721, 26.6999946113, 1959.79537942, 
Chromsome [3]: (795.766666667)1.43539252203, 24.7960053527, 31329.3075145, 3.22872448003, 2431.90779328, 
Chromsome [4]: (795.533333333)1.89837798412, 16.750481253, 34129.8939928, 3.86409864656, 1666.71930779, 
<------------ GEN 93--------------->
Chromsome [0]: (811.833333333)-18.5715190284, -36.187730963, 141080.94573, 16.0728387679, 2351.79374777, 
Chromsome [1]: (811.833333333)-48.2448647819, 85.2733440069, 394605.644711, 6.95643056888, 601.468453537, 
Chromsome [2]: (811.833333333)-76.6852810225, 79.7525705814, 134265.63283, 9.32309502514, 713.554366879, 
Chromsome [3]: (780.933333333)1.43539252203, -211.472607583, 67934.4995125, 13.7639947859, 1672.67465549, 
Chromsome [4]: (776.9)1.43539252203, 218.301769248, 62305.972284, 15.0090268325, 1770.14952812, 
<------------ GEN 94--------------->
Chromsome [0]: (810.366666667)-18.5715190284, -36.187730963, 141080.94573, 16.0728387679, 2351.79374777, 
Chromsome [1]: (802.7)2.44823731685, 73.7460288762, 5605.29438637, 0.564174919597, 2085.96741453, 
Chromsome [2]: (793.9)1.89837798412, 208.645697893, 34129.8939928, 3.86409864656, 1666.71930779, 
Chromsome [3]: (792.633333333)1.43539252203, -123.125921137, 68200.2705505, 22.402223051, 649.196543686, 
Chromsome [4]: (786.0)1.43539252203, 24.7960053527, 41518.0482614, -17.8601851285, 1959.79537942, 
<------------ GEN 95--------------->
Chromsome [0]: (796.833333333)-30.3389283196, 79.7525705814, 134265.63283, 24.1421049694, 2749.24293782, 
Chromsome [1]: (796.833333333)-18.5715190284, -36.187730963, 141080.94573, 16.0728387679, 2351.79374777, 
Chromsome [2]: (771.433333333)1.43539252203, 24.7960053527, 5605.29438637, 11.3140527474, 2085.96741453, 
Chromsome [3]: (770.166666667)1.89837798412, -28.645697893, 34129.8939928, 0.948109434228, 886.748742192, 
Chromsome [4]: (768.966666667)1.43539252203, -51.9366599652, 16127.5368647, 3.84506345653, 601.570576548, 
<------------ GEN 96--------------->
Chromsome [0]: (801.6)-126.334151075, 16.9398503504, 78831.3669813, 16.0728387679, 890.848178079, 
Chromsome [1]: (801.6)-30.3389283196, 79.7525705814, 134265.63283, 24.1421049694, 2749.24293782, 
Chromsome [2]: (778.3)1.43539252203, 127.175975385, 16127.5368647, 3.84506345653, 1396.25366039, 
Chromsome [3]: (775.7)1.43539252203, -32.7923194322, 5605.29438637, 11.3140527474, 2085.96741453, 
Chromsome [4]: (775.1)1.43539252203, 79.7525705814, 119306.875341, 7.09933240584, 501.159580393, 
<------------ GEN 97--------------->
Chromsome [0]: (827.0)-129.185509652, 79.7525705814, 73002.6033936, 13.7639947859, 2151.22055186, 
Chromsome [1]: (827.0)-126.334151075, 16.9398503504, 78831.3669813, 16.0728387679, 890.848178079, 
Chromsome [2]: (823.1)1.43539252203, 31.4726075828, -149673.832055, -11.537997439, 2351.79374777, 
Chromsome [3]: (790.3)2.44823731685, 167.267741402, 133349.717962, 20.0542269157, 2290.84996223, 
Chromsome [4]: (782.7)1.43539252203, -86.319404954, 19298.0881244, 24.7820471368, 1451.93074756, 
<------------ GEN 98--------------->
Chromsome [0]: (840.266666667)-129.185509652, 79.7525705814, 73002.6033936, 13.7639947859, 2151.22055186, 
Chromsome [1]: (810.266666667)1.43539252203, -23.9438303668, 5605.29438637, 11.3140527474, 1754.77880823, 
Chromsome [2]: (807.433333333)1.43539252203, 31.4726075828, 19298.0881244, 29.5923379668, 1451.93074756, 
Chromsome [3]: (806.366666667)1.43539252203, 31.4726075828, 24685.462269, 15.8783993706, 713.554366879, 
Chromsome [4]: (803.933333333)2.44823731685, 67.6414385587, 16856.0547026, 26.6999946113, 884.154524554, 
<------------ GEN 99--------------->
Chromsome [0]: (848.5)-13.4911364778, 79.2111127694, 16856.0547026, 26.6999946113, 884.154524554, 
Chromsome [1]: (848.5)-129.185509652, 79.7525705814, 73002.6033936, 13.7639947859, 2151.22055186, 
Chromsome [2]: (817.733333333)1.43539252203, 83.6571343052, 158121.461005, 13.7639947859, 1175.01101278, 
Chromsome [3]: (815.466666667)1.43539252203, 31.4726075828, 24685.462269, 8.2648955471, 2213.4772599, 
Chromsome [4]: (812.266666667)1.43539252203, 31.4726075828, 19298.0881244, 29.5923379668, 1451.93074756, 
<------------ GEN 100--------------->
Chromsome [0]: (823.233333333)-13.4911364778, 79.2111127694, 16856.0547026, 26.6999946113, 884.154524554, 
Chromsome [1]: (793.0)1.5369144009, 83.6571343052, 156782.153035, 21.2065347585, 1175.01101278, 
Chromsome [2]: (791.1)4.78825317316, 59.486098516, 93741.1884093, 15.8783993706, 713.554366879, 
Chromsome [3]: (790.466666667)1.43539252203, 31.4726075828, 19298.0881244, 29.5923379668, 1451.93074756, 
Chromsome [4]: (787.833333333)2.44823731685, -164.1463202, 78831.3669813, 13.5282101465, 890.848178079, 
